#    8.103   0.041   1.367 ;Mean Elev.(m), Avg Gradient(m/km), RMS Gradient(m/km) - SRTM1     
#   -1.723   0.050   5.484 ;Mean Elev.(m), Avg Gradient(m/km), RMS Gradient(m/km) - ASTER GDEM
#    8.271   0.062   1.466 ;Mean Elev.(m), Avg Gradient(m/km), RMS Gradient(m/km) - GMTED2010 
   1 299.343909 -31.861876    10.966    10.891  7 54663.43977150 25.551
   2 299.343379 -31.860518    10.981    10.970 17 54673.35541620 31.460
   3 299.343530 -31.860262    11.156    10.833 17 54683.27105917 26.431
   4 299.341340 -31.868281    10.724    10.704 11 54693.18669904 30.874
   5 299.342473 -31.872067    11.840    11.568  9 54703.10233761 37.620
   6 299.341848 -31.870268    11.302    11.302  9 54713.01798698 24.208
   7 299.342971 -31.861231    11.083    11.029 17 54722.93363963 38.725
   8 299.339724 -31.858122    10.764    10.736 18 54732.84928861 31.826
   9 299.341500 -31.849082    10.695    10.687 13 54742.76493797 34.288
  10 299.341022 -31.848661    10.969    10.908 13 54752.68058522 26.792
  11 299.341534 -31.848493    11.508    11.453 13 54762.59623218 51.656
  12 299.341169 -31.849625    11.658    11.661 13 54772.51187625 40.132
  13 299.341334 -31.849682    11.544    11.575 13 54782.42751754 32.841
  14 299.340389 -31.853458    11.571    11.676 17 54792.34315535 30.469
  15 299.341077 -31.857421    11.304    11.304 18 54802.25879200 25.988
  16 299.343175 -31.859804    11.201    11.105 17 54812.17442893 25.429
  17 299.341970 -31.864945    10.678    10.594 14 54822.09006985 24.766
  18 299.342147 -31.859972    10.556    10.654 17 54832.00571144 26.007
  19 299.340163 -31.857872     9.980    10.009 19 54841.92136222 33.538
  20 299.341870 -31.850019    10.358    10.243 13 54851.83701337 34.343
  21 299.341050 -31.849410    10.348    10.353 13 54861.75266265 21.829
  22 299.341600 -31.847535    10.603    10.508 13 54871.66831225 52.489
  23 299.341427 -31.847128    10.941    10.946 12 54881.58395972 41.322
  24 299.340682 -31.847018    10.873    10.963 12 54891.49960355 22.431
  25 299.340793 -31.843574    11.324    11.359 11 54901.41524496 40.141
  26 299.340937 -31.842101    11.192    11.110 10 54911.33088394 51.010
  27 299.340855 -31.844858    10.327    10.239 11 54921.24652073 28.983
  28 299.341408 -31.850265    11.100    11.096 14 54931.16215645 42.189
  29 299.340994 -31.858441    10.615    10.586 18 54941.07779013 30.917
  30 299.342710 -31.861117    10.395    10.296 17 54950.99342351 52.162
  31 299.343076 -31.859977    10.197    10.206 17 54960.90906408 38.351
  32 299.341588 -31.858960    10.440    10.416 18 54970.82471270 23.841
  33 299.341355 -31.858912    10.492    10.571 17 54980.74036023 23.916
  34 299.337827 -31.866044    66.914    67.279 10 54990.65600572 10.931
  35 299.341076 -31.858702    10.523    10.481 17 55000.57165442 23.586
  36 299.340515 -31.857716    10.471    10.485 18 55010.48729954 26.400
  37 299.340058 -31.857572    10.553    10.554 19 55020.40294278 23.735
  38 299.340440 -31.857945    11.157    11.098 18 55030.31858466 52.745
  39 299.340972 -31.859599    11.516    11.509 18 55040.23422556 55.306
  40 299.343657 -31.860249    11.268    11.239 17 55050.14986551 34.678
  41 299.341413 -31.868375    11.422    11.402 10 55060.06550149 26.618
  42 299.342152 -31.865337    11.681    11.568 13 55069.98114264 53.807
  43 299.341118 -31.858712    11.117    11.135 17 55079.89679321 27.097
  44 299.340549 -31.852884    10.962    10.894 16 55089.81244206 29.647
  45 299.341709 -31.848121    11.625    11.642 13 55099.72808998 29.758
  46 299.341449 -31.849765    11.576    11.546 14 55109.64373601 28.751
  47 299.340235 -31.853707    11.769    11.795 17 55119.55938002 30.716
  48 299.341382 -31.851020    11.708    11.699 14 55129.47502292 29.603
  49 299.341079 -31.849389    12.129    12.147 13 55139.39066330 29.635
  50 299.341617 -31.849286    12.575    12.598 13 55149.30630205 31.463
  51 299.340674 -31.857358    13.313    13.306 18 55159.22193858 39.285
  52 299.343391 -31.860246    13.300    13.289 17 55169.13757620 37.094
  53 299.341170 -31.869941    13.257    13.268 10 55179.05321103 29.936
  54 299.341953 -31.864567    13.330    13.312 14 55188.96885846 33.693
  55 299.340579 -31.859103    13.531    13.529 18 55198.88451040 33.254
  56 299.339170 -31.856860    13.587    13.589 19 55208.80016106 34.930
  57 299.338905 -31.856834    14.085    14.058 19 55218.71581092 47.393
  58 299.340648 -31.852750    14.110    14.110 16 55228.63146090 48.369
  59 299.342007 -31.848329    14.540    14.522 13 55238.54710771 45.358
  60 299.341167 -31.846162    14.445    14.397 13 55248.46275006 38.575
  61 299.341108 -31.842463    14.059    14.015 11 55258.37839014 33.472
  62 299.340672 -31.843623    13.982    13.979 11 55268.29402810 46.123
  63 299.341344 -31.847259    13.588    13.564 13 55278.20966522 49.930
  64 299.339509 -31.858270    12.907    12.870 19 55288.12529942 34.951
  65 299.342621 -31.860553    13.213    13.214 17 55298.04093344 55.064
  66 299.342428 -31.859667    12.924    12.938 17 55307.95657572 28.116
  67 299.340124 -31.857594    12.941    12.938 18 55317.87222204 38.086
  68 299.339106 -31.855940    13.175    13.130 18 55327.78786750 43.561
  69 299.339330 -31.857297    13.105    13.104 18 55337.70351182 51.458
  70 299.341006 -31.858546    12.758    12.744 18 55347.61915574 30.226
  71 299.342040 -31.859312    12.517    12.509 17 55357.53479800 28.697
  72 299.341927 -31.859231    12.351    12.342 18 55367.45043802 35.328
  73 299.342149 -31.858686    12.032    11.956 17 55377.36607654 52.284
  74 299.343150 -31.859902    11.570    11.558 18 55387.28171377 32.088
  75 299.341306 -31.869141    11.244    11.242 10 55397.19734827 55.717
  76 299.342293 -31.871282    11.466    11.561  9 55407.11299040 22.918
  77 299.341168 -31.868116    11.553    11.540 11 55417.02864157 31.347
  78 299.341739 -31.858948    11.370    11.336 18 55426.94429087 53.944
  79 299.338850 -31.857328    11.300    11.283 19 55436.85993596 41.629
  80 299.341468 -31.849511    11.089    11.030 14 55446.77558178 53.166
  81 299.341823 -31.850128    11.323    11.262 13 55456.69122538 26.326
  82 299.339654 -31.857896    11.280    11.336 19 55466.60686664 25.001
  83 299.341478 -31.858583    11.401    11.343 18 55476.52250646 23.833
  84 299.342218 -31.859390    11.243    11.241 18 55486.43814287 34.165
  85 299.342542 -31.859453    11.196    11.182 18 55496.35377702 25.523
  86 299.343504 -31.859856    11.115    11.011 17 55506.26941243 49.106
  87 299.342529 -31.859364    11.055    10.991 17 55516.18506286 25.372
  88 299.342662 -31.860205    10.686    10.664 17 55526.10071229 53.529
  89 299.342561 -31.859750    10.607    10.601 17 55536.01636002 29.459
  90 299.341497 -31.858352    10.968    10.942 18 55545.93200598 34.477
  91 299.339683 -31.857462    11.383    11.324 19 55555.84765011 25.631
  92 299.339034 -31.857096    11.930    11.881 19 55565.76329355 47.617
  93 299.340454 -31.857199    11.107    11.126 18 55575.67893643 23.877
  94 299.341787 -31.857848    11.214    11.217 18 55585.59457742 24.554
  95 299.342180 -31.859550    11.543    11.513 18 55595.51021468 23.567
  96 299.342467 -31.859955    12.106    12.093 17 55605.42584873 53.295
  97 299.343289 -31.860570    12.308    12.304 17 55615.34148039 34.756
  98 299.343363 -31.861173    12.408    12.386 17 55625.25712051 35.264
  99 299.342652 -31.859260    12.480    12.475 17 55635.17277267 31.977
 100 299.341790 -31.859401    12.566    12.560 17 55645.08842227 32.026
 101 299.341332 -31.858565    12.750    12.807 17 55655.00406937 30.327
 102 299.340397 -31.858357    12.979    12.956 18 55664.91971192 31.427
 103 299.339839 -31.857735    13.178    13.161 19 55674.83535180 32.523
 104 299.340279 -31.858096    13.100    13.061 18 55684.75099011 32.087
 105 299.342411 -31.859803    12.927    12.922 18 55694.66662704 31.707
 106 299.341478 -31.869950    12.358    12.343  9 55704.58226062 30.955
 107 299.341853 -31.869659    11.980    11.965 10 55714.49790739 29.079
 108 299.343071 -31.862340    11.734    11.708 15 55724.41355760 25.494
 109 299.342176 -31.859154    11.627    11.603 18 55734.32920469 25.564
 110 299.340665 -31.859702    11.390    11.374 18 55744.24484958 55.736
 111 299.340780 -31.859688    11.636    11.641 18 55754.16049329 24.494
 112 299.342490 -31.858834    11.684    11.657 17 55764.07613503 48.180
 113 299.342768 -31.859785    11.688    11.777 17 55773.99177365 27.869
 114 299.342607 -31.860093    12.083    12.051 17 55783.90740927 53.765
 115 299.343841 -31.860445    12.190    12.191 17 55793.82304289 31.960
 116 299.341851 -31.868321    12.087    12.045 10 55803.73867789 28.880
 117 299.341687 -31.866895    12.313    12.384 12 55813.65432821 30.948
 118 299.341910 -31.865144    12.488    12.457 13 55823.56997666 37.370
 119 299.343481 -31.861303    12.159    12.184 17 55833.48562084 34.101
 120 299.343805 -31.860650    11.990    11.975 17 55843.40125997 31.999
 121 299.341720 -31.866643    11.734    11.729 12 55853.31689437 28.447
 122 299.341414 -31.871075    12.325    12.248 10 55863.23252962 54.736
 123 299.341559 -31.865904    11.978    11.947 12 55873.14818455 30.854
 124 299.342021 -31.864568    11.899    11.911 14 55883.06383371 35.365
 125 299.341751 -31.865899    11.981    11.917 13 55892.97947609 34.160
 126 299.341424 -31.869348    11.774    11.745 10 55902.89511274 25.386
 127 299.341745 -31.870781    11.405    11.431  9 55912.81074973 22.764
 128 299.343222 -31.859730    11.173    11.136 17 55922.72640700 37.177
 129 299.341192 -31.858623    10.969    10.924 17 55932.64205908 50.012
 130 299.339997 -31.857687    10.665    10.630 19 55942.55770686 53.629
 131 299.338308 -31.858048    10.935    10.871 19 55952.47334980 24.724
 132 299.342015 -31.849949    11.305    11.302 14 55962.38899124 50.541
 133 299.338646 -31.857869    10.890    11.055 19 55972.30462655 32.343
 134 299.342116 -31.858311    10.839    10.841 18 55982.22026252 27.919
 135 299.340750 -31.869780    11.332    11.382 10 55992.13589427 23.510
 136 299.342286 -31.865334    10.981    10.875 13 56002.05154247 33.564
 137 299.342214 -31.858530    10.892    10.827 18 56011.96719342 29.296
 138 299.339703 -31.857714    10.779    10.781 18 56021.88283956 42.143
 139 299.339236 -31.856823    11.002    11.015 19 56031.79848319 23.653
 140 299.340263 -31.858128    11.020    11.038 19 56041.71412456 32.157
 141 299.342052 -31.860091    11.267    11.264 17 56051.62976333 27.190
 142 299.341583 -31.866991    11.613    11.640 12 56061.54539807 34.324
 143 299.341852 -31.869412    11.490    11.501 10 56071.46103610 30.061
 144 299.343830 -31.859425    11.152    11.157 17 56081.37668833 27.704
 145 299.341599 -31.859758    11.327    11.325 18 56091.29233535 53.605
 146 299.342192 -31.858801    11.779    11.652 18 56101.20798045 48.142
 147 299.342291 -31.859535    11.873    12.000 18 56111.12361099 29.634
 148 299.343062 -31.859534    12.463    12.459 17 56121.03925002 53.707
 149 299.343760 -31.860247    12.040    12.012 17 56130.95488539 49.725
 150 299.342063 -31.865344    11.919    11.898 13 56140.87051852 53.134
 151 299.342473 -31.859214    11.870    11.878 17 56150.78617086 45.762
 152 299.342099 -31.859256    11.678    11.693 17 56160.70182021 30.126
 153 299.342435 -31.859687    11.325    11.303 18 56170.61746793 34.663
 154 299.342313 -31.859800    11.496    11.482 18 56180.53311161 27.885
 155 299.341988 -31.858786    10.761    10.766 18 56190.44875139 51.769
 156 299.341765 -31.858848    10.503    10.425 18 56200.36438789 35.831
 157 299.344130 -31.860225    11.534    11.516 16 56210.28002183 30.817
 158 299.342168 -31.873728    11.252    11.314  9 56220.19565108 28.824
 159 299.342660 -31.872814    11.341    11.274  8 56230.11130105 22.325
 160 299.341262 -31.870506    11.387    11.345  9 56240.02695458 20.909
 161 299.343265 -31.860767    11.245    11.231 17 56249.94260622 26.991
 162 299.341825 -31.859841    11.187    11.147 17 56259.85825122 22.720
 163 299.341897 -31.859808    10.748    10.733 18 56269.77389379 40.287
 164 299.343299 -31.859257    12.633    11.777 17 56279.68953491 26.930
 165 299.341615 -31.858592    11.471    11.447 18 56289.60518662 24.678
 166 299.339264 -31.858023    11.212    11.214 19 56299.52083543 22.731
 167 299.341414 -31.849422    11.113    11.078 13 56309.43648200 25.440
 168 299.341417 -31.847146    11.643    11.629 12 56319.35212448 42.057
 169 299.341603 -31.848935    11.080    11.003 14 56329.26776497 36.871
 170 299.339854 -31.858612    10.607    10.612 18 56339.18340278 28.138
 171 299.343756 -31.859618    10.984    10.977 17 56349.09904074 25.122
 172 299.341455 -31.868683    11.435    11.386 10 56359.01467416 36.157
 173 299.341763 -31.858476    11.649    11.667 18 56368.93032672 32.845
 175 299.341194 -31.850051    11.441    11.458 13 56388.76162181 26.030
 176 299.340155 -31.857131    12.078    12.030 18 56398.67726394 49.695
 177 299.342633 -31.858999    12.178    12.177 18 56408.59290478 32.032
 178 299.341984 -31.865153    12.269    12.297 13 56418.50854007 30.624
 179 299.341401 -31.870329    11.904    11.864  9 56428.42417165 24.622
 180 299.342255 -31.858807    11.979    11.981 17 56438.33982731 32.565
 181 299.339936 -31.857555    12.112    12.083 19 56448.25547789 50.715
 182 299.339823 -31.857389    11.742    11.746 19 56458.17112626 28.269
 183 299.339836 -31.857405    11.740    11.713 19 56468.08677140 30.839
 184 299.340038 -31.857125    12.439    12.436 18 56478.00241266 54.227
 185 299.340033 -31.857621    12.713    12.706 18 56487.91805013 33.516
 186 299.340703 -31.859218    13.454    13.482 18 56497.83368515 34.412
 187 299.343699 -31.860501    13.450    13.446 17 56507.74931946 35.650
 188 299.341898 -31.871618    12.432    12.272  9 56517.66495494 27.725
 189 299.341044 -31.870054    12.200    12.206 10 56527.58060966 30.903
 190 299.342842 -31.862990    11.552    11.566 15 56537.49626138 40.096
 192 299.339812 -31.857515    11.581    11.504 19 56557.32755150 25.855
 193 299.340227 -31.857586    11.101    11.130 19 56567.24319371 46.210
 194 299.342492 -31.859696    11.379    11.322 18 56577.15883445 29.680
 195 299.341623 -31.870351    11.114    11.077  9 56587.07446988 24.313
 196 299.342068 -31.873275    11.400    11.402  8 56596.99010972 22.056
 197 299.343392 -31.861831    11.704    11.677 16 56606.90576424 29.129
 198 299.341464 -31.858568    11.548    11.524 18 56616.82141217 23.727
 199 299.340674 -31.858477    11.546    11.549 18 56626.73705635 23.612
 200 299.341597 -31.859389    11.306    11.281 17 56636.65269771 24.098
 201 299.343378 -31.859742    11.450    11.446 17 56646.56833930 54.240
 202 299.340813 -31.857905    11.211    11.210 18 56656.48399222 55.407
 203 299.341741 -31.850281    11.116    11.134 13 56666.39964202 39.983
 204 299.340963 -31.849106    11.054    11.054 13 56676.31528747 27.083
 205 299.341415 -31.849783    11.269    11.281 14 56686.23093135 31.475
 206 299.339625 -31.858089    11.685    11.681 18 56696.14657150 54.504
 207 299.342946 -31.859412    11.566    11.558 18 56706.06220897 27.074
 208 299.341392 -31.868405    11.220    11.209 10 56715.97783992 40.888
 209 299.340887 -31.858866    61.262    61.301 16 56725.89349534  2.274
 210 299.341837 -31.849539    10.992    10.995 13 56735.80914699 25.969
 211 299.341855 -31.848410    11.942    11.920 13 56745.72479365 41.822
 212 299.339724 -31.858253    12.053    12.079 19 56755.64043353 29.739
 213 299.343686 -31.860417    12.126    12.222 16 56765.55606968 32.127
 214 299.341324 -31.867651    12.156    12.199 12 56775.47170721 33.457
 215 299.340132 -31.859135    12.259    12.252 18 56785.38736507 53.698
 216 299.341243 -31.848027    12.262    12.383 12 56795.30301981 37.508
 217 299.341407 -31.843658    12.790    12.750 11 56805.21866897 53.208
 218 299.341615 -31.846575    12.700    12.653 13 56815.13430991 51.451
 219 299.339373 -31.855250    12.704    12.690 17 56825.04994610 48.280
 221 299.343011 -31.860280    13.252    13.278 17 56844.88121118 32.874
 222 299.342363 -31.860462    13.834    13.819 17 56854.79685652 37.261
 223 299.340837 -31.859069    13.595    13.621 18 56864.71251044 33.194
 224 299.340067 -31.857416    13.200    13.195 18 56874.62816373 33.664
 225 299.339126 -31.856762    13.397    13.392 19 56884.54381361 46.588
 226 299.341789 -31.849830    12.713    12.717 13 56894.45946184 32.708
 227 299.341723 -31.847799    12.289    12.218 13 56904.37510542 30.538
 228 299.341690 -31.847244    12.040    11.967 13 56914.29074654 33.029
 229 299.338790 -31.856712    11.930    11.901 19 56924.20638361 27.843
 230 299.342192 -31.858833    11.846    11.836 17 56934.12202019 28.267
 231 299.341937 -31.870010    12.323    12.347 10 56944.03764946 38.341
 232 299.341482 -31.868831    12.637    12.621 10 56953.95329756 51.043
 233 299.342376 -31.859639    12.184    12.163 18 56963.86894991 30.264
 234 299.341034 -31.857409    11.817    11.817 18 56973.78459618 25.049
 235 299.341171 -31.857987    11.838    11.874 18 56983.70023780 23.590
 236 299.343313 -31.859819    11.816    11.815 17 56993.61587445 26.220
 237 299.341699 -31.867317    12.108    12.071 12 57003.53151087 30.645
 238 299.341664 -31.857994    11.836    11.812 18 57013.44716961 24.849
 239 299.338517 -31.857529    11.845    11.812 19 57023.36282078 32.071
 240 299.341940 -31.850057    12.301    12.280 14 57033.27847111 29.785
 241 299.339183 -31.857383    12.688    12.685 19 57043.19411553 32.629
 242 299.340263 -31.858266    12.692    12.683 19 57053.10975920 31.194
 243 299.340994 -31.859621    12.340    12.305 18 57063.02539830 29.896
 244 299.342350 -31.860496    12.035    12.007 17 57072.94103255 27.866
 245 299.340751 -31.869489    12.185    12.273 10 57082.85666137 24.954
 246 299.341942 -31.865437    12.312    12.313 13 57092.77231045 35.130
 247 299.342224 -31.859183    12.038    12.055 17 57102.68796916 28.582
 248 299.341161 -31.858356    11.925    11.923 18 57112.60362284 24.962
 249 299.341224 -31.857277    11.558    11.549 18 57122.51927058 25.160
 250 299.339773 -31.858677    11.477    11.485 18 57132.43491191 25.417
 251 299.340901 -31.858734    11.560    11.583 18 57142.35054862 42.976
 252 299.343311 -31.859810    11.561    11.563 17 57152.26618208 29.512
 253 299.341483 -31.871869    11.502    11.512  9 57162.18181033 37.969
 254 299.343042 -31.862410    11.762    11.729 15 57172.09746903 44.054
 255 299.342008 -31.858076    11.812    11.793 18 57182.01312359 27.457
 256 299.339351 -31.857305    11.537    11.552 19 57191.92877358 29.704
 257 299.341391 -31.850762    11.822    11.785 14 57201.84442256 32.939
 258 299.338988 -31.856462    12.172    12.132 19 57211.76005535 52.525
 259 299.340619 -31.857988    11.886    11.867 18 57221.67569912 29.297
 260 299.341957 -31.858994    12.390    12.421 18 57231.59134155 31.832
 261 299.342687 -31.859154    12.731    12.755 18 57241.50698153 32.728
 262 299.342929 -31.860018    12.930    12.870 17 57251.42261850 32.982
 263 299.342177 -31.865551    12.962    12.920 13 57261.33825234 35.726
 264 299.342527 -31.872305    12.445    12.407  9 57271.25388479 37.097
 265 299.341991 -31.870512    11.784    11.724  9 57281.16954063 22.575
 266 299.341553 -31.867644    11.397    11.353 12 57291.08519606 36.508
 267 299.343119 -31.859140    11.411    11.436 17 57301.00084983 33.273
 268 299.340184 -31.858509    11.495    11.481 18 57310.91649826 25.910
 269 299.339812 -31.854309    11.576    11.510 16 57320.83214458 27.158
 270 299.342031 -31.849446    11.668    11.668 14 57330.74778885 25.594
 271 299.339580 -31.857894    11.791    11.764 19 57340.66342803 26.067
 272 299.339197 -31.856069    12.048    12.011 19 57350.57907953 29.257
 273 299.341348 -31.850765    12.385    12.359 14 57360.49472643 30.142
 274 299.341213 -31.849433    12.752    12.738 13 57370.41036901 31.669
 275 299.341933 -31.849407    13.548    13.553 14 57380.32600888 32.804
 276 299.340299 -31.859105    14.512    14.495 18 57390.24164542 34.346
 277 299.341225 -31.867193    14.372    14.316 11 57400.15728146 35.730
 278 299.342245 -31.871363    14.516    14.498  9 57410.07291991 54.855
 279 299.342756 -31.862923    14.256    14.236 14 57419.98857408 33.709
 280 299.341112 -31.857439    14.529    14.530 18 57429.90422516 48.110
 281 299.338773 -31.857131    14.205    14.213 19 57439.81987315 47.879
 282 299.339158 -31.858051    13.707    13.718 19 57449.73552014 34.177
 283 299.340821 -31.858572    13.690    13.668 18 57459.65116588 41.988
 284 299.342698 -31.859183    13.899    13.882 17 57469.56680828 34.850
 285 299.342829 -31.861050    13.992    13.983 17 57479.48244604 34.815
 286 299.343618 -31.860127    14.228    14.275 17 57489.39808098 33.760
 287 299.341634 -31.867398    13.960    13.894 12 57499.31371183 32.227
 288 299.341483 -31.868948    13.986    13.972 10 57509.22935430 32.917
 289 299.343145 -31.860911    13.596    13.634 17 57519.14501127 34.076
 290 299.342367 -31.859430    13.129    13.109 18 57529.06066401 32.860
 291 299.341148 -31.857903    12.894    12.861 18 57538.97631373 32.174
 292 299.338626 -31.858148    12.924    12.911 19 57548.89196050 47.674
 293 299.341634 -31.849916    12.689    12.652 13 57558.80760830 29.001
 294 299.338417 -31.857466    13.174    13.125 19 57568.72325180 43.261
 295 299.339984 -31.859080    12.851    12.852 18 57578.63889642 31.172
 296 299.342165 -31.859254    12.958    12.909 18 57588.55453978 39.106
 297 299.342273 -31.859554    12.376    12.365 18 57598.47018026 31.209
