#   30.241  -0.039   1.396 ;Mean Elev.(m), Avg Gradient(m/km), RMS Gradient(m/km) - SRTM1     
#   16.286  -0.036   2.431 ;Mean Elev.(m), Avg Gradient(m/km), RMS Gradient(m/km) - ASTER GDEM
#   30.505  -0.026   1.480 ;Mean Elev.(m), Avg Gradient(m/km), RMS Gradient(m/km) - GMTED2010 
   1 300.375948 -29.520997    29.307    29.352  5 54663.02500957 44.242
   2 300.374123 -29.522275    29.035    29.066  5 54672.94065402 37.908
   3 300.373028 -29.523821    24.135    24.176  4 54682.85629737 18.134
   4 300.373795 -29.523128    30.022    29.851  4 54692.77193946 52.390
   5 300.376400 -29.520473    25.668    25.602  5 54702.68757907 22.220
   6 300.376936 -29.519250    29.389    29.330  5 54712.60322787 27.498
   7 300.376392 -29.521242    25.661    26.183  5 54722.51887942 41.586
   8 300.373594 -29.523537    28.907    28.881  5 54732.43452825 46.670
   9 300.370720 -29.526099    29.173    29.166  4 54742.35017541 26.914
  10 300.378188 -29.543652    29.419    29.421 10 54752.26582605 35.757
  11 300.372665 -29.531175    29.182    29.175  7 54762.18146920 33.773
  12 300.371953 -29.524901    30.205    30.232  5 54772.09711153 47.539
  13 300.373469 -29.523772    30.282    30.276  5 54782.01275214 32.336
  14 300.374132 -29.522606    30.394    30.380  4 54791.92839039 44.783
  15 300.374084 -29.521300    29.639    29.640  5 54801.84402776 24.323
  16 300.375775 -29.522236    29.236    29.208  5 54811.75966592 28.911
  17 300.376043 -29.521029    28.906    28.777  5 54821.67530780 20.787
  18 300.374693 -29.522273    28.383    28.271  5 54831.59096080 53.021
  19 300.372208 -29.523872    28.079    28.070  4 54841.50660031 22.114
  20 300.377211 -29.542080    28.694    28.646 11 54851.42225388 35.403
  21 300.374221 -29.543055    28.553    28.525 12 54861.33790271 33.462
  22 300.373611 -29.544594    28.715    28.696 11 54871.25355164 33.139
  23 300.373941 -29.542080    28.892    28.898 12 54881.16919813 42.245
  24 300.377484 -29.542760    29.182    29.132 11 54891.08484215 47.330
  25 300.372136 -29.529718    29.423    29.462  6 54901.00047967 34.983
  26 300.378717 -29.544635    28.753    28.786 10 54910.91612211 32.833
  27 300.375948 -29.541547    28.927    28.931 13 54920.83175914 50.353
  28 300.376180 -29.538900    28.752    28.764  8 54930.74739622 26.826
  29 300.372878 -29.523024    28.751    28.746  4 54940.66302912 21.089
  30 300.377091 -29.520394    29.008    28.956  5 54950.57866368 52.529
  31 300.378118 -29.518880    28.363    28.395  5 54960.49430365 24.945
  32 300.376146 -29.520961    28.405    28.372  5 54970.40995250 22.750
  33 300.373667 -29.521506    28.276    28.308  5 54980.32559953 20.967
  34 300.372673 -29.523010    29.163    29.003  5 54990.24124641 52.002
  35 300.372518 -29.524147    28.743    28.748  4 55000.15689305 23.382
  36 300.371944 -29.523881    29.123    29.194  5 55010.07253753 35.007
  37 300.372171 -29.524407    28.866    28.908  5 55019.98818065 20.093
  38 300.371821 -29.525492    29.772    29.736  4 55029.90382279 45.006
  39 300.371105 -29.525543    29.695    29.687  4 55039.81946425 44.912
  40 300.372501 -29.524966    29.526    29.579  4 55049.73510470 27.469
  41 300.374820 -29.521978    29.617    29.578  5 55059.65074275 26.793
  42 300.376462 -29.519435    29.507    29.530  6 55069.56638278 34.338
  43 300.375327 -29.520232    29.272    29.289  5 55079.48203259 28.421
  44 300.372923 -29.522677    29.803    29.812  5 55089.39768046 33.161
  45 300.371212 -29.526686    30.323    30.394  5 55099.31332727 42.312
  46 300.378794 -29.544351    30.275    30.229  9 55109.22897695 40.100
  47 300.370931 -29.525750    29.942    29.921  5 55119.14461669 32.826
  48 300.372959 -29.523916    30.489    30.450  4 55129.06025820 32.366
  49 300.373876 -29.522348    30.815    30.837  5 55138.97589770 37.938
  50 300.373739 -29.522041    30.787    30.788  5 55148.89153628 38.786
  51 300.373690 -29.521983    30.835    30.871  5 55158.80717484 36.953
  52 300.374395 -29.521510    30.750    30.711  5 55168.72281333 36.503
  53 300.375521 -29.519847    31.198    31.257  5 55178.63845082 39.019
  54 300.375429 -29.521001    30.964    30.976  5 55188.55409727 36.374
  55 300.372751 -29.523229    31.155    31.213  5 55198.46974883 36.232
  56 300.371358 -29.527962    31.164    31.204  5 55208.38539988 37.558
  57 300.374288 -29.538065    31.240    31.222 11 55218.30105162 56.370
  58 300.375178 -29.541061    31.302    31.296 13 55228.21670076 53.864
  59 300.375884 -29.540338    31.234    31.154 12 55238.13234607 41.371
  60 300.371430 -29.528118    31.100    31.150  5 55248.04798497 38.163
  61 300.371349 -29.526999    30.904    30.886  5 55257.96362413 36.395
  62 300.370982 -29.526927    30.607    30.495  5 55267.87926283 36.785
  63 300.371687 -29.528580    30.637    30.618  5 55277.79490176 39.171
  64 300.372024 -29.525025    30.959    30.983  4 55287.71053853 51.018
  65 300.374559 -29.521202    30.654    30.692  5 55297.62617312 37.119
  66 300.375655 -29.519657    30.641    30.683  5 55307.54181518 35.818
  67 300.375311 -29.522123    30.983    30.964  5 55317.45746230 53.231
  68 300.373306 -29.522863    30.792    30.769  4 55327.37310749 34.439
  69 300.372372 -29.524263    30.430    30.500  5 55337.28875175 34.892
  70 300.372249 -29.524611    30.446    30.407  5 55347.20439522 35.999
  71 300.372763 -29.524549    30.121    30.051  4 55357.12003706 29.994
  72 300.372829 -29.523858    29.947    29.879  5 55367.03567664 35.780
  73 300.373045 -29.522968    29.737    29.813  5 55376.95131481 51.314
  74 300.374397 -29.523182    29.718    29.648  5 55386.86695262 29.436
  75 300.375227 -29.520752    29.429    29.341  5 55396.78258918 30.424
  76 300.376674 -29.519706    29.924    29.897  5 55406.69823140 42.568
  77 300.375344 -29.519887    29.409    29.458  5 55416.61388256 33.082
  78 300.374241 -29.520879    29.313    29.282  5 55426.52953065 31.319
  79 300.373810 -29.523474    29.128    29.110  5 55436.44517629 52.849
  80 300.372178 -29.523850    29.356    29.352  4 55446.36081991 46.459
  81 300.372140 -29.525629    29.400    29.316  5 55456.27646318 29.632
  82 300.372133 -29.524148    29.277    29.162  4 55466.19210501 28.270
  83 300.374241 -29.522473    29.082    29.097  4 55476.10774388 27.732
  84 300.376096 -29.519413    29.405    29.419  5 55486.02337931 28.247
  85 300.377557 -29.518093    29.416    29.440  6 55495.93901308 43.635
  86 300.377885 -29.517812    29.142    29.146  6 55505.85464793 30.552
  87 300.375718 -29.521076    28.979    28.996  6 55515.77029932 25.664
  88 300.373760 -29.521283    28.881    28.774  5 55525.68594939 41.240
  89 300.373249 -29.523242    28.726    28.729  4 55535.60159800 28.226
  90 300.372192 -29.524509    30.336    30.220  5 55545.51724440 51.866
  91 300.370954 -29.526289    30.103    30.106  5 55555.43288891 34.113
  92 300.376127 -29.538788    29.641    29.626  8 55565.34853501 34.196
  93 300.371132 -29.526102    29.735    29.583  5 55575.26417435 51.172
  94 300.373119 -29.523726    30.025    29.909  4 55585.17981455 51.173
  95 300.375657 -29.521609    30.126    30.125  5 55595.09545145 36.562
  96 300.377082 -29.519646    30.380    30.405  6 55605.01108496 50.440
  97 300.378089 -29.518573    30.659    30.648  6 55614.92671673 35.321
  98 300.377946 -29.519202    31.112    31.132  6 55624.84235681 53.240
  99 300.376112 -29.521579    30.980    30.991  5 55634.75800992 49.090
 100 300.374988 -29.521773    30.823    30.825  5 55644.67366053 34.942
 101 300.374535 -29.521633    31.083    31.075  5 55654.58930836 36.393
 102 300.374929 -29.522900    31.238    31.238  5 55664.50495196 44.705
 103 300.373425 -29.521798    30.778    30.786  5 55674.42059169 36.198
 104 300.373176 -29.522387    30.984    30.972  5 55684.33622995 51.752
 105 300.374129 -29.521477    30.352    30.338  5 55694.25186652 49.464
 106 300.376533 -29.519664    29.870    29.900  5 55704.16750152 31.217
 107 300.376608 -29.519422    29.767    29.785  5 55714.08314689 52.116
 108 300.374786 -29.521304    29.457    29.432  5 55723.99879553 44.331
 109 300.373001 -29.523912    29.636    29.627  4 55733.91444252 27.207
 110 300.371705 -29.525007    29.608    29.512  5 55743.83008818 28.107
 111 300.371698 -29.524377    29.791    29.801  5 55753.74573241 43.896
 112 300.373776 -29.522585    29.440    29.368  5 55763.66137441 28.711
 113 300.376175 -29.521261    29.997    29.995  5 55773.57701380 30.500
 114 300.377015 -29.519957    30.440    30.402  5 55783.49264969 34.065
 115 300.377228 -29.519066    30.259    30.282  5 55793.40828292 36.412
 116 300.378021 -29.518701    30.504    30.543  6 55803.32391824 38.567
 117 300.376971 -29.519886    30.657    30.674  6 55813.23956775 51.210
 118 300.377423 -29.519844    30.626    30.613  6 55823.15521523 53.663
 119 300.378055 -29.518118    29.931    29.872  5 55833.07085761 51.037
 120 300.378681 -29.517331    29.909    29.943  6 55842.98649598 33.759
 121 300.378771 -29.517434    30.215    30.235  6 55852.90213170 50.611
 122 300.379104 -29.518648    30.455    30.471  6 55862.81776758 42.215
 123 300.375101 -29.520047    30.139    30.239  5 55872.73342214 32.847
 124 300.375474 -29.522330    30.026    29.936  5 55882.64907242 32.792
 125 300.375023 -29.520117    30.138    30.144  5 55892.56471537 31.397
 126 300.376538 -29.520218    29.723    29.717  6 55902.48035333 37.804
 127 300.377073 -29.520317    29.374    29.304  5 55912.39598960 34.596
 128 300.373157 -29.523351    29.112    29.127  4 55922.31164449 29.243
 129 300.371833 -29.524414    29.259    29.219  5 55932.22729617 49.000
 130 300.372569 -29.523273    28.849    28.748  5 55942.14294335 45.106
 131 300.374108 -29.522513    28.875    28.851  4 55952.05858619 28.905
 132 300.374324 -29.522142    29.809    29.749  4 55961.97422555 43.818
 133 300.373331 -29.521816    29.341    29.411  5 55971.88986293 44.354
 134 300.374197 -29.522171    29.028    28.993  4 55981.80549956 32.820
 135 300.376994 -29.520263    29.114    29.142  6 55991.72113461 23.129
 136 300.376974 -29.519042    29.122    29.132  6 56001.63678167 33.339
 137 300.375906 -29.519818    29.246    29.520  5 56011.55243233 27.030
 138 300.374082 -29.520982    29.210    29.205  5 56021.46807916 46.889
 139 300.372815 -29.524288    28.932    28.917  5 56031.38372321 23.893
 140 300.371978 -29.525676    29.671    29.586  5 56041.29936460 30.741
 141 300.372317 -29.524317    30.125    30.080  5 56051.21500299 51.971
 142 300.375015 -29.522695    29.918    29.869  5 56061.13063869 37.728
 143 300.377105 -29.519629    29.612    29.614  5 56071.04627558 39.219
 144 300.375195 -29.521369    29.596    29.478  6 56080.96192582 47.205
 145 300.373318 -29.523907    29.630    29.625  4 56090.87757376 33.009
 146 300.372376 -29.525477    30.123    30.183  5 56100.79321936 31.455
 147 300.372480 -29.524407    30.526    30.459  4 56110.70885058 33.558
 148 300.374142 -29.521114    30.183    30.141  5 56120.62448986 36.019
 149 300.377199 -29.518450    29.920    29.944  6 56130.54012577 35.811
 150 300.379015 -29.516748    29.898    29.874  6 56140.45575927 55.899
 151 300.376163 -29.520697    29.664    29.648  6 56150.37141053 50.749
 152 300.373587 -29.522036    29.554    29.443  5 56160.28705923 45.281
 153 300.373258 -29.522208    29.318    29.134  5 56170.20270625 32.846
 154 300.374549 -29.520874    29.660    29.859  5 56180.11834927 31.391
 155 300.376172 -29.519979    29.028    29.012  6 56190.03398835 48.450
 156 300.376984 -29.519748    28.761    28.794  6 56199.94962466 43.031
 157 300.377126 -29.518676    29.557    29.596  6 56209.86525857 33.269
 158 300.378006 -29.517294    29.469    29.482  6 56219.78089093 29.053
 159 300.376636 -29.519016    29.606    29.626  5 56229.69654037 29.723
 160 300.375189 -29.520586    29.563    29.584  5 56239.61219452 27.191
 161 300.374021 -29.521805    28.965    28.907  5 56249.52784479 35.453
 162 300.373603 -29.522349    29.025    29.094  5 56259.44349010 47.497
 163 300.373297 -29.522848    30.106    30.142  4 56269.35913247 28.628
 164 300.373908 -29.523597    29.706    29.861  5 56279.27477307 26.182
 165 300.372343 -29.524034    29.857    29.880  5 56289.19042344 32.938
 166 300.372156 -29.523602    29.503    29.417  5 56299.10607177 51.051
 167 300.372575 -29.522896    30.211    30.219  5 56309.02171609 50.824
 168 300.373030 -29.523369    29.127    29.049  5 56318.93735839 41.696
 169 300.372350 -29.523802    29.531    29.508  4 56328.85299977 24.060
 170 300.372591 -29.523685    28.719    28.709  4 56338.76864040 36.255
 171 300.373848 -29.521065    29.508    29.517  5 56348.68427871 26.496
 172 300.376855 -29.519054    29.645    29.678  6 56358.59991437 29.858
 173 300.375665 -29.522209    30.068    30.082  5 56368.51556599 28.098
 175 300.370928 -29.526210    29.969    29.923  4 56388.34686009 49.457
 176 300.371761 -29.529057    30.174    30.172  6 56398.26250389 51.413
 177 300.371788 -29.526108    30.521    30.504  4 56408.17814381 48.634
 178 300.373485 -29.522813    30.380    30.335  4 56418.09377959 53.439
 179 300.376670 -29.519870    29.825    29.800  5 56428.00941087 30.611
 180 300.373648 -29.522044    30.158    30.214  5 56437.92506442 35.423
 181 300.371776 -29.525060    30.012    29.897  5 56447.84071589 47.004
 182 300.371138 -29.526643    29.938    29.974  4 56457.75636517 29.388
 183 300.371349 -29.526697    29.875    29.789  5 56467.67201114 31.512
 184 300.372046 -29.524897    31.087    31.162  5 56477.58765271 40.092
 185 300.373623 -29.523002    31.241    31.259  5 56487.50329062 36.755
 186 300.375177 -29.521687    31.258    31.165  5 56497.41892582 49.448
 187 300.376602 -29.519330    30.913    30.851  5 56507.33455934 53.449
 188 300.378249 -29.517329    30.069    29.970  6 56517.25019514 34.392
 189 300.377045 -29.519605    29.891    29.919  6 56527.16584923 34.959
 190 300.376242 -29.520350    29.397    29.394  6 56537.08149883 47.617
 192 300.373974 -29.523810    29.418    29.356  5 56556.91278821 31.609
 193 300.372664 -29.523801    29.304    29.283  5 56566.82843064 32.004
 194 300.372942 -29.523449    29.492    29.568  5 56576.74407209 32.120
 195 300.374784 -29.521095    29.299    29.242  5 56586.65971013 29.929
 196 300.376780 -29.519959    29.869    29.923  5 56596.57535003 34.149
 197 300.374608 -29.522437    30.210    30.234  5 56606.49100294 31.175
 198 300.373072 -29.524451    29.860    29.714  5 56616.40665079 28.192
 199 300.372281 -29.523837    29.645    29.551  5 56626.32229453 42.182
 200 300.373115 -29.522616    29.825    29.991  5 56636.23793531 26.574
 201 300.375416 -29.521256    29.425    29.363  5 56646.15357528 42.676
 202 300.373776 -29.521891    29.565    29.472  5 56656.06922756 52.151
 203 300.372858 -29.523033    29.489    29.642  5 56665.98487570 50.939
 204 300.372033 -29.524214    29.615    29.595  4 56675.90052148 36.862
 205 300.371995 -29.525575    29.492    29.557  5 56685.81616651 25.263
 206 300.372431 -29.524565    29.706    29.688  5 56695.73180928 34.211
 207 300.374519 -29.522094    29.619    29.644  5 56705.64744743 36.590
 208 300.377529 -29.519878    29.621    29.652  6 56715.56308019 30.043
 209 300.373815 -29.522958    29.441    29.312  4 56725.47873438 25.135
 210 300.371255 -29.527794    29.551    29.644  5 56735.39438505 29.327
 211 300.375340 -29.541011    29.991    29.963 13 56745.31003431 45.915
 212 300.378726 -29.544278    29.969    29.961  9 56755.22567700 36.035
 213 300.373133 -29.523548    30.132    30.099  5 56765.14130835 30.419
 214 300.375189 -29.521243    29.885    29.872  6 56775.05694566 31.591
 215 300.372240 -29.525465    30.797    30.786  5 56784.97260252 44.256
 216 300.375031 -29.540588    30.428    30.461 12 56794.88825863 36.541
 217 300.374089 -29.543794    30.218    30.208 11 56804.80390841 33.264
 218 300.375211 -29.541436    30.510    30.506 12 56814.71955045 45.650
 219 300.371040 -29.525753    30.772    30.731  4 56824.63518596 33.792
 220 300.373434 -29.522533    31.054    31.049  5 56834.55082064 35.933
 221 300.376073 -29.520704    31.347    31.378  5 56844.46645216 36.473
 222 300.375438 -29.521829    31.131    31.124  5 56854.38209646 35.702
 223 300.373014 -29.523623    31.288    31.291  4 56864.29774985 54.546
 224 300.372177 -29.525297    31.215    31.143  5 56874.21340257 47.078
 225 300.371848 -29.525764    30.478    30.440  4 56884.12905190 35.053
 226 300.371440 -29.525652    30.289    30.058  5 56894.04469789 31.794
 227 300.371824 -29.529449    29.975    30.037  7 56903.96034156 36.859
 228 300.375774 -29.541485    29.801    29.791 13 56913.87598546 33.253
 229 300.375183 -29.539988    29.562    29.557 13 56923.79162484 49.268
 230 300.371121 -29.525305    30.068    30.056  5 56933.70725901 30.199
 231 300.375614 -29.521655    30.577    30.614  5 56943.62289099 35.362
 232 300.375490 -29.519866    30.705    30.701  5 56953.53853784 50.586
 233 300.373703 -29.522846    29.873    29.810  4 56963.45418906 28.405
 234 300.371679 -29.524896    29.774    29.572  5 56973.36983506 28.894
 235 300.371713 -29.525308    29.867    29.837  4 56983.28547646 27.064
 236 300.373891 -29.521725    29.903    30.072  5 56993.20111232 33.059
 237 300.378155 -29.519130    29.811    29.897  6 57003.11674839 32.569
 238 300.375885 -29.520119    30.082    29.981  5 57013.03240495 34.456
 239 300.373784 -29.522253    30.131    30.044  5 57022.94805648 53.428
 240 300.372173 -29.525438    30.569    30.527  4 57032.86370591 31.251
 241 300.371367 -29.526362    30.288    30.219  4 57042.77935294 30.722
 242 300.372045 -29.525876    30.140    30.266  5 57052.69499766 28.838
 243 300.373464 -29.522887    29.970    29.975  4 57062.61063756 43.978
 244 300.375720 -29.521615    29.684    29.568  5 57072.52627262 27.147
 245 300.376718 -29.519344    29.947    30.039  6 57082.44190330 30.307
 246 300.374476 -29.521949    30.118    30.098  4 57092.35755024 42.959
 247 300.371227 -29.526759    29.805    29.800  5 57102.27320801 26.133
 248 300.378942 -29.544762    29.553    29.467 10 57112.18886558 51.328
 249 300.371258 -29.526049    29.442    29.443  4 57122.10450850 48.924
 250 300.372000 -29.523798    29.434    29.440  5 57132.02014980 37.107
 251 300.373312 -29.523370    29.455    29.460  5 57141.93578663 25.296
 252 300.374093 -29.522412    29.585    29.554  4 57151.85142044 23.272
 253 300.376581 -29.520104    29.176    29.194  5 57161.76705082 36.619
 254 300.374058 -29.520849    30.044    30.091  5 57171.68270794 42.947
 255 300.373562 -29.521691    30.097    30.106  5 57181.59836276 46.342
 256 300.373527 -29.523331    29.622    29.601  5 57191.51401389 26.346
 257 300.372314 -29.524425    30.257    30.275  5 57201.42966160 42.577
 258 300.371224 -29.525466    30.175    30.104  5 57211.34529542 28.722
 259 300.371542 -29.525894    30.665    30.580  5 57221.26093882 32.466
 260 300.372784 -29.524825    31.114    31.045  5 57231.17658059 36.540
 261 300.374497 -29.523518    30.986    30.970  5 57241.09221989 43.322
 262 300.375321 -29.520233    30.309    30.391  5 57251.00785605 34.144
 263 300.376768 -29.519913    30.039    30.005  6 57260.92349099 34.874
 264 300.377783 -29.519619    29.792    29.762  6 57270.83912498 32.936
 265 300.374653 -29.521686    29.166    29.125  5 57280.75478003 39.547
 266 300.372797 -29.522844    29.655    29.674  5 57290.67043566 27.511
 267 300.372487 -29.523941    29.784    29.771  5 57300.58608848 27.501
 268 300.372567 -29.524321    29.703    29.601  4 57310.50173761 25.826
 269 300.372055 -29.526103    29.669    29.594  5 57320.41738350 27.833
 270 300.371279 -29.527939    29.830    29.850  6 57330.33302645 33.275
 271 300.370897 -29.526867    30.153    30.098  5 57340.24866657 34.914
 272 300.373259 -29.532950    30.422    30.356  9 57350.16431794 37.999
 273 300.371649 -29.525510    31.143    31.113  5 57360.07996146 41.345
 274 300.372701 -29.522847    31.514    31.507  5 57369.99560305 51.413
 275 300.373520 -29.522724    31.602    31.629  5 57379.91124302 36.422
 276 300.374559 -29.523463    32.062    32.001  5 57389.82688230 50.591
 277 300.375322 -29.521045    31.998    31.927  6 57399.74252012 52.605
 278 300.376752 -29.518898    32.024    31.992  5 57409.65815901 51.613
 279 300.375322 -29.521340    31.696    31.633  5 57419.57381270 38.060
 280 300.372953 -29.523310    31.555    31.546  5 57429.48946359 45.255
 281 300.370873 -29.525874    31.391    31.420  5 57439.40511216 50.719
 282 300.378721 -29.544604    30.957    30.971 10 57449.32076337 39.881
 283 300.378633 -29.544457    31.174    31.229 10 57459.23640858 40.486
 284 300.371314 -29.525315    31.464    31.510  5 57469.15204604 37.774
 285 300.373975 -29.522958    31.287    31.295  5 57479.06768366 41.601
 286 300.375420 -29.519843    31.011    30.992  5 57488.98331783 36.107
 287 300.377454 -29.518207    31.059    31.042  6 57498.89895053 35.403
 288 300.377323 -29.518742    31.051    31.067  6 57508.81459290 36.938
 289 300.374670 -29.521923    30.392    30.363  5 57518.73024936 34.159
 290 300.373072 -29.522695    30.341    30.342  5 57528.64590271 30.117
 291 300.373296 -29.523746    30.452    30.446  5 57538.56155326 30.481
 292 300.372925 -29.523892    30.904    30.878  4 57548.47720084 49.678
 293 300.372321 -29.524722    30.934    30.923  4 57558.39284688 44.356
 294 300.371792 -29.525488    30.620    30.608  5 57568.30849180 33.256
 295 300.371992 -29.525500    30.382    30.317  4 57578.22413591 29.494
 296 300.372766 -29.524608    30.062    29.974  5 57588.13977834 29.608
 297 300.373191 -29.523373    29.870    29.855  4 57598.05541817 28.639
