-196903.874    90.446     0.00    8.38
-196615.719    90.690     0.85    9.12
-196327.554    89.881    -2.81    9.68
-196039.377    89.174    -2.45    9.97
-195751.189    87.550    -5.63   10.58
-195462.991    85.540    -6.97   10.19
-195174.781    82.675    -9.94    9.90
-194886.561    80.721    -6.78    7.96
-194598.329    79.347    -4.77    6.21
-194310.086    79.144    -0.70    5.77
-194021.832    80.300     4.01    6.79
-193733.568    82.124     6.33    8.40
-193445.292    85.721    12.48   10.65
-193157.005    88.521     9.71   11.75
-192868.707    91.612    10.72   13.95
-192580.398    94.600    10.36   14.66
-192292.079    98.956    15.11   16.74
-192003.748   101.807     9.89   16.78
-191715.406   107.331    19.16   19.00
-191427.053   110.327    10.39   18.37
-191138.689   114.706    15.18   17.20
-190850.313   117.244     8.80   16.10
-190561.927   119.940     9.35   14.88
-190273.530   120.924     3.41   12.90
-189985.122   123.643     9.43   11.08
-189696.702   124.690     3.63    9.36
-189408.272   126.690     6.93    7.06
-189119.830   127.506     2.83    6.17
-188831.378   127.405    -0.35    6.46
-188542.914   127.319    -0.30    6.51
-188254.440   126.331    -3.43    6.58
-187965.954   126.310    -0.07    5.71
-187677.457   124.548    -6.11    6.25
-187388.949   122.738    -6.27    7.57
-187100.430   120.416    -8.05    8.71
-186811.900   116.643   -13.08   10.13
-186523.359   111.894   -16.46   11.04
-186234.807   106.432   -18.92   12.27
-185946.243    99.787   -23.03   13.07
-185657.669    95.956   -13.27   11.54
-185369.084    92.976   -10.32    9.51
-185080.487    91.237    -6.02    7.57
-184791.879    91.087    -0.52    6.25
-184503.261    92.319     4.27    6.54
-184214.631    94.416     7.26    6.19
-183925.990    96.409     6.90    5.10
-183637.338    97.487     3.73    4.90
-183348.674    98.976     5.16    5.26
-183060.000   101.626     9.18    6.43
-182771.315   104.094     8.55    7.39
-182482.618   107.626    12.23    8.17
-182193.911   110.803    11.00    8.22
-181905.192   114.019    11.13    7.42
-181616.462   116.214     7.60    5.66
-181327.721   117.421     4.18    4.29
-181038.969   117.611     0.66    3.89
-180750.206   117.594    -0.06    3.49
-180461.431   117.008    -2.03    4.75
-180172.646   116.112    -3.10    6.44
-179883.849   116.468     1.23    7.35
-179595.042   117.128     2.28    8.07
-179306.223   119.516     8.27    9.76
-179017.393   122.051     8.78   10.30
-178728.551   126.158    14.22   10.60
-178439.699   129.352    11.06   10.43
-178150.836   132.137     9.64    9.18
-177861.961   132.506     1.28    8.34
-177573.075   132.707     0.69    8.43
-177284.178   129.457   -11.25    9.01
-176995.270   126.579    -9.96    9.41
-176706.351   121.875   -16.28    9.09
-176417.421   118.014   -13.36    9.24
-176128.479   114.444   -12.35    8.80
-175839.527   112.537    -6.60    7.97
-175550.563   111.674    -2.99    8.13
-175261.588   113.112     4.98    9.49
-174972.602   115.611     8.65   11.49
-174683.604   120.597    17.25   13.17
-174394.596   126.998    22.15   13.25
-174105.576   132.659    19.58   11.34
-173816.545   139.407    23.35    9.26
-173527.503   143.409    13.84    9.52
-173238.450   146.563    10.91    9.84
-172949.385   150.503    13.63   10.82
-172660.310   154.614    14.22   10.57
-172371.223   157.425     9.72   10.00
-172082.125   160.871    11.92    8.36
-171793.016   162.769     6.56    7.22
-171503.895   164.543     6.14    5.73
-171214.764   164.967     1.47    4.93
-170925.621   165.014     0.16    4.32
-170636.467   164.550    -1.60    4.08
-170347.302   163.992    -1.93    3.82
-170058.126   162.644    -4.66    3.31
-169768.938   161.624    -3.53    3.15
-169479.739   159.737    -6.52    4.08
-169190.529   157.014    -9.42    6.10
-168901.308   153.963   -10.55    8.10
-168612.075   148.847   -17.69   10.23
-168322.832   143.144   -19.72   11.60
-168033.577   138.057   -17.58   11.24
-167744.311   132.722   -18.44   10.04
-167455.033   129.616   -10.74    8.23
-167165.745   127.229    -8.25    6.53
-166876.445   126.463    -2.65    6.73
-166587.134   126.690     0.79    7.88
-166297.812   126.990     1.04    8.65
-166008.478   127.128     0.48    9.21
-165719.134   125.433    -5.86    9.79
-165429.778   124.034    -4.83   10.18
-165140.410   122.084    -6.74    9.98
-164851.032   120.034    -7.08    9.10
-164561.642   118.607    -4.93    8.87
-164272.241   119.081     1.64    9.69
-163982.829   119.798     2.48    9.74
-163693.406   121.490     5.85    9.79
-163403.971   122.629     3.93    9.57
-163114.525   124.112     5.12    8.26
-162825.068   123.854    -0.89    8.05
-162535.599   123.610    -0.84    7.55
-162246.119   121.784    -6.31    7.76
-161956.628   119.737    -7.07    8.20
-161667.126   116.244   -12.06    8.87
-161377.612   112.916   -11.49    8.70
-161088.088   108.400   -15.60    8.09
-160798.551   104.738   -12.65    8.50
-160509.004   101.310   -11.84    8.15
-160219.445    98.659    -9.15    7.29
-159929.875    96.128    -8.74    6.48
-159640.294    94.223    -6.58    5.48
-159350.702    93.207    -3.51    5.53
-159061.098    92.056    -3.97    5.83
-158771.483    91.579    -1.64    6.30
-158481.856    90.659    -3.18    6.65
-158192.218    90.331    -1.13    7.14
-157902.569    89.755    -1.99    6.32
-157612.909    90.126     1.28    6.77
-157323.238    90.126     0.00    6.51
-157033.555    89.561    -1.95    6.70
-156743.860    89.325    -0.81    6.57
-156454.155    88.798    -1.82    6.84
-156164.438    88.567    -0.80    7.52
-155874.710    88.110    -1.58    7.69
-155584.970    85.658    -8.46    7.62
-155295.220    84.357    -4.49    8.30
-155005.458    81.831    -8.72    7.46
-154715.684    80.581    -4.31    6.98
-154425.899    79.044    -5.30    5.62
-154136.103    78.362    -2.35    4.62
-153846.296    79.445     3.73    5.93
-153556.477    81.786     8.08    7.48
-153266.647    85.103    11.45    8.89
-152976.806    89.425    14.91   10.04
-152686.953    93.921    15.51    9.21
-152397.089    97.246    11.47    7.91
-152107.213   100.140     9.98    6.90
-151817.327   101.753     5.56    6.43
-151527.428   103.627     6.46    5.56
-151237.519   104.783     3.99    4.63
-150947.598   105.352     1.96    4.48
-150657.666   105.767     1.43    4.81
-150367.722   107.074     4.51    5.52
-150077.767   108.409     4.61    5.76
-149788.355   110.271     6.43    5.48
-149500.822   112.425     7.49    5.19
-149213.278   114.814     8.31    5.24
-148925.722   116.706     6.58    5.62
-148638.156   119.500     9.71    5.60
-148350.578   122.425    10.17    6.50
-148062.989   125.707    11.41    7.17
-147775.389   129.987    14.88    9.09
-147487.777   134.978    17.35   10.56
-147200.155   139.887    17.07   11.56
-146912.521   145.872    20.81   12.36
-146624.877   152.611    23.43   13.07
-146337.221   158.574    20.73   12.83
-146049.554   164.487    20.55   13.44
-145761.875   169.539    17.56   12.99
-145474.186   173.722    14.54   12.41
-145186.485   175.967     7.80   13.06
-144898.773   176.690     2.51   15.44
-144611.050   176.240    -1.56   16.45
-144323.316   176.352     0.39   16.59
-144035.571   177.246     3.11   15.11
-143747.814   179.425     7.57   13.16
-143460.047   180.472     3.64   11.38
-143172.268   181.929     5.06   10.15
-142884.478   183.384     5.06    8.25
-142596.676   183.800     1.44    6.58
-142308.864   183.997     0.68    5.80
-142021.040   182.578    -4.93    7.91
-141733.205   182.284    -1.02    8.23
-141445.359   182.865     2.02    7.43
-141157.502   182.769    -0.34    7.49
-140869.633   184.341     5.46    6.85
-140581.753   184.223    -0.41    7.01
-140293.863   184.119    -0.36    8.45
-140005.960   182.373    -6.06   11.07
-139718.047   181.921    -1.57   12.60
-139430.122   181.706    -0.75   13.38
-139142.187   184.198     8.65   13.89
-138854.239   186.071     6.50   14.68
-138566.281   192.449    22.14   11.66
-138278.312   194.802     8.17   10.09
-137990.331   196.503     5.91    8.87
-137702.339   194.849    -5.74   11.15
-137414.336   193.050    -6.25   13.29
-137126.321   189.024   -13.98   15.67
-136838.296   184.330   -16.30   16.72
-136550.259   178.231   -21.17   16.35
-136262.210   176.275    -6.79   14.56
-135974.151   175.236    -3.61   13.20
-135686.080   177.244     6.97   13.00
-135397.998   179.894     9.20   13.92
-135109.905   183.707    13.24   15.45
-134821.801   188.519    16.70   15.66
-134533.685   193.472    17.19   13.64
-134245.558   197.503    13.99   10.28
-133957.420   199.797     7.96    7.59
-133669.271   201.519     5.98    6.29
-133381.110   203.330     6.28    6.09
-133092.938   205.190     6.46    8.04
-132804.755   207.310     7.35    9.57
-132516.560   210.597    11.41   10.99
-132228.354   214.767    14.47   11.70
-131940.137   218.534    13.07   11.90
-131651.909   223.071    15.74   10.57
-131363.669   225.956    10.01    9.63
-131075.418   228.090     7.40    7.88
-130787.156   229.175     3.76    6.78
-130498.882   229.448     0.95    6.49
-130210.598   228.827    -2.15    6.90
-129922.301   227.706    -3.89    6.92
-129633.994   225.628    -7.21    7.23
-129345.675   224.340    -4.47    7.29
-129057.345   223.050    -4.48    7.13
-128769.004   221.509    -5.34    7.71
-128480.651   219.144    -8.20    8.85
-128192.288   215.751   -11.76   11.35
-127903.912   209.967   -20.05   15.34
-127615.526   203.757   -21.53   16.27
-127327.128   198.019   -19.90   15.14
-127038.719   195.815    -7.64   13.12
-126750.298   194.815    -3.47   11.81
-126461.867   197.737    10.13   13.29
-126173.424   202.357    16.02   15.05
-125884.969   209.819    25.87   13.93
-125596.503   216.081    21.70   12.94
-125308.026   221.246    17.90   10.60
-125019.538   224.803    12.33    6.84
-124731.038   224.532    -0.94    7.66
-124442.527   222.545    -6.88   10.01
-124154.005   219.183   -11.65   11.70
-123865.471   214.722   -15.46   12.40
-123576.926   209.707   -17.38   12.12
-123288.370   203.909   -20.09   12.39
-122999.802   198.769   -17.81   12.55
-122711.223   194.394   -15.16   12.19
-122422.632   189.097   -18.35   12.25
-122134.030   183.094   -20.80   13.20
-121845.417   176.849   -21.63   13.95
-121556.793   172.897   -13.69   12.97
-121268.157   170.944    -6.76   12.17
-120979.510   170.831    -0.39   12.67
-120690.851   171.278     1.55   13.36
-120402.181   174.094     9.75   13.98
-120113.500   179.050    17.17   12.68
-119824.807   182.529    12.05   11.11
-119536.103   186.214    12.76   11.06
-119247.387   190.009    13.14   12.08
-118958.661   194.769    16.48   13.91
-118669.922   201.976    24.96   15.54
-118381.173   210.414    29.22   14.76
-118092.412   216.957    22.66   12.86
-117803.639   221.860    16.98    9.65
-117514.856   223.448     5.50    7.52
-117226.061   222.721    -2.52    8.11
-116937.254   219.115   -12.49    9.77
-116648.436   213.389   -19.82   10.72
-116359.607   207.757   -19.50   11.53
-116070.766   201.674   -21.06   12.37
-115781.914   196.004   -19.63   12.70
-115493.051   192.221   -13.10   12.04
-115204.176   189.093   -10.82   12.01
-114915.289   185.707   -11.72   12.48
-114626.392   182.590   -10.79   13.23
-114337.482   180.550    -7.06   13.77
-114048.562   177.337   -11.12   13.78
-113759.630   175.130    -7.64   13.45
-113470.687   171.781   -11.59   13.17
-113181.732   170.106    -5.80   13.07
-112892.766   168.690    -4.90   13.63
-112603.788   168.490    -0.69   15.06
-112314.799   169.135     2.23   15.77
-112025.798   171.144     6.95   17.24
-111736.786   175.075    13.60   17.08
-111447.763   178.008    10.15   14.62
-111158.728   181.352    11.57   13.69
-110869.682   183.565     7.66   11.49
-110580.624   187.561    13.82   10.58
-110291.555   191.384    13.22   10.27
-110002.475   195.019    12.57    9.43
-109713.383   197.817     9.68    7.82
-109424.279   198.278     1.59    8.38
-109135.164   196.563    -5.93   11.08
-108846.038   192.271   -14.84   13.47
-108556.900   186.019   -21.62   14.89
-108267.751   178.597   -25.67   14.32
-107978.590   171.847   -23.34   12.46
-107689.418   166.786   -17.50   10.94
-107400.234   162.432   -15.05    9.83
-107111.039   159.833    -8.99   10.16
-106821.832   157.167    -9.22   11.25
-106532.614   153.628   -12.23   11.46
-106243.385   150.128   -12.10   11.28
-105954.144   147.119   -10.40   10.55
-105664.891   143.465   -12.63   10.08
-105375.627   141.266    -7.60   10.14
-105086.352   138.384    -9.96   10.12
-104797.065   135.976    -8.32   11.84
-104507.766   133.429    -8.80   12.81
-104218.456   131.565    -6.44   13.46
-103929.135   130.722    -2.91   13.69
-103639.802   132.440     5.94   15.39
-103350.458   134.174     5.99   14.75
-103061.102   135.783     5.56   14.29
-102771.734   138.524     9.47   12.05
-102482.355   141.706    10.99   11.44
-102192.965   144.237     8.75   10.86
-101903.563   144.737     1.73   11.79
-101614.149   143.774    -3.33   11.39
-101324.725   139.831   -13.62   12.53
-101035.288   134.631   -17.97   14.97
-100745.840   130.115   -15.60   15.92
-100456.381   125.781   -14.97   15.84
-100166.910   120.972   -16.61   14.14
 -99877.427   117.190   -13.06   14.50
 -99587.933   115.331    -6.42   16.74
 -99298.427   111.251   -14.09   17.90
 -99008.910   109.175    -7.17   18.48
 -98719.382   107.524    -5.70   17.88
 -98429.841   104.754    -9.57   15.43
 -98140.290   102.257    -8.62   13.93
 -97850.726   101.119    -3.93   14.27
 -97561.152    98.769    -8.12   14.59
 -97271.565    97.503    -4.37   15.04
 -96981.967    98.275     2.67   14.91
 -96692.358    98.452     0.61   13.93
 -96402.737   101.029     8.90   14.04
 -96113.104   103.341     7.98   14.52
 -95823.460   106.081     9.46   13.91
 -95533.805   108.628     8.79   13.41
 -95244.137   111.440     9.71   12.58
 -94954.459   113.769     8.04   12.19
 -94664.768   115.817     7.07   13.32
 -94375.066   119.071    11.23   14.07
 -94085.353   124.087    17.31   15.70
 -93795.628   132.106    27.67   15.54
 -93505.891   138.751    22.93   12.96
 -93216.143   144.024    18.20   10.07
 -92926.383   147.484    11.94    9.15
 -92636.612   147.857     1.29   10.59
 -92346.829   145.722    -7.37   14.38
 -92057.035   141.600   -14.22   17.31
 -91767.228   137.534   -14.03   17.74
 -91477.411   134.039   -12.06   15.55
 -91187.582   132.534    -5.19   13.65
 -90897.741   132.224    -1.07   11.51
 -90607.888   135.690    11.96   12.25
 -90318.024   139.297    12.44   12.68
 -90028.149   144.160    16.78   13.04
 -89738.261   148.496    14.96   11.81
 -89448.362   152.722    14.57   11.27
 -89158.452   156.890    14.38   10.54
 -88868.530   160.847    13.65   10.43
 -88578.596   164.565    12.83    9.11
 -88288.651   167.493    10.10    7.13
 -87998.694   168.433     3.24    6.12
 -87708.725   168.183    -0.86    6.14
 -87420.861   166.724    -5.07    7.20
 -87133.351   164.429    -7.98    8.60
 -86845.830   162.341    -7.26    9.45
 -86558.297   159.151   -11.10   10.61
 -86270.753   157.306    -6.42   13.00
 -85983.198   156.817    -1.70   13.95
 -85695.631   156.802    -0.06   14.47
 -85408.053   159.214     8.39   14.00
 -85120.463   160.497     4.46   13.27
 -84832.862   165.097    15.99   13.83
 -84545.249   168.214    10.84   14.85
 -84257.625   172.831    16.05   14.64
 -83969.990   175.659     9.83   12.91
 -83682.343   177.513     6.45   10.77
 -83394.685   176.103    -4.90   12.50
 -83107.015   171.884   -14.67   15.98
 -82819.334   166.706   -18.00   17.03
 -82531.642   162.831   -13.47   17.42
 -82243.938   158.913   -13.62   17.87
 -81956.223   156.925    -6.91   18.19
 -81668.496   153.310   -12.56   18.83
 -81380.758   154.248     3.26   15.93
 -81093.008   154.519     0.94   13.49
 -80805.247   155.983     5.09   10.57
 -80517.474   156.478     1.72    9.16
 -80229.690   157.221     2.58    8.40
 -79941.895   158.598     4.79    8.36
 -79654.088   159.824     4.26    8.64
 -79366.269   160.398     2.00    8.49
 -79078.440   162.175     6.17    7.93
 -78790.598   164.244     7.19    7.29
 -78502.746   165.152     3.15    7.00
 -78214.881   165.290     0.48    6.75
 -77927.006   165.840     1.91    6.19
 -77639.118   165.565    -0.96    6.33
 -77351.220   166.207     2.23    6.36
 -77063.310   166.906     2.43    5.77
 -76775.388   166.060    -2.94    5.49
 -76487.455   164.019    -7.09    8.17
 -76199.511   161.300    -9.44   10.60
 -75911.555   157.829   -12.05   11.23
 -75623.587   153.890   -13.68   11.19
 -75335.608   149.737   -14.42   10.91
 -75047.618   146.706   -10.52   10.18
 -74759.616   145.429    -4.43   11.23
 -74471.602   143.766    -5.77   12.48
 -74183.577   142.421    -4.67   13.35
 -73895.541   140.756    -5.78   13.52
 -73607.493   140.253    -1.75   13.43
 -73319.433   137.769    -8.62   12.21
 -73031.363   135.425    -8.14   10.91
 -72743.280   132.503   -10.14    8.87
 -72455.186   129.784    -9.44    7.73
 -72167.081   127.545    -7.77    8.54
 -71878.964   122.643   -17.01   12.08
 -71590.835   118.262   -15.20   13.67
 -71302.695   111.440   -23.67   14.62
 -71014.544   106.644   -16.64   13.48
 -70726.381   103.275   -11.69   12.34
 -70438.206   100.611    -9.24   12.61
 -70150.020   100.264    -1.20   13.15
 -69861.822   100.519     0.88   13.68
 -69573.613   103.894    11.71   12.50
 -69285.392   105.206     4.55    9.86
 -68997.160   107.130     6.67    8.42
 -68708.916   107.090    -0.14    6.23
 -68420.661   105.916    -4.07    5.58
 -68132.394   104.847    -3.71    5.64
 -67844.116   102.865    -6.87    6.10
 -67555.826   102.060    -2.79    7.41
 -67267.524   100.921    -3.95    7.55
 -66979.211    98.706    -7.68    7.45
 -66690.887    96.595    -7.32    7.44
 -66402.551    93.956    -9.15    7.03
 -66114.203    91.640    -8.03    7.05
 -65825.844    87.321   -14.98    9.19
 -65537.473    83.342   -13.80   11.41
 -65249.090    79.039   -14.92   12.57
 -64960.697    75.090   -13.69   13.20
 -64672.291    71.894   -11.08   13.57
 -64383.874    68.490   -11.80   13.28
 -64095.445    66.784    -5.92   12.58
 -63807.005    64.903    -6.52   13.13
 -63518.553    64.857    -0.16   14.68
 -63230.090    64.352    -1.75   15.40
 -62941.615    65.357     3.48   16.02
 -62653.128    65.190    -0.58   16.18
 -62364.630    64.532    -2.28   14.09
 -62076.120    60.940   -12.45   13.48
 -61787.599    58.706    -7.74   14.16
 -61499.066    54.534   -14.46   14.47
 -61210.522    52.847    -5.85   15.77
 -60921.965    49.802   -10.55   16.73
 -60633.398    49.452    -1.21   15.80
 -60344.818    47.400    -7.11   13.39
 -60056.227    47.337    -0.22   10.67
 -59767.625    45.993    -4.65    9.18
 -59479.011    46.014     0.07    6.63
 -59190.385    44.628    -4.80    5.63
 -58901.748    43.824    -2.79    4.41
 -58613.099    41.878    -6.74    6.38
 -58324.438    39.550    -8.06    7.90
 -58035.766    36.506   -10.54    9.55
 -57747.082    33.706    -9.70   10.07
 -57458.387    30.060   -12.63   10.04
 -57169.679    26.457   -12.48    8.68
 -56880.961    24.394    -7.15    7.19
 -56592.230    22.738    -5.73    4.94
 -56303.488    23.524     2.72    6.16
 -56014.735    25.875     8.14    7.62
 -55725.970    29.600    12.90    8.72
 -55437.193    33.563    13.73    9.27
 -55148.404    38.737    17.92    9.34
 -54859.604    43.374    16.05    9.49
 -54570.792    49.383    20.81   11.12
 -54281.969    55.206    20.16   12.37
 -53993.133    61.737    22.61   11.90
 -53704.287    67.894    21.31   11.47
 -53415.428    72.814    17.03   11.20
 -53126.558    77.707    16.94   11.28
 -52837.676    80.960    11.26   13.17
 -52548.783    84.321    11.63   14.29
 -52259.878    84.537     0.75   16.90
 -51970.961    85.753     4.21   18.36
 -51682.033    84.142    -5.58   17.73
 -51393.092    84.024    -0.41   17.99
 -51104.141    82.900    -3.89   14.93
 -50815.177    84.319     4.91   13.69
 -50526.202    85.894     5.45   12.46
 -50237.215    89.300    11.79   12.96
 -49948.217    94.817    19.09   13.22
 -49659.207   101.214    22.13   12.99
 -49370.185   107.465    21.63   13.02
 -49081.151   112.963    19.02   13.02
 -48792.106   118.383    18.75   13.40
 -48503.049   123.167    16.55   13.50
 -48213.980   127.493    14.97   12.97
 -47924.900   131.972    15.49   11.12
 -47635.808   134.174     7.62   10.01
 -47346.704   136.144     6.81    9.46
 -47057.589   136.168     0.08    8.21
 -46768.461   134.963    -4.17    8.91
 -46479.323   132.064   -10.03    9.62
 -46190.172   128.460   -12.46   10.74
 -45901.010   123.724   -16.38   11.26
 -45611.836   118.475   -18.15   11.94
 -45322.650   113.690   -16.54   11.92
 -45033.452   109.367   -14.95   11.81
 -44744.243   104.933   -15.33   12.60
 -44455.022   100.152   -16.53   14.05
 -44165.790    94.255   -20.39   15.96
 -43876.545    89.100   -17.82   16.78
 -43587.289    82.421   -23.09   16.01
 -43298.021    78.644   -13.06   13.93
 -43008.742    76.347    -7.94   12.36
 -42719.450    74.819    -5.28   11.62
 -42430.147    76.529     5.91   12.56
 -42140.832    78.831     7.96   15.51
 -41851.506    84.819    20.70   16.11
 -41562.168    91.294    22.38   17.11
 -41272.818    96.315    17.36   16.68
 -40983.456   100.014    12.78   16.17
 -40694.082   104.362    15.03   15.33
 -40404.697   106.690     8.04   13.85
 -40115.300   109.429     9.46   12.78
 -39825.891   110.534     3.82   11.24
 -39536.470   113.300     9.56   10.23
 -39247.038   115.993     9.31    8.87
 -38957.594   117.737     6.02    8.27
 -38668.138   119.497     6.08    8.52
 -38378.670   120.690     4.12    9.68
 -38089.190   122.389     5.87   11.09
 -37799.699   123.115     2.51   11.27
 -37510.196   124.675     5.39   10.56
 -37220.681   126.433     6.07    9.45
 -36931.155   127.625     4.12    7.45
 -36641.616   127.815     0.66    5.93
 -36352.066   127.395    -1.45    5.56
 -36062.504   124.244   -10.88    9.16
 -35772.930   119.967   -14.77   12.85
 -35483.345   115.152   -16.63   15.38
 -35193.747   109.786   -18.53   16.84
 -34904.138   102.857   -23.92   18.85
 -34614.517    96.513   -21.90   19.98
 -34324.884    90.452   -20.92   19.12
 -34035.240    84.644   -20.05   20.91
 -33745.583    77.598   -24.33   20.94
 -33455.915    70.987   -22.82   20.17
 -33166.235    62.929   -27.82   19.15
 -32876.543    55.357   -26.14   18.87
 -32586.840    46.024   -32.22   17.25
 -32297.124    37.659   -28.87   17.93
 -32007.397    29.847   -26.96   15.95
 -31717.658    24.849   -17.25   12.51
 -31427.907    23.497    -4.67   11.26
 -31138.144    25.221     5.95   13.49
 -30848.369    30.190    17.15   16.89
 -30558.583    39.611    32.51   20.16
 -30268.784    50.152    36.37   20.47
 -29978.974    60.425    35.45   18.37
 -29689.152    69.262    30.49   16.84
 -29399.318    76.472    24.88   13.88
 -29109.472    81.907    18.75   11.33
 -28819.615    85.398    12.04   10.13
 -28529.745    87.583     7.54   10.07
 -28239.864    87.597     0.05   11.47
 -27949.971    87.112    -1.67   12.71
 -27660.066    85.831    -4.42   15.12
 -27370.149    84.624    -4.16   16.53
 -27080.220    83.429    -4.12   17.11
 -26790.280    83.509     0.27   16.45
 -26500.327    84.414     3.12   14.64
 -26210.363    87.598    10.98   14.51
 -25920.387    92.352    16.39   13.37
 -25630.399    95.854    12.08   12.63
 -25341.621    99.629    13.07   10.85
 -25054.157   102.106     8.62    8.04
 -24766.682   101.675    -1.50    8.91
 -24479.195    98.906    -9.63   12.51
 -24191.697    92.627   -21.84   15.18
 -23904.187    87.214   -18.83   15.06
 -23616.665    80.563   -23.13   13.83
 -23329.132    73.565   -24.34   14.45
 -23041.587    67.229   -22.04   13.56
 -22754.030    63.145   -14.20   12.58
 -22466.462    59.645   -12.17   12.18
 -22178.882    57.206    -8.48   11.85
 -21891.290    55.674    -5.33   12.75
 -21603.687    55.815     0.49   15.00
 -21316.072    56.937     3.90   15.77
 -21028.445    58.614     5.83   15.08
 -20740.807    61.463     9.91   13.71
 -20453.157    65.583    14.32   12.37
 -20165.495    69.040    12.02   11.61
 -19877.821    72.894    13.39   11.71
 -19590.136    76.510    12.57   11.14
 -19302.440    80.342    13.32   10.51
 -19014.731    82.567     7.73    9.78
 -18727.011    82.487    -0.28   10.57
 -18439.279    80.456    -7.06   12.24
 -18151.535    74.890   -19.34   16.81
 -17863.780    65.592   -32.31   25.13
 -17576.013    51.130   -50.26   31.36
 -17288.235    38.383   -44.29   31.69
 -17000.444    25.872   -43.47   28.52
 -16712.642    17.506   -29.07   23.91
 -16424.828     7.239   -35.67   14.98
 -16137.003     3.151   -14.20    8.47
 -15849.166     0.849    -8.00    3.04
 -15561.317     0.487    -1.26    1.66
 -15273.456     0.362    -0.43    1.57
 -14985.584     0.306    -0.20    1.49
 -14697.700     0.378     0.25    1.86
 -14409.804     0.644     0.92    2.35
 -14121.896     0.740     0.33    2.36
 -13833.977     0.784     0.15    2.31
 -13546.046     0.887     0.36    2.29
 -13258.103     0.952     0.22    2.23
 -12970.149     1.024     0.25    2.07
 -12682.182     1.275     0.87    2.09
 -12394.204     1.524     0.86    1.90
 -12106.215     1.878     1.23    2.17
 -11818.213     2.331     1.57    2.47
 -11530.200     2.660     1.14    2.40
 -11242.175     3.214     1.92    2.45
 -10954.138     3.069    -0.50    2.24
 -10666.090     2.771    -1.04    1.30
 -10378.030     2.783     0.04    1.21
 -10089.958     2.852     0.24    1.22
  -9801.874     2.921     0.24    1.16
  -9513.779     2.948     0.09    1.10
  -9225.671     3.050     0.35    1.09
  -8937.552     2.972    -0.27    1.13
  -8649.421     3.112     0.49    1.19
  -8361.279     3.246     0.46    1.12
  -8073.125     3.287     0.14    1.12
  -7784.958     3.190    -0.34    1.13
  -7496.781     3.190     0.00    1.07
  -7208.591     3.246     0.19    1.01
  -6920.389     3.294     0.17    0.99
  -6632.176     3.278    -0.06    0.94
  -6343.951     3.255    -0.08    0.92
  -6055.714     3.190    -0.22    0.96
  -5767.466     3.214     0.08    0.97
  -5479.205     3.337     0.43    1.02
  -5190.933     3.266    -0.24    1.01
  -4902.649     3.284     0.06    1.09
  -4614.353     3.274    -0.04    1.11
  -4326.045     3.269    -0.02    1.11
  -4037.726     3.392     0.43    1.10
  -3749.395     3.463     0.25    1.12
  -3461.052     3.556     0.32    1.09
  -3172.697     3.490    -0.23    1.08
  -2884.330     3.407    -0.29    1.08
  -2595.951     3.460     0.18    1.23
  -2307.561     3.325    -0.47    1.25
  -2019.159     3.331     0.02    1.29
  -1730.745     3.229    -0.35    1.28
  -1442.319     2.833    -1.37    1.52
  -1153.881     2.465    -1.28    1.58
   -865.432     1.842    -2.16    1.74
   -576.971     1.432    -1.42    1.68
   -288.497     1.103    -1.14    1.60
     -0.012     0.987    -0.40    1.71
    288.484     1.003     0.05    1.81
    576.993     1.362     1.25    2.29
    865.514     1.771     1.42    2.29
   1154.046     2.103     1.15    2.25
   1442.590     2.278     0.61    1.96
   1731.146     2.563     0.99    1.85
   2019.714     3.014     1.56    1.64
   2308.294     3.190     0.61    1.43
   2596.886     3.135    -0.19    1.01
   2885.489     3.044    -0.31    1.10
   3174.105     2.965    -0.28    1.01
   3462.732     2.983     0.06    1.34
   3751.371     4.567     5.49    5.71
   4040.022     8.433    13.39   12.13
   4328.685    14.629    21.46   19.55
   4617.359    21.521    23.88   23.42
   4906.046    26.557    17.44   24.17
   5194.745    34.244    26.63   24.28
   5483.455    42.123    27.29   22.99
   5772.177    53.084    37.96   19.59
   6060.911    59.645    22.72   18.35
   6349.657    63.909    14.77   17.77
   6638.415    68.166    14.74   15.77
   6927.185    72.878    16.32   15.52
   7215.967    78.565    19.69   16.12
   7504.761    86.362    27.00   17.20
   7793.566    90.987    16.01   18.33
   8082.384    97.019    20.88   17.55
   8371.213    97.516     1.72   17.19
   8660.054    98.405     3.08   18.06
   8948.907    98.921     1.79   17.85
   9237.772   100.090     4.05   18.27
   9526.649   100.009    -0.28   19.05
   9815.538   102.842     9.81   20.03
  10104.439   103.894     3.64   21.89
  10393.352   107.940    14.01   19.50
  10682.276   110.598     9.20   19.29
  10971.213   114.812    14.58   17.45
  11260.162   116.645     6.34   16.81
  11549.122   116.571    -0.26   15.95
  11838.094   116.615     0.15   15.74
  12127.079   114.207    -8.33   18.53
  12416.075   109.337   -16.85   21.12
  12705.083   104.944   -15.20   19.68
  12994.103   101.190   -12.99   16.31
  13283.136   100.337    -2.95   12.85
  13572.180   102.738     8.31   11.82
  13861.236   107.255    15.63   10.74
  14150.303   112.918    19.59    9.15
  14439.383   116.384    11.99    7.52
  14728.475   119.024     9.13    8.14
  15017.579   118.565    -1.59    9.74
  15306.695   117.144    -4.92   13.48
  15595.823   114.206   -10.16   15.18
  15884.962   110.497   -12.83   15.83
  16174.114   104.831   -19.59   17.43
  16463.278   101.532   -11.41   16.12
  16752.453    96.253   -18.25   16.81
  17041.641    91.993   -14.73   17.98
  17330.840    86.722   -18.23   19.63
  17620.052    79.868   -23.70   21.90
  17909.276    71.597   -28.60   23.46
  18198.511    64.529   -24.44   22.30
  18487.759    60.478   -14.00   20.00
  18777.018    59.106    -4.74   17.77
  19066.290    59.857     2.60   18.62
  19355.573    64.737    16.87   20.25
  19644.869    72.060    25.31   21.34
  19934.176    83.231    38.62   19.83
  20223.495    95.183    41.31   21.87
  20512.827   103.978    30.40   21.97
  20802.170   108.925    17.10   19.00
  21091.526   112.440    12.15   16.83
  21380.893   114.409     6.80   15.91
  21670.273   111.500   -10.05   18.18
  21959.665   106.516   -17.22   21.02
  22249.068   101.690   -16.67   20.44
  22538.484    98.814    -9.94   20.85
  22827.911    96.487    -8.04   19.48
  23117.351    95.040    -5.00   18.55
  23406.803    95.509     1.62   18.39
  23696.266    99.642    14.28   17.24
  23985.742   104.737    17.60   17.87
  24275.230   110.554    20.09   19.19
  24564.729   114.075    12.16   19.97
  24854.241   119.019    17.08   21.17
  25143.765   126.660    26.39   17.56
  25433.301   132.374    19.74   13.96
  25722.849   134.251     6.48   13.08
  26012.409   134.541     1.00   12.98
  26301.981   132.312    -7.70   14.39
  26591.565   128.631   -12.71   16.06
  26881.161   122.269   -21.97   20.29
  27170.770   116.474   -20.01   21.15
  27460.390   105.878   -36.59   24.78
  27750.022    96.554   -32.19   24.89
  28039.667    87.478   -31.33   22.72
  28329.323    82.444   -17.38   20.16
  28618.992    78.722   -12.85   18.51
  28908.672    75.960    -9.53   16.93
  29198.365    78.468     8.66   21.08
  29488.070    80.206     6.00   20.99
  29777.786    82.460     7.78   22.60
  30067.515    82.444    -0.05   19.76
  30357.256    86.034    12.39   16.54
  30647.009    89.460    11.82   18.15
  30936.775    89.497     0.13   20.60
  31226.552    88.812    -2.36   23.40
  31516.341    87.569    -4.29   24.86
  31806.143    87.467    -0.35   23.21
  32095.956    86.676    -2.73   21.25
  32385.782    84.337    -8.07   19.49
  32675.620    83.624    -2.46   17.34
  32965.469    85.769     7.40   16.63
  33255.331    91.183    18.68   19.35
  33545.205    97.115    20.46   21.13
  33835.092   103.705    22.74   21.53
  34124.990   112.112    29.00   18.42
  34414.900   116.363    14.66   16.49
  34704.823   119.060     9.30   15.78
  34994.757   116.737    -8.01   16.95
  35284.704   113.490   -11.20   16.57
  35574.663   110.321   -10.93   17.04
  35864.634   109.769    -1.91   20.67
  36154.617   108.310    -5.03   23.03
  36444.613   109.516     4.16   25.95
  36734.369   109.706     0.66   25.05
  37021.797   113.506    13.22   23.05
  37309.237   113.933     1.49   21.09
  37596.689   114.554     2.16   16.69
  37884.152   111.644   -10.13   15.68
  38171.628   113.240     5.55   14.87
  38459.115   111.321    -6.68   16.48
  38746.615   109.769    -5.40   16.96
  39034.126   105.601   -14.50   17.09
  39321.649   100.383   -18.15   18.09
  39609.185    94.175   -21.59   19.59
  39896.732    86.018   -28.37   21.51
  40184.291    75.456   -36.73   25.44
  40471.862    65.594   -34.30   24.59
  40759.444    58.229   -25.61   22.48
  41047.039    53.221   -17.41   19.29
  41334.646    50.878    -8.15   17.38
  41622.264    48.737    -7.44   16.37
  41909.895    48.737     0.00   16.54
  42197.537    45.357   -11.75   18.01
  42485.192    41.771   -12.47   19.83
  42772.858    35.894   -20.43   20.32
  43060.536    33.565    -8.09   18.72
  43348.226    29.894   -12.76   16.92
  43635.928    29.500    -1.37   17.60
  43923.642    31.690     7.61   20.27
  44211.368    38.094    22.26   20.55
  44499.106    42.706    16.03   20.27
  44786.856    46.362    12.71   19.67
  45074.618    49.145     9.67   20.40
  45362.392    51.467     8.07   20.38
  45650.178    54.500    10.54   20.87
  45937.976    57.240     9.52   19.36
  46225.785    61.106    13.43   19.53
  46513.607    67.537    22.34   20.01
  46801.441    74.478    24.12   21.37
  47089.286    82.887    29.21   23.78
  47377.144    92.890    34.75   24.28
  47665.013   102.287    32.64   20.71
  47952.895   109.463    24.93   18.21
  48240.788   112.061     9.03   14.97
  48528.694   112.024    -0.13   16.23
  48816.611   108.034   -13.86   17.33
  49104.541   104.659   -11.72   18.10
  49392.482   101.831    -9.82   18.93
  49680.436    98.819   -10.46   20.26
  49968.401    94.418   -15.29   21.34
  50256.378    87.500   -24.02   21.85
  50544.368    84.405   -10.75   20.02
  50832.369    84.229    -0.61   19.20
  51120.383    86.065     6.38   18.80
  51408.408    89.913    13.36   18.43
  51696.446    92.967    10.61   16.14
  51984.495    95.574     9.05   13.59
  52272.556    90.993   -15.90   17.96
  52560.630    84.601   -22.19   22.76
  52848.715    75.736   -30.77   25.50
  53136.813    67.079   -30.05   23.81
  53424.922    58.815   -28.68   19.26
  53713.044    54.757   -14.09   16.47
  54001.177    55.290     1.85   17.90
  54289.323    56.952     5.77   18.43
  54577.481    59.860    10.09   18.71
  54865.650    61.075     4.22   17.56
  55153.832    62.444     4.75   14.34
  55442.026    63.754     4.54   12.38
  55730.232    63.294    -1.60   12.89
  56018.449    63.081    -0.74   14.36
  56306.679    62.521    -1.94   16.29
  56594.921    61.781    -2.57   18.56
  56883.175    64.357     8.94   20.43
  57171.441    68.137    13.11   21.12
  57459.719    73.690    19.27   18.25
  57748.009    77.598    13.56   16.93
  58036.311    79.378     6.17   14.46
  58324.626    76.963    -8.38   13.53
  58612.952    75.106    -6.44   13.46
  58901.290    71.433   -12.74   14.80
  59189.641    66.352   -17.62   15.83
  59478.003    59.721   -23.00   16.80
  59766.378    53.787   -20.58   14.99
  60054.764    47.706   -21.09   14.84
  60343.163    43.327   -15.19   14.98
  60631.574    39.878   -11.96   15.54
  60919.997    34.532   -18.54   15.00
  61208.432    30.190   -15.05   13.52
  61496.879    27.151   -10.54   12.07
  61785.338    25.214    -6.71   10.74
  62073.809    24.034    -4.09    9.31
  62362.292    25.737     5.90   10.61
  62650.788    28.484     9.52   12.76
  62939.295    33.594    17.71   14.65
  63227.815    36.448     9.89   13.59
  63516.346    38.078     5.65   12.71
  63804.890    37.352    -2.51   13.25
  64093.446    34.963    -8.28   13.48
  64382.014    32.034   -10.15   12.74
  64670.594    28.383   -12.65   10.04
  64959.186    26.844    -5.33    8.76
  65247.791    28.140     4.49    9.86
  65536.407    30.019     6.51   12.21
  65825.036    32.482     8.53   14.40
  66113.677    34.993     8.70   16.14
  66402.330    38.567    12.38   19.34
  66690.994    41.493    10.14   20.92
  66979.672    43.071     5.47   21.94
  67268.361    43.987     3.17   22.64
  67557.062    47.909    13.59   22.62
  67845.776    49.875     6.81   21.80
  68134.501    54.414    15.72   21.37
  68423.239    59.675    18.22   19.99
  68711.989    66.983    25.31   17.05
  69000.751    72.838    20.28   15.58
  69289.525    76.769    13.61   14.52
  69578.312    82.903    21.24   14.14
  69867.110    87.616    16.32   13.32
  70155.921    92.422    16.64   13.95
  70444.744    96.342    13.57   12.86
  70733.579    99.024     9.29   13.39
  71022.426   100.660     5.66   15.20
  71311.285   100.831     0.59   16.29
  71600.157    99.100    -5.99   18.28
  71889.041    93.463   -19.51   22.97
  72177.936    89.144   -14.95   24.87
  72466.844    84.545   -15.92   24.13
  72755.765    79.524   -17.38   21.45
  73044.697    74.900   -16.00   17.91
  73333.642    72.550    -8.13   15.12
  73622.598    71.472    -3.73   13.84
  73911.567    73.352     6.51   13.28
  74200.548    74.583     4.26   12.86
  74489.542    74.981     1.38   13.31
  74778.547    76.190     4.19   12.63
  75067.565    75.643    -1.89   12.39
  75356.595    76.137     1.71   11.70
  75645.637    77.414     4.42   11.56
  75934.691    77.993     2.01   11.43
  76223.758    78.852     2.97   11.34
  76512.836    81.894    10.52   12.28
  76801.927    86.287    15.20   12.27
  77091.031    90.584    14.86   10.70
  77380.146    94.090    12.13   10.17
  77669.273    96.844     9.53   10.61
  77958.413    99.595     9.51   10.66
  78247.565   102.221     9.08   11.07
  78536.730   104.303     7.20   11.59
  78825.906   109.075    16.50    9.90
  79115.095   112.137    10.59    9.17
  79404.296   115.565    11.86    8.85
  79693.509   118.112     8.81    7.82
  79982.734   120.045     6.68    6.61
  80271.972   120.236     0.66    6.89
  80561.222   118.658    -5.45    9.79
  80850.484   114.003   -16.09   15.44
  81139.758   105.721   -28.63   21.51
  81429.045    96.519   -31.81   24.39
  81718.344    87.909   -29.76   22.98
  82007.655    80.937   -24.10   18.95
  82296.978    77.390   -12.26   16.41
  82586.314    80.478    10.67   18.97
  82875.662    85.206    16.34   20.31
  83165.022    90.287    17.56   18.46
  83454.394    94.752    15.43   14.75
  83743.779    92.398    -8.13   19.33
  84033.176    91.142    -4.34   21.97
  84322.585    87.444   -12.78   23.38
  84612.007    83.983   -11.96   22.86
  84901.440    81.403    -8.92   20.87
  85190.886    81.614     0.73   19.84
  85480.345    81.040    -1.98   19.22
  85769.815    82.554     5.23   19.25
  86059.298    85.965    11.78   19.74
  86348.794    90.722    16.43   16.88
  86638.301    94.797    14.08   16.32
  86927.821    98.752    13.66   16.40
  87217.353   101.890    10.84   16.84
  87506.897   106.890    17.27   18.48
  87796.454   112.657    19.92   20.38
  88086.023   120.956    28.66   19.72
  88375.604   129.273    28.72   16.79
  88665.198   132.872    12.43   13.38
  88954.804   131.511    -4.70   18.14
  89244.422   125.269   -21.56   25.03
  89534.052   118.379   -23.79   26.15
  89823.695   112.090   -21.71   23.71
  90113.350   109.722    -8.18   20.98
  90403.018   108.398    -4.57   20.43
  90692.698   112.414    13.86   23.96
  90982.390   121.644    31.86   25.71
  91272.094   129.331    26.54   23.21
  91561.811   133.674    14.99   20.61
  91851.540   127.482   -21.38   25.05
  92141.282   120.190   -25.17   27.05
  92431.036   115.993   -14.49   25.90
  92720.802   112.899   -10.68   23.52
  93010.580   112.690    -0.72   22.45
  93300.371   116.307    12.48   23.95
  93590.174   121.128    16.64   25.90
  93879.990   130.750    33.20   27.17
  94169.818   141.130    35.82   25.72
  94459.658   149.676    29.49   24.15
  94749.511   156.721    24.31   21.25
  95039.376   162.510    19.97   17.94
  95329.253   165.675    10.92   15.92
  95619.143   169.534    13.31   14.07
  95909.045   168.875    -2.27   14.84
  96198.959   164.137   -16.35   17.94
  96488.886   160.659   -11.99   19.23
  96778.825   156.237   -15.25   20.20
  97068.777   154.262    -6.81   19.47
  97358.741   152.467    -6.19   19.02
  97648.717   152.342    -0.43   19.07
  97938.706   154.452     7.28   19.94
  98228.707   159.019    15.75   17.21
  98518.720   160.206     4.09   17.72
  98808.746   161.374     4.03   16.46
  99096.882   163.857     8.62   18.15
  99384.272   169.258    18.79   16.48
  99671.674   174.929    19.74   16.91
  99959.088   180.039    17.78   15.80
 100246.515   185.290    18.27   14.55
 100533.953   189.900    16.04   11.52
 100821.404   191.069     4.07    9.49
 101108.867   190.449    -2.16   10.66
 101396.342   188.034    -8.40   13.98
 101683.829   184.175   -13.43   17.78
 101971.328   179.814   -15.17   20.14
 102258.840   177.029    -9.69   20.40
 102546.363   171.900   -17.84   20.87
 102833.899   168.827   -10.69   21.65
 103121.447   166.405    -8.42   19.56
 103409.007   165.175    -4.28   18.08
 103696.579   163.167    -6.98   15.32
 103984.164   162.357    -2.82   13.56
 104271.761   163.183     2.87   12.83
 104559.369   167.394    14.64   14.00
 104846.990   170.690    11.46   13.30
 105134.624   174.537    13.37   14.77
 105422.269   177.049     8.73   15.71
 105709.926   181.093    14.06   16.72
 105997.596   185.251    14.45   18.23
 106285.278   190.967    19.87   19.90
 106572.972   193.992    10.51   19.98
 106860.679   197.456    12.04   20.66
 107148.397   200.829    11.72   21.28
 107436.128   206.583    20.00   21.40
 107723.871   208.814     7.75   22.01
 108011.626   213.860    17.54   21.76
 108299.393   219.321    18.98   21.47
 108587.173   224.840    19.18   20.94
 108874.964   229.847    17.40   21.51
 109162.768   235.959    21.24   21.38
 109450.585   241.153    18.05   22.17
 109738.413   249.765    29.92   22.32
 110026.254   258.175    29.22   21.27
 110314.107   267.497    32.39   18.94
 110601.972   270.993    12.15   16.85
 110889.849   273.578     8.98   14.86
 111177.738   273.972     1.37   14.67
 111465.640   273.948    -0.08   14.43
 111753.554   274.269     1.11   14.14
 112041.481   273.519    -2.61   13.66
 112329.419   277.690    14.49   14.63
 112617.370   281.628    13.68   16.46
 112905.333   287.913    21.83   18.89
 113193.308   294.769    23.81   20.98
 113481.296   302.767    27.78   21.94
 113769.295   309.034    21.76   20.42
 114057.307   316.008    24.22   17.18
 114345.332   320.490    15.56   14.38
 114633.368   324.140    12.67   11.99
 114921.417   323.842    -1.04   12.06
 115209.478   324.079     0.82   10.67
 115497.551   320.302   -13.11   14.74
 115785.637   317.153   -10.93   16.84
 116073.735   312.552   -15.97   18.84
 116361.845   310.852    -5.90   18.04
 116649.967   310.106    -2.59   17.36
 116938.102   310.331     0.78   15.91
 117226.249   308.337    -6.92   16.67
 117514.408   306.963    -4.77   17.73
 117802.580   304.097    -9.95   18.27
 118090.763   301.137   -10.27   18.08
 118378.960   299.626    -5.24   16.74
 118667.168   297.814    -6.29   17.02
 118955.389   299.198     4.80   19.17
 119243.622   303.392    14.55   20.04
 119531.867   308.631    18.18   20.79
 119820.125   310.751     7.36   21.57
 120108.395   310.174    -2.00   20.64
 120396.677   305.921   -14.75   20.50
 120684.971   305.956     0.12   17.92
 120973.278   306.983     3.56   16.63
 121261.597   309.521     8.81   18.16
 121549.929   314.894    18.63   20.46
 121838.273   322.303    25.70   23.24
 122126.629   332.130    34.08   24.36
 122414.997   341.627    32.94   22.56
 122703.378   351.894    35.60   16.30
 122991.771   355.075    11.03   14.36
 123280.177   357.660     8.96   14.62
 123568.594   359.003     4.66   16.34
 123857.024   358.303    -2.43   17.95
 124145.467   352.903   -18.73   22.52
 124433.922   345.594   -25.34   23.86
 124722.389   340.084   -19.10   23.43
 125010.868   338.690    -4.83   22.00
 125299.360   338.690     0.00   20.11
 125587.864   341.034     8.12   21.08
 125876.381   348.387    25.49   23.29
 126164.910   355.303    23.97   22.04
 126453.451   362.855    26.17   16.10
 126742.005   364.106     4.34   14.70
 127030.570   359.266   -16.77   20.68
 127319.149   354.214   -17.51   23.24
 127607.740   345.949   -28.64   22.18
 127896.343   342.539   -11.82   19.10
 128184.958   340.287    -7.80   17.70
 128473.586   343.925    12.60   19.19
 128762.226   347.372    11.94   19.97
 129050.879   351.433    14.07   20.55
 129339.544   356.448    17.38   18.61
 129628.221   358.275     6.33   19.08
 129916.911   359.274     3.46   19.73
 130205.613   353.875   -18.70   23.31
 130494.327   350.526   -11.60   23.95
 130783.054   346.213   -14.94   22.70
 131071.793   342.452   -13.03   20.65
 131360.545   339.721    -9.46   17.46
 131649.309   338.400    -4.57   16.63
 131938.086   342.121    12.89   19.88
 132226.875   348.487    22.05   24.28
 132515.676   357.797    32.24   24.58
 132804.490   366.060    28.61   23.22
 133093.316   375.337    32.12   21.56
 133382.154   379.521    14.49   24.12
 133671.005   382.142     9.07   25.03
 133959.869   383.644     5.20   25.92
 134248.744   388.526    16.90   24.11
 134537.633   392.959    15.35   23.99
 134826.533   401.093    28.16   22.43
 135115.446   406.660    19.27   20.21
 135404.372   412.240    19.32   17.77
 135693.310   415.115     9.95   16.00
 135982.260   420.373    18.20   13.15
 136271.223   422.798     8.39   12.95
 136560.198   423.857     3.66   12.30
 136849.186   423.315    -1.87   14.13
 137138.186   422.416    -3.11   15.73
 137427.199   416.534   -20.35   23.61
 137716.224   411.315   -18.06   27.60
 138005.262   405.394   -20.49   28.43
 138294.312   402.060   -11.54   27.20
 138583.374   400.342    -5.94   24.99
 138872.449   403.260    10.09   24.09
 139161.536   407.400    14.32   25.00
 139450.636   414.183    23.46   27.12
 139739.748   423.844    33.42   29.29
 140028.873   433.827    34.53   25.97
 140318.010   444.014    35.24   17.21
 140607.160   448.387    15.13   14.10
 140896.322   449.135     2.59   16.09
 141185.497   443.554   -19.30   22.37
 141474.684   436.481   -24.46   26.66
 141763.884   423.275   -45.67   28.84
 142053.096   411.783   -39.74   29.57
 142342.321   401.229   -36.49   24.76
 142631.558   397.475   -12.98   19.93
 142920.807   399.094     5.60   18.68
 143210.069   402.872    13.06   19.25
 143499.344   408.849    20.66   21.55
 143788.631   416.630    26.90   23.03
 144077.931   424.367    26.75   20.82
 144367.243   430.842    22.38   18.24
 144656.567   434.983    14.31   16.91
 144945.905   436.321     4.63   15.72
 145235.254   433.916    -8.31   17.08
 145524.616   429.798   -14.23   20.10
 145813.991   426.797   -10.37   21.91
 146103.378   422.029   -16.48   23.26
 146392.778   419.144    -9.97   22.48
 146682.190   419.112    -0.11   20.26
 146971.615   420.881     6.11   20.04
 147261.052   423.738     9.87   18.85
 147550.502   427.409    12.68   18.89
 147839.965   433.521    21.12   20.75
 148129.440   438.503    17.21   20.70
 148418.927   442.929    15.29   21.30
 148708.427   448.403    18.91   23.13
 148997.940   451.207     9.69   23.73
 149287.465   455.024    13.19   23.94
 149577.002   458.872    13.29   22.80
 149866.553   462.584    12.82   20.83
 150156.115   467.244    16.09   19.69
 150445.691   470.630    11.69   20.23
 150735.279   476.755    21.15   19.94
 151024.879   480.478    12.86   19.84
 151314.492   485.906    18.74   17.49
 151604.118   492.069    21.28   15.52
 151893.756   495.300    11.16   15.64
 152183.407   493.916    -4.78   18.48
 152473.070   489.493   -15.27   22.86
 152762.746   482.029   -25.77   26.62
 153052.434   469.706   -42.54   32.46
 153342.135   461.600   -27.98   30.32
 153631.849   455.690   -20.40   25.63
 153921.575   451.783   -13.49   21.75
 154211.314   452.875     3.77   20.71
 154501.065   454.140     4.37   21.32
 154790.829   460.418    21.67   22.03
 155080.606   464.645    14.59   21.17
 155370.395   469.509    16.79   23.67
 155660.197   474.121    15.92   26.47
 155950.011   484.831    36.96   29.85
 156239.838   495.081    35.37   27.99
 156529.678   506.400    39.06   22.80
 156819.530   510.487    14.10   19.12
 157109.395   510.706     0.75   19.70
 157399.272   506.290   -15.23   25.27
 157689.162   499.862   -22.18   28.85
 157979.065   495.721   -14.29   28.17
 158268.981   491.174   -15.69   24.94
 158558.908   492.372     4.13   23.84
 158848.849   493.676     4.50   24.41
 159138.802   499.690    20.75   27.46
 159428.768   506.890    24.83   28.74
 159718.747   518.506    40.06   30.20
 160008.738   527.739    31.84   26.82
 160298.741   534.812    24.39   22.77
 160588.758   539.721    16.93   18.98
 160878.787   542.130     8.31   16.61
 161167.962   542.306     0.61   16.04
 161455.315   541.643    -2.31   17.06
 161742.680   540.145    -5.21   18.78
 162030.058   540.981     2.91   20.36
 162317.448   542.198     4.24   20.57
 162604.850   541.944    -0.88   19.08
 162892.265   538.600   -11.64   18.11
 163179.692   533.616   -17.34   19.61
 163467.131   523.229   -36.14   24.02
 163754.583   514.007   -32.09   25.26
 164042.047   506.312   -26.77   22.09
 164329.524   500.925   -18.74   18.14
 164617.013   498.290    -9.16   15.53
 164904.515   498.433     0.50   15.86
 165192.029   502.472    14.05   17.17
 165479.555   510.878    29.24   15.59
 165767.094   519.627    30.43   16.42
 166054.645   527.721    28.15   18.77
 166342.209   535.414    26.75   18.05
 166629.785   539.493    14.19   16.31
 166917.373   541.766     7.90   13.78
 167204.974   541.130    -2.21   13.06
 167492.588   540.214    -3.18   13.12
 167780.213   536.237   -13.83   14.99
 168067.852   531.303   -17.16   16.80
 168355.502   524.906   -22.24   18.40
 168643.165   519.312   -19.45   20.40
 168930.841   511.660   -26.60   22.01
 169218.529   506.583   -17.65   20.62
 169506.229   502.260   -15.03   20.72
 169793.942   498.706   -12.35   21.64
 170081.667   496.739    -6.84   24.75
 170369.405   496.737    -0.01   25.09
 170657.155   495.963    -2.69   26.90
 170944.918   495.137    -2.87   27.01
 171232.693   496.167     3.58   23.86
 171520.481   496.214     0.16   24.43
 171808.281   496.157    -0.20   25.70
 172096.093   495.403    -2.62   26.33
 172383.918   485.914   -32.97   30.37
 172671.756   479.198   -23.34   33.52
 172959.606   472.433   -23.50   35.50
 173247.468   467.899   -15.75   33.67
 173535.343   462.061   -20.28   30.03
 173823.231   458.766   -11.45   25.81
 174111.131   460.976     7.68   24.21
 174399.043   471.644    37.06   29.36
 174686.968   484.145    43.42   30.46
 174974.905   495.121    38.13   26.14
 175262.855   505.317    35.41   23.79
 175550.817   512.981    26.62   24.21
 175838.792   520.509    26.14   25.08
 176126.780   530.983    36.37   25.05
 176414.780   538.524    26.19   26.00
 176702.792   545.921    25.69   22.73
 176990.817   550.797    16.93   17.31
 177278.854   553.294     8.67   13.01
 177566.904   548.706   -15.93   15.14
 177854.967   541.223   -25.98   22.75
 178143.042   529.221   -41.67   29.82
 178431.129   517.251   -41.55   33.93
 178719.229   506.721   -36.56   35.01
 179007.342   497.394   -32.38   32.91
 179295.467   490.658   -23.38   29.68
 179583.604   491.493     2.90   33.24
 179871.754   497.513    20.89   35.96
 180159.917   515.327    61.83   40.80
 180448.092   531.357    55.63   35.22
 180736.280   537.602    21.67   32.46
 181024.480   543.069    18.97   30.31
 181312.693   546.829    13.05   32.73
 181600.919   546.412    -1.45   34.16
 181889.157   547.967     5.40   34.34
 182177.407   551.130    10.97   30.34
 182465.670   555.190    14.09   24.92
 182753.946   557.327     7.41   21.26
 183042.234   555.503    -6.33   23.80
 183330.535   551.275   -14.67   25.70
 183618.848   541.198   -34.96   30.44
 183907.174   526.342   -51.53   37.77
 184195.512   510.049   -56.52   38.64
 184483.863   500.228   -34.06   36.43
 184772.227   492.735   -25.99   34.73
 185060.603   481.331   -39.55   25.59
 185348.992   476.640   -16.27   24.45
 185637.393   483.766    24.71   31.87
 185925.807   490.019    21.68   35.99
 186214.233   497.890    27.30   37.82
 186502.672   499.721     6.35   36.72
 186791.124   499.644    -0.27   34.02
 187079.588   495.269   -15.17   33.57
 187368.065   487.722   -26.16   28.59
 187656.555   482.229   -19.04   23.35
 187945.057   482.675     1.55   23.87
 188233.571   484.735     7.14   23.46
 188522.099   487.963    11.19   21.56
 188810.639   491.933    13.76   20.40
 189099.191   496.756    16.72   18.91
 189387.756   494.721    -7.05   19.99
 189676.334   494.003    -2.49   18.71
 189964.924   496.251     7.79   19.07
 190253.527   502.814    22.74   19.39
 190542.143   507.198    15.19   17.42
 190830.771   507.325     0.44   17.64
 191119.412   503.690   -12.60   20.72
 191408.066   497.581   -21.17   27.12
 191696.732   488.548   -31.30   31.10
 191985.410   476.737   -40.92   32.34
 192274.102   462.842   -48.14   28.61
 192562.806   449.906   -44.81   27.95
 192851.523   437.045   -44.55   29.69
 193140.252   429.100   -27.52   32.29
 193428.994   423.474   -19.49   33.87
 193717.748   420.130   -11.58   37.47
 194006.516   413.993   -21.25   39.10
 194295.296   404.145   -34.11   42.07
 194584.088   391.014   -45.48   46.78
 194872.894   377.044   -48.38   52.42
 195161.711   367.024   -34.70   51.96
 195450.542   356.737   -35.62   50.92
 195739.385   344.300   -43.07   49.15
 196028.241   334.721   -33.17   47.25
 196317.110   329.198   -19.12   47.79
 196605.991   332.690    12.09   49.22
 196894.885   333.993     4.51   52.00
 197183.792   336.395     8.31   51.74
 197472.711   334.933    -5.06   47.76
 197761.643   332.720    -7.66   44.65
 198050.588   323.317   -32.55   46.42
 198339.545   311.019   -42.57   46.25
 198628.515   293.629   -60.19   40.36
 198917.498   283.352   -35.57   36.22
 199206.493   275.214   -28.16   31.35
 199495.502   274.306    -3.14   31.59
 199784.522   278.842    15.70   36.13
 200073.556   291.675    44.41   40.28
 200362.602   309.425    61.42   43.46
 200651.661   325.706    56.33   40.98
 200940.733   329.674    13.73   39.77
 201229.817   333.152    12.03   40.39
 201518.914   342.258    31.50   46.22
 201808.024   348.872    22.88   48.66
 202097.147   354.899    20.85   47.37
 202386.282   362.472    26.19   50.60
 202675.430   366.756    14.82   47.67
 202964.591   367.567     2.81   47.68
 203253.764   355.909   -40.32   39.37
 203542.951   349.933   -20.67   33.51
 203832.150   345.827   -14.20   34.05
 204121.361   337.565   -28.57   33.63
 204410.586   334.075   -12.07   36.00
 204699.823   329.432   -16.05   36.68
 204989.073   332.890    11.96   42.22
 205278.336   338.810    20.47   43.78
 205567.611   343.630    16.66   41.25
 205856.899   338.556   -17.54   37.82
 206146.200   333.887   -16.14   38.85
 206435.514   321.412   -43.13   37.25
 206724.840   310.615   -37.32   35.92
 207014.180   299.976   -36.77   26.06
 207303.532   295.475   -15.56   23.34
 207592.896   295.100    -1.30   26.02
 207882.274   294.537    -1.95   25.53
 208171.664   296.306     6.11   24.84
 208461.067   299.384    10.64   20.11
 208750.483   297.706    -5.80   18.34
 209039.912   292.661   -17.43   16.79
 209329.353   287.407   -18.15   24.05
 209618.807   282.004   -18.67   28.06
 209908.274   276.054   -20.56   30.16
 210197.754   266.412   -33.31   31.25
 210487.247   258.433   -27.57   31.62
 210776.752   254.003   -15.30   32.42
 211066.270   253.506    -1.72   34.62
 211355.801   255.903     8.28   35.34
 211645.345   252.753   -10.88   35.46
 211934.902   253.175     1.46   35.65
 212224.471   244.628   -29.52   38.61
 212514.053   235.444   -31.72   42.11
 212803.648   227.812   -26.36   42.58
 213093.256   216.676   -38.46   41.31
 213382.877   207.616   -31.29   41.60
 213672.510   201.266   -21.93   43.79
 213962.157   200.157    -3.83   47.34
 214251.816   201.463     4.51   50.21
 214541.488   209.190    26.68   50.64
 214831.173   218.493    32.12   48.74
 215120.870   223.190    16.22   41.53
 215410.581   217.521   -19.57   38.67
 215700.304   208.269   -31.94   40.51
 215990.040   201.581   -23.09   43.11
 216279.789   197.767   -13.16   43.68
 216569.551   192.506   -18.16   41.98
 216859.326   188.852   -12.61   38.81
 217149.113   189.362     1.76   36.49
 217438.914   185.933   -11.83   37.68
 217728.727   182.974   -10.21   33.22
 218018.553   175.414   -26.09   34.73
 218308.392   165.014   -35.89   36.71
 218598.244   155.933   -31.33   33.12
 218888.109   148.690   -24.99   30.10
 219177.986   146.398    -7.91   27.23
 219467.877   148.271     6.46   30.55
 219757.780   151.615    11.54   34.94
 220047.696   154.260     9.12   40.00
 220337.625   156.584     8.02   43.25
 220627.567   160.911    14.92   44.01
 220917.522   167.392    22.36   43.07
 221207.490   167.569     0.61   38.35
 221497.470   172.957    18.58   35.97
 221787.464   187.100    48.78   41.02
 222077.470   202.429    52.87   45.74
 222367.490   215.342    44.53   38.76
 222657.522   222.827    25.81   33.79
 222947.567   229.493    22.99   31.01
 223237.625   233.561    14.03   28.84
 223525.141   227.933   -19.58   28.40
 223812.463   220.425   -26.14   23.34
 224099.798   214.290   -21.35   22.83
 224387.145   206.069   -28.62   29.12
 224674.505   194.554   -40.08   30.44
 224961.878   180.297   -49.62   33.10
 225249.263   168.561   -40.84   37.49
 225536.661   156.372   -42.42   39.27
 225824.072   143.831   -43.64   39.53
 226111.495   132.433   -39.66   34.30
 226398.931   125.660   -23.57   30.19
 226686.379   126.736     3.74   34.94
 226973.840   131.352    16.06   36.92
 227261.314   134.583    11.24   39.05
 227548.801   136.993     8.39   40.86
 227836.300   133.997   -10.42   39.25
 228123.812   130.152   -13.38   36.25
 228411.336   126.630   -12.25   32.39
 228698.873   128.221     5.53   35.28
 228986.423   127.236    -3.43   34.78
 229273.986   129.812     8.96   37.36
 229561.561   127.290    -8.77   36.22
 229849.149   131.737    15.46   40.53
 230136.749   129.138    -9.04   38.09
 230424.362   131.338     7.65   40.83
 230711.988   132.297     3.33   42.28
 230999.627   134.418     7.38   42.15
 231287.278   133.659    -2.64   40.15
 231574.942   131.897    -6.13   37.55
 231862.618   129.875    -7.03   36.29
 232150.308   133.660    13.16   35.55
 232438.010   132.279    -4.80   31.43
 232725.725   132.646     1.28   27.41
 233013.452   131.190    -5.06   25.25
 233301.192   133.940     9.56   23.19
 233588.945   141.933    27.78   26.43
 233876.711   145.976    14.05   24.16
 234164.489   145.137    -2.92   23.31
 234452.280   144.569    -1.97   22.35
 234740.083   146.842     7.90   21.69
 235027.900   151.014    14.50   25.77
 235315.729   162.972    41.55   36.11
 235603.571   169.933    24.19   40.75
 235891.426   176.310    22.16   43.38
 236179.293   180.472    14.46   42.45
 236467.173   179.398    -3.73   41.62
 236755.066   175.857   -12.30   39.19
 237042.971   173.014    -9.88   37.07
 237330.890   172.737    -0.96   37.12
 237618.821   176.002    11.34   38.73
 237906.764   180.989    17.32   41.57
 238194.721   176.661   -15.03   39.94
 238482.690   172.206   -15.47   37.59
 238770.672   176.100    13.52   42.49
 239058.667   178.565     8.56   42.47
 239346.675   181.645    10.69   44.64
 239634.695   182.094     1.56   43.21
 239922.728   190.198    28.14   44.87
 240210.774   195.317    17.78   45.47
 240498.832   195.362     0.16   42.53
 240786.904   195.855     1.71   42.79
 241074.988   191.506   -15.10   40.63
 241363.085   191.772     0.93   39.76
 241651.195   187.115   -16.17   39.98
 241939.317   179.137   -27.69   35.26
 242227.452   179.983     2.94   36.18
 242515.600   188.190    28.49   40.40
 242803.761   192.860    16.21   38.95
 243091.935   194.060     4.16   37.58
 243380.121   192.868    -4.14   37.62
 243668.321   189.290   -12.42   35.96
 243956.533   186.281   -10.44   33.55
 244244.757   180.631   -19.61   29.45
 244532.995   169.478   -38.70   20.27
 244821.245   169.009    -1.63   20.53
 245109.509   175.723    23.30   22.77
 245397.785   181.009    18.34   29.83
 245686.074   188.432    25.76   35.49
 245974.375   197.567    31.69   38.09
 246262.690   210.297    44.16   38.73
 246551.017   229.478    66.54   37.01
 246839.357   245.825    56.70   36.56
 247127.710   259.303    46.75   33.83
 247416.076   263.630    15.01   29.82
 247704.454   266.128     8.66   26.89
 247992.846   258.312   -27.11   33.96
 248281.250   245.383   -44.84   40.37
 248569.667   230.084   -53.05   41.21
 248858.097   214.206   -55.06   36.43
 249146.540   200.993   -45.82   27.97
 249434.996   197.865   -10.85   27.96
 249723.464   199.069     4.18   32.25
 250011.945   206.130    24.48   34.11
 250300.440   219.750    47.22   37.98
 250588.947   237.106    60.17   44.30
 250877.467   258.627    74.61   43.18
 251165.999   271.509    44.65   38.79
 251454.545   282.465    37.98   35.56
 251743.103   278.842   -12.56   39.84
 252031.675   269.362   -32.86   47.19
 252320.259   252.228   -59.39   53.14
 252608.856   231.019   -73.50   48.57
 252897.466   207.383   -81.91   35.40
 253186.089   196.278   -38.48   27.00
 253474.725   189.983   -21.81   22.65
 253763.373   186.014   -13.75   17.37
 254052.035   184.509    -5.21   15.58
 254340.709   184.781     0.94   15.64
 254629.396   186.721     6.72   16.11
 254918.097   188.342     5.62   16.92
 255206.810   188.140    -0.70   16.79
 255495.536   189.206     3.69   16.71
 255784.274   188.795    -1.42   16.39
 256073.026   189.088     1.01   16.16
 256361.791   187.944    -3.96   15.71
 256650.568   188.362     1.45   16.84
 256939.359   188.056    -1.06   16.28
 257228.162   189.321     4.38   21.29
 257516.979   198.524    31.87   29.33
 257805.808   210.948    43.02   40.12
 258094.650   222.646    40.51   46.63
 258383.505   239.586    58.66   50.08
 258672.373   253.383    47.77   44.38
 258961.254   264.257    37.65   34.06
 259250.148   270.766    22.54   31.80
 259539.055   274.842    14.11   31.09
 259827.974   274.463    -1.31   31.47
 260116.907   275.175     2.47   32.49
 260405.852   277.645     8.55   33.71
 260694.811   283.034    18.65   33.17
 260983.782   281.321    -5.93   35.45
 261272.767   274.260   -24.44   35.55
 261561.764   273.887    -1.29   32.99
 261850.775   278.396    15.60   29.27
 262139.798   279.884     5.15   27.05
 262428.834   284.933    17.47   28.77
 262717.883   292.757    27.07   32.34
 263006.945   299.524    23.41   31.99
 263296.021   311.987    43.12   28.00
 263585.109   321.948    34.46   25.32
 263874.210   327.645    19.71   25.13
 264163.324   328.394     2.59   24.61
 264452.451   325.440   -10.22   26.59
 264741.591   318.548   -23.84   27.53
 265030.744   311.814   -23.29   29.90
 265319.910   301.352   -36.19   28.84
 265609.088   294.433   -23.93   26.92
 265898.280   294.675     0.84   26.66
 266187.485   297.797    10.79   27.42
 266476.703   299.319     5.27   26.82
 266765.934   305.872    22.66   24.71
 267055.178   312.223    21.96   25.64
 267344.435   317.598    18.59   28.51
 267633.705   316.616    -3.40   32.74
 267922.988   307.812   -30.44   38.39
 268212.284   296.009   -40.81   40.98
 268501.592   284.452   -39.95   39.65
 268790.914   277.584   -23.74   33.73
 269080.249   276.800    -2.71   29.76
 269369.597   281.989    17.94   33.69
 269658.958   293.398    39.44   37.89
 269948.332   304.842    39.55   36.72
 270237.719   314.303    32.70   30.87
 270527.119   321.690    25.53   26.37
 270816.532   327.868    21.35   23.47
 271105.958   331.266    11.74   23.32
 271395.398   333.448     7.54   22.22
 271684.850   337.524    14.08   20.97
 271974.315   344.795    25.12   19.09
 272263.793   350.578    19.98   17.02
 272553.285   355.872    18.29   16.97
 272842.789   359.337    11.97   19.03
 273132.306   364.857    19.07   19.50
 273421.837   372.690    27.06   20.62
 273711.380   379.054    21.98   22.00
 274000.937   382.500    11.90   21.10
 274290.507   378.766   -12.90   22.26
 274580.089   374.627   -14.30   25.27
 274869.685   367.783   -23.64   30.19
 275159.294   352.342   -53.33   39.58
 275448.916   334.069   -63.10   42.27
 275738.551   314.963   -65.98   38.30
 276028.199   302.239   -43.94   35.57
 276317.860   288.903   -46.05   28.50
 276607.534   280.414   -29.31   22.56
 276897.221   275.054   -18.50   18.74
 277186.922   271.614   -11.88   15.71
 277476.635   269.075    -8.76   14.31
 277766.362   268.421    -2.26   13.03
 278056.102   269.569     3.97   13.14
 278345.854   270.784     4.19   13.55
 278635.620   275.444    16.09   17.91
 278925.399   278.433    10.32   17.45
 279215.191   283.509    17.52   19.18
 279504.996   289.372    20.24   21.39
 279794.815   297.852    29.26   25.88
 280084.646   307.556    33.49   27.47
 280374.490   310.128     8.88   27.41
 280664.348   312.327     7.59   27.05
 280954.219   316.598    14.74   26.49
 281244.103   317.198     2.07   26.15
 281534.000   317.436     0.82   24.48
 281823.910   316.106    -4.59   22.72
 282113.833   315.721    -1.33   21.17
 282403.769   322.222    22.43   26.05
 282693.719   327.913    19.63   27.52
 282983.681   333.018    17.61   28.16
 283273.657   338.082    17.47   28.58
