#    4.567  -0.174   1.071 ;Mean Elev.(m), Avg Gradient(m/km), RMS Gradient(m/km) - SRTM1     
#    4.317  -0.008   2.759 ;Mean Elev.(m), Avg Gradient(m/km), RMS Gradient(m/km) - ASTER GDEM
#    4.956  -0.167   1.070 ;Mean Elev.(m), Avg Gradient(m/km), RMS Gradient(m/km) - GMTED2010 
   2 299.436947 -33.037241     5.973     5.967  5 54669.97463217 37.702
   3 299.435008 -33.037049     6.019     5.958  5 54679.89027550 32.860
   4 299.435580 -33.037096     5.891     5.843  5 54689.80591822 36.747
   5 299.438622 -33.036979     6.224     6.221  4 54699.72155919 36.163
   6 299.440941 -33.037422     6.670     6.705  4 54709.63720438 40.679
   7 299.439248 -33.037552     6.241     6.299  4 54719.55285592 36.993
   8 299.436102 -33.037095     6.173     6.160  5 54729.46850457 38.799
   9 299.433148 -33.037453     8.273     6.158  7 54739.38415173 34.187
  10 299.430867 -33.036747     5.858     5.895  8 54749.29979847 30.646
  11 299.429670 -33.035782     6.161     6.152  8 54759.21544491 34.220
  12 299.431984 -33.037649     6.169     6.217  7 54769.13108986 27.245
  13 299.434298 -33.037433     6.567     6.548  6 54779.04673106 37.189
  14 299.436483 -33.037461     6.693     6.687  6 54788.96236995 43.085
  15 299.437431 -33.037454     6.888     6.873  5 54798.87800799 42.229
  16 299.438652 -33.037936     6.405     6.420  5 54808.79364651 36.931
  17 299.440032 -33.036889     5.998     5.796  4 54818.70928441 34.794
  18 299.438122 -33.037481     5.406     5.209  4 54828.62493688 29.572
  19 299.434791 -33.037845     5.292     5.268  6 54838.54057631 29.013
  20 299.429130 -33.035997     5.140     5.017  8 54848.45622528 35.357
  21 299.425198 -33.035044     5.397     5.317 10 54858.37187384 26.899
  22 299.424346 -33.036051    17.710    17.405 11 54868.28752292 26.992
  23 299.425517 -33.036305     5.616     5.624 10 54878.20317103 33.963
  24 299.428419 -33.036558     5.636     5.594  8 54888.11881609 30.477
  25 299.429739 -33.036783     6.089     6.089  8 54898.03445756 30.752
  26 299.428990 -33.036883     5.910     5.920  8 54907.95009639 30.921
  27 299.427857 -33.035643     5.625     5.647  9 54917.86573382 31.296
  28 299.430172 -33.037020     5.490     5.498  8 54927.78137216 30.187
  29 299.434345 -33.037605     5.292     5.260  6 54937.69700994 31.750
  30 299.438584 -33.036755     5.411     5.402  4 54947.61264571 35.493
  31 299.442644 -33.037019     5.131     5.130  3 54957.52828125 44.498
  32 299.440431 -33.037542     4.958     4.953  4 54967.44392975 35.783
  33 299.437846 -33.038101    10.095    12.105  5 54977.35957690 20.933
  34 299.434775 -33.036507     4.904     4.874  6 54987.27522338 30.476
  35 299.434948 -33.037779     5.325     5.336  6 54997.19087075 33.120
  36 299.434054 -33.036597     5.579     5.596  6 55007.10651574 37.005
  37 299.433926 -33.037612     5.264     5.251  6 55017.02215907 33.240
  38 299.432517 -33.037883     5.348     5.343  7 55026.93780086 31.968
  39 299.430661 -33.037008     5.915     5.913  8 55036.85344212 29.733
  40 299.431537 -33.035860     6.289     6.211  7 55046.76908288 40.689
  41 299.436420 -33.036307     6.252     6.202  5 55056.68472259 43.812
  42 299.441600 -33.036837     6.636     6.637  3 55066.60036013 45.015
  43 299.439805 -33.037194     6.348     6.352  4 55076.51601024 38.965
  44 299.435377 -33.037134     6.185     6.210  5 55086.43165772 40.841
  45 299.430888 -33.036104     8.341     6.346  7 55096.34730324 39.391
  46 299.429677 -33.035817     6.646     6.646  8 55106.26294868 47.389
  47 299.432188 -33.037682     8.588     6.719  7 55116.17859441 35.362
  48 299.434150 -33.036745     6.743     6.765  6 55126.09423718 43.528
  49 299.435762 -33.036715     6.960     6.950  5 55136.00987767 40.089
  50 299.436435 -33.037272     7.153     7.153  6 55145.92551637 44.913
  51 299.436021 -33.037117     7.625     7.624  6 55155.84115441 40.786
  52 299.436658 -33.037363     7.798     7.808  5 55165.75679304 40.515
  53 299.438844 -33.037967     7.969     7.970  5 55175.67243176 38.237
  54 299.439824 -33.036797     8.107     8.093  4 55185.58807364 40.946
  55 299.436545 -33.037108     8.237     8.232  5 55195.50372524 39.273
  56 299.431449 -33.036650     8.273     8.297  7 55205.41937505 42.258
  57 299.427230 -33.035700     8.274     8.317  9 55215.33502399 41.087
  58 299.426131 -33.036020     8.342     8.370  9 55225.25067267 34.180
  59 299.428205 -33.036980     8.726     8.700  9 55235.16631960 38.295
  60 299.431372 -33.036835     8.762     8.750  7 55245.08196296 33.038
  61 299.432951 -33.037613     8.772     8.790  7 55254.99760350 35.784
  62 299.430687 -33.036416     8.470     8.498  8 55264.91324187 33.759
  63 299.429010 -33.035884     8.178     8.151  8 55274.82887970 35.135
  64 299.431705 -33.037465     8.080     8.067  7 55284.74451783 35.107
  65 299.436623 -33.037267     7.878     7.919  5 55294.66015418 35.641
  66 299.440481 -33.037056     7.855     7.894  4 55304.57579309 40.153
  67 299.438786 -33.036569     7.770     7.762  4 55314.49144041 42.038
  68 299.436299 -33.036952     7.758     7.738  5 55324.40708573 44.839
  69 299.433676 -33.036568     7.697     7.744  6 55334.32272930 28.000
  70 299.432562 -33.036685     7.657     7.688  6 55344.23837263 34.605
  71 299.433235 -33.036828     7.569     7.568  6 55354.15401537 39.684
  72 299.434616 -33.037080     7.366     7.387  7 55364.06965603 29.046
  73 299.435374 -33.036749     7.156     7.235  5 55373.98529484 32.052
  74 299.436144 -33.037012     6.995     7.103  5 55383.90093273 35.600
  75 299.437668 -33.038118     6.612     6.642  5 55393.81657021 34.763
  76 299.440301 -33.038183     6.602     6.497  4 55403.73220763 36.881
  77 299.439137 -33.037599     6.767     6.770  4 55413.64785920 39.243
  78 299.438907 -33.037819     6.719     6.798  4 55423.56350822 35.952
  79 299.438306 -33.038210     6.246     6.143  5 55433.47915456 37.893
  80 299.434842 -33.037098     6.442     6.500  5 55443.39479849 34.715
  81 299.431842 -33.036069     6.023     6.028  7 55453.31044094 38.261
  82 299.432632 -33.037554     5.867     5.883  7 55463.22608327 35.490
  83 299.435881 -33.037603     5.825     5.832  6 55473.14172336 42.496
  84 299.440054 -33.037781     5.839     5.777  4 55483.05736074 33.460
  85 299.442588 -33.037401     6.264     6.272  3 55492.97299582 38.235
  86 299.443833 -33.037777     5.668     5.668  2 55502.88862974 39.316
  87 299.439689 -33.036662     6.039     6.042  4 55512.80427599 35.438
  88 299.437224 -33.038187     5.829     5.866  5 55522.71992617 33.941
  89 299.434247 -33.036362     5.521     5.542  6 55532.63557428 28.834
  90 299.433653 -33.037052    15.937    16.572  7 55542.55122148 29.928
  91 299.432487 -33.036885     6.268     6.255  6 55552.46686639 39.150
  92 299.430582 -33.036412     6.528     6.542  7 55562.38250968 37.609
  93 299.430872 -33.037043     6.228     6.229  8 55572.29815248 38.456
  94 299.432434 -33.036669     5.945     5.995  7 55582.21379374 33.374
  95 299.436046 -33.036861     6.277     6.305  5 55592.12943197 39.202
  96 299.440820 -33.037842     7.069     7.169  3 55602.04506703 36.937
  97 299.443744 -33.037706     7.050     7.050  2 55611.96069974 33.376
  98 299.444514 -33.037154     7.240     7.240  2 55621.87633365 39.636
  99 299.439532 -33.037411     7.319     7.315  4 55631.79198648 46.760
 100 299.437261 -33.037574     7.336     7.335  5 55641.70763748 40.248
 101 299.437311 -33.037781     7.525     7.542  5 55651.62328593 38.094
 102 299.437918 -33.037739     7.676     7.650  5 55661.53893046 38.261
 103 299.436704 -33.036594    15.412    16.574  5 55671.45457122 41.399
 104 299.436206 -33.037205     7.926     7.922  5 55681.37021050 40.690
 105 299.436567 -33.036648     7.961     7.964  5 55691.28584761 43.304
 106 299.439783 -33.038388     7.763     7.767  4 55701.20148359 44.020
 107 299.441004 -33.038426     7.554     7.454  4 55711.11712406 42.366
 108 299.437926 -33.037340     6.963     6.965  4 55721.03277274 40.791
 109 299.434961 -33.036684     6.630     6.605  6 55730.94841949 39.381
 110 299.434032 -33.037524     6.357     6.377  6 55740.86406562 35.741
 111 299.433349 -33.036818     6.266     6.269  6 55750.77971046 35.371
 112 299.435036 -33.037108     6.436     6.398  6 55760.69535352 38.469
 113 299.437201 -33.037045     6.667     6.741  5 55770.61099373 40.704
 114 299.439718 -33.037518     6.757     6.774  5 55780.52663079 41.612
 115 299.442032 -33.037778     6.984     6.978  3 55790.44226502 48.284
 116 299.444343 -33.037610     7.196     7.196  2 55800.35789783 40.391
 117 299.442372 -33.038364     7.285     7.276  3 55810.27354577 49.661
 118 299.440729 -33.037549     7.477     7.370  4 55820.18919386 46.950
 119 299.441400 -33.036774     7.495     7.475  3 55830.10483755 51.993
 120 299.443697 -33.037764     7.071     7.073  3 55840.02047720 48.114
 121 299.444414 -33.037897     6.901     6.901  2 55849.93611369 41.623
 122 299.444550 -33.037771     6.861     6.861  2 55859.85174838 35.060
 123 299.440268 -33.037211     7.166     7.161  4 55869.76739851 45.669
 124 299.437902 -33.036877     7.127     7.182  5 55879.68304984 39.852
 125 299.437734 -33.036873     6.978     6.989  5 55889.59869482 44.225
 126 299.439174 -33.037991     6.842     6.847  4 55899.51433441 37.621
 127 299.440996 -33.038184     6.710     6.797  4 55909.42996888 36.460
 128 299.436619 -33.037631     6.338     6.410  5 55919.34561962 34.598
 129 299.433890 -33.036742     6.005     6.037  7 55929.26127206 34.801
 130 299.434108 -33.036242     5.787     5.783  6 55939.17692106 36.366
 131 299.435617 -33.037009     5.337     5.371  6 55949.09256556 36.633
 132 299.435741 -33.036583     8.533     5.822  5 55959.00820525 36.594
 133 299.435921 -33.037102     6.161     6.172  5 55968.92384294 40.201
 134 299.436738 -33.036991     8.728     5.951  5 55978.83947985 37.124
 135 299.439992 -33.037428     5.913     5.965  3 55988.75511654 33.632
 136 299.442806 -33.038826     6.040     6.038  3 55998.67075904 28.415
 137 299.440147 -33.037263     9.454     6.515  4 56008.58641006 29.575
 138 299.438370 -33.038038     5.797     5.787  5 56018.50205739 36.913
 139 299.434216 -33.036149     5.757     5.719  6 56028.41770075 35.504
 140 299.432718 -33.037190    12.126    11.989  7 56038.33334290 23.581
 141 299.433254 -33.036531     6.090     6.041  7 56048.24898268 36.909
 142 299.436463 -33.037162     6.057     6.028  6 56058.16462005 43.975
 143 299.441592 -33.037500     6.630     6.518  3 56068.08025311 39.126
 144 299.438596 -33.037577     6.225     6.262  4 56077.99590290 39.700
 145 299.435183 -33.038028     6.094     6.104  6 56087.91155085 34.706
 146 299.432631 -33.036672     6.188     6.197  7 56097.82719620 40.149
 147 299.433731 -33.036747     6.515     6.518  6 56107.74284017 41.213
 148 299.437007 -33.036943     6.926     6.929  5 56117.65847004 46.399
 149 299.441160 -33.037715     7.132     7.089  3 56127.57410807 45.265
 150 299.443893 -33.038331     6.816     6.839  3 56137.48974223 43.370
 151 299.440057 -33.036998     6.885     6.769  4 56147.40538715 46.171
 152 299.437320 -33.037694     9.277     6.824  5 56157.32103592 40.904
 153 299.436548 -33.037730     6.472     6.496  5 56167.23668367 40.916
 154 299.437151 -33.036471     8.987     6.378  5 56177.15232866 42.598
 155 299.440108 -33.037954     6.624     6.505  4 56187.06796963 35.546
 156 299.440759 -33.037128     6.415     6.324  4 56196.98360633 38.599
 157 299.440858 -33.037031     6.538     6.585  3 56206.89924044 39.963
 158 299.441444 -33.036836     6.661     6.655  3 56216.81487333 43.011
 159 299.441713 -33.037505     6.612     6.606  3 56226.73051560 46.379
 160 299.440344 -33.038612     6.232     6.214  4 56236.64617109 36.165
 161 299.438281 -33.037666     6.337     6.276  5 56246.56182232 36.317
 162 299.436155 -33.036751     6.147     6.131  5 56256.47746851 32.480
 163 299.434131 -33.036199     5.681     5.683  6 56266.39311093 40.281
 164 299.433724 -33.036664     5.903     5.885  6 56276.30875185 30.260
 165 299.433771 -33.036893     6.538     6.556  7 56286.22439872 35.909
 166 299.435044 -33.037402     6.176     6.190  6 56296.14004896 36.652
 167 299.435767 -33.036991     6.026     6.004  6 56306.05569484 34.155
 168 299.435046 -33.036832     6.321     6.335  6 56315.97133749 39.306
 169 299.433540 -33.037393    15.348    16.089  7 56325.88697867 27.615
 170 299.433327 -33.037200     5.284     5.114  6 56335.80261909 33.051
 171 299.436115 -33.037410     5.782     5.806  6 56345.71825876 35.607
 172 299.440804 -33.038095     6.231     6.237  4 56355.63389634 36.663
 173 299.439908 -33.037460     6.693     6.744  4 56365.54954298 33.366
 174 299.435797 -33.036497     6.766     6.771  5 56375.46519166 41.938
 176 299.428967 -33.035640     6.657     6.648  8 56395.29648037 31.208
 177 299.430275 -33.036262     6.649     6.681  8 56405.21212187 34.381
 178 299.434168 -33.037231     6.974     6.963  7 56415.12776038 41.312
 179 299.439776 -33.037633     7.151     7.098  4 56425.04339403 44.710
 180 299.438620 -33.037823     6.834     6.840  4 56434.95904090 36.582
 181 299.433313 -33.036600     6.793     6.758  7 56444.87469182 37.075
 182 299.430252 -33.036805     6.690     6.750  7 56454.79034090 30.074
 183 299.430293 -33.037329     6.778     6.778  8 56464.70598763 32.790
 184 299.432758 -33.037300     6.721     6.725  7 56474.62163089 36.790
 185 299.436334 -33.037294     7.238     7.249  6 56484.53727089 45.129
 186 299.438536 -33.037504     7.606     7.620  4 56494.45290754 42.081
 187 299.439917 -33.037684     8.001     7.990  4 56504.36854187 45.986
 188 299.443073 -33.038326     7.791     7.777  3 56514.28417471 46.816
 189 299.441240 -33.037813     7.627     7.588  4 56524.19982528 50.175
 190 299.440006 -33.037079     7.128     7.065  4 56534.11547590 45.146
 192 299.436782 -33.036450     6.412     6.412  5 56553.94676673 43.954
 193 299.434728 -33.036832     6.100     6.055  6 56563.86240924 33.508
 194 299.433377 -33.036338     6.017     5.984  6 56573.77805061 30.579
 195 299.435214 -33.036679     6.127     6.128  6 56583.69369024 34.494
 196 299.440338 -33.036905     6.192     6.152  4 56593.60932565 37.326
 197 299.438320 -33.037340     9.114     6.670  5 56603.52497905 32.347
 198 299.435845 -33.037096     6.652     6.658  5 56613.44062811 39.235
 199 299.434658 -33.037689    19.817    21.383  6 56623.35627316 30.002
 200 299.434185 -33.037300     6.458     6.448  7 56633.27191506 36.257
 201 299.437742 -33.038331     6.228     6.205  5 56643.18755277 40.560
 202 299.436321 -33.036525     6.187     6.181  5 56653.10320340 32.279
 203 299.436042 -33.036986     5.985     5.953  6 56663.01885268 38.152
 204 299.434869 -33.036925     5.783     5.758  6 56672.93449920 36.006
 205 299.433166 -33.037344     6.011     5.968  7 56682.85014455 29.793
 206 299.432626 -33.036832    11.028    13.336  7 56692.76578788 37.929
 207 299.435481 -33.037470    10.966    11.372  6 56702.68142772 35.759
 208 299.440184 -33.038173     6.661     6.746  4 56712.59706262 30.805
 209 299.437949 -33.037959     6.184     6.259  5 56722.51271000 34.443
 210 299.432448 -33.036472     6.104     6.091  7 56732.42836079 36.846
 211 299.428448 -33.035639     6.001     5.901  8 56742.34400793 33.282
 212 299.428549 -33.036575     6.631     6.641  8 56752.25965119 36.768
 213 299.432364 -33.037478     6.964     6.971  7 56762.17528931 35.635
 214 299.438091 -33.037292     7.158     7.166  5 56772.09092047 43.400
 215 299.434252 -33.037504     6.965     6.955  6 56782.00657672 34.509
 216 299.430420 -33.037601     7.055     7.082  8 56791.92223034 35.557
 217 299.425682 -33.035288     7.260     7.267 10 56801.83788065 34.028
 218 299.426094 -33.035623     7.221     7.211 10 56811.75352474 33.286
 219 299.429252 -33.036954     7.143     7.141  8 56821.66916523 31.478
 220 299.433348 -33.036709     7.526     7.563  7 56831.58480131 41.271
 221 299.439056 -33.038039     7.653     7.689  4 56841.50043449 38.960
 222 299.440924 -33.037837     8.116     8.118  4 56851.41607194 42.550
 223 299.436271 -33.037004     8.164     8.169  5 56861.33172531 35.499
 224 299.433347 -33.037064     8.352     8.342  6 56871.24737822 53.264
 225 299.432635 -33.037804     8.015     8.030  7 56881.16302846 36.032
 226 299.431940 -33.037262     7.907     7.917  7 56891.07867480 35.563
 227 299.430357 -33.036265     7.858     7.864  7 56900.99431802 41.116
 228 299.428269 -33.036270     7.177     7.183  8 56910.90995959 31.722
 229 299.428263 -33.036557     7.602     7.098  9 56920.82560013 31.438
 230 299.431116 -33.037230     6.813     6.784  8 56930.74123911 30.761
 231 299.435804 -33.036619     7.191     7.201  5 56940.65687326 31.030
 232 299.439217 -33.037488     7.366     7.372  5 56950.57251343 39.689
 233 299.436082 -33.037543     7.394     7.391  5 56960.48816545 28.164
 234 299.432935 -33.036657     7.085     7.046  6 56970.40381211 32.564
 235 299.433286 -33.037339     6.815     6.813  6 56980.31945529 35.791
 236 299.435958 -33.037159     6.850     6.851  6 56990.23509389 38.290
 237 299.441541 -33.036673     6.911     6.858  3 57000.15072627 46.918
 238 299.439201 -33.036922     6.740     6.742  4 57010.06638063 39.566
 239 299.436673 -33.037125     6.861     6.835  5 57019.98203262 41.253
 240 299.433832 -33.036622     7.092     7.103  6 57029.89768172 33.975
 241 299.432624 -33.037268     7.443     7.443  7 57039.81332969 30.041
 242 299.432735 -33.037485     7.465     7.501  7 57049.72897562 33.780
 243 299.434570 -33.036922     7.487     7.477  6 57059.64461759 36.282
 244 299.437929 -33.038013     7.268     7.264  5 57069.56025432 34.361
 245 299.439315 -33.037002     7.238     7.332  4 57079.47588611 33.842
 246 299.439143 -33.037821     7.380     7.385  5 57089.39152428 39.813
 247 299.432467 -33.036633     7.284     7.287  7 57099.30718156 40.831
 248 299.429643 -33.036212     7.091     7.076  8 57109.22283609 44.165
 249 299.431097 -33.036769     6.720     6.714  8 57119.13848568 35.274
 250 299.432606 -33.036803     6.473     6.469  7 57129.05412914 39.985
 251 299.433466 -33.036574     6.131     6.100  7 57138.96976694 39.231
 252 299.435363 -33.037460     6.507     6.510  6 57148.88540157 31.885
 253 299.439078 -33.037639     6.599     6.585  4 57158.80103366 30.950
 254 299.439353 -33.038190     6.515     6.575  4 57168.71668318 28.959
 255 299.437051 -33.037064     6.485     6.391  5 57178.63233881 37.799
 256 299.435994 -33.037899     6.469     6.446  6 57188.54799083 36.284
 257 299.433931 -33.037535     6.572     6.547  6 57198.46363847 34.488
 258 299.431557 -33.036150     6.822     6.816  7 57208.37927194 40.014
 259 299.431736 -33.036763     6.833     6.835  7 57218.29491601 43.524
 260 299.433650 -33.037136     7.053     7.054  6 57228.21055907 39.967
 261 299.436118 -33.037158     7.322     7.398  5 57238.12619991 36.247
 262 299.438391 -33.037061     7.819     7.828  5 57248.04183745 36.251
 263 299.439385 -33.036805     7.973     7.870  4 57257.95747235 43.225
 264 299.440209 -33.037400     7.739     7.720  3 57267.87310649 41.013
 265 299.437585 -33.036629     7.212     7.213  5 57277.78875409 41.290
 266 299.436095 -33.037746     6.743     6.785  6 57287.70441069 33.606
 267 299.434428 -33.036245     6.571     6.617  6 57297.62006402 38.170
 268 299.435146 -33.038163     6.243     6.167  6 57307.53571470 34.950
 269 299.432591 -33.037520     6.224     6.182  7 57317.45136092 32.597
 270 299.429481 -33.036183    10.106    10.779  8 57327.36700347 32.938
 271 299.429750 -33.036496     8.732     6.569  8 57337.28264438 38.419
 272 299.430322 -33.036358     6.836     6.831  8 57347.19829206 35.813
 273 299.433036 -33.037842     7.209     7.210  7 57357.11393930 40.685
 274 299.434288 -33.036620     7.449     7.455  6 57367.02958241 39.487
 275 299.435478 -33.037541     7.715     7.706  6 57376.94522295 34.778
 276 299.435726 -33.037344     8.256     8.262  6 57386.86086167 40.495
 277 299.437782 -33.038035     8.787     8.802  5 57396.77650022 35.667
 278 299.440951 -33.037742     8.942     8.948  3 57406.69213762 38.538
 279 299.439364 -33.036982     8.858     8.875  4 57416.60778892 37.529
 280 299.436345 -33.036510     8.843     8.865  5 57426.52344033 34.128
 281 299.431932 -33.036023     8.636     8.618  7 57436.43908860 41.300
 282 299.428951 -33.036751     8.548     8.543  8 57446.35473527 37.254
 283 299.427702 -33.036508     8.140     8.142  9 57456.27038077 41.835
 284 299.429859 -33.036267    11.461     8.080  8 57466.18602410 26.246
 285 299.435023 -33.036426     8.325     8.332  6 57476.10166382 42.793
 286 299.439983 -33.037956     8.456     8.498  4 57486.01730034 32.191
 287 299.441650 -33.037365     8.642     8.583  3 57495.93293370 34.000
 288 299.442967 -33.038534     8.318     8.211  3 57505.84856854 38.013
 289 299.437217 -33.037559     8.320     8.390  5 57515.76422421 32.319
 290 299.435242 -33.036716     8.151     8.149  6 57525.67987785 39.761
 291 299.435894 -33.036917     7.804     7.773  6 57535.59552951 31.514
 292 299.435964 -33.037508     7.829     7.836  6 57545.51117833 40.125
 293 299.434028 -33.036951     7.480     7.471  7 57555.42682451 42.597
 294 299.431971 -33.036383     9.339     7.580  7 57565.34246897 29.647
 295 299.432278 -33.037679     7.506     7.507  7 57575.25811319 34.778
 296 299.433375 -33.037672     7.462     7.492  7 57585.17375638 31.205
 297 299.435248 -33.037840     9.614     7.560  6 57595.08939758 30.324
