-130453.882    34.185     0.00    1.50
-130165.006    33.895    -1.00    1.78
-129876.115    33.661    -0.81    1.77
-129587.208    33.212    -1.55    2.09
-129298.285    32.904    -1.07    2.16
-129009.346    32.525    -1.31    2.28
-128720.392    31.890    -2.20    2.42
-128431.421    31.509    -1.32    2.42
-128142.434    31.028    -1.66    2.33
-127853.432    30.670    -1.24    2.26
-127564.413    30.330    -1.17    2.10
-127275.379    29.942    -1.34    2.18
-126986.329    29.876    -0.23    2.08
-126697.263    29.677    -0.69    2.08
-126408.180    29.580    -0.34    2.20
-126119.082    29.341    -0.83    2.29
-125829.968    28.801    -1.87    2.25
-125540.838    28.624    -0.61    2.16
-125251.692    28.168    -1.58    2.04
-124962.530    27.609    -1.94    1.72
-124673.352    27.493    -0.40    1.70
-124384.159    27.200    -1.01    1.87
-124094.949    27.080    -0.41    1.93
-123805.723    27.139     0.20    2.07
-123516.481    26.565    -1.98    2.03
-123227.224    26.595     0.10    1.91
-122937.950    26.409    -0.64    1.89
-122648.660    26.366    -0.15    2.08
-122359.355    26.609     0.84    2.42
-122070.033    27.352     2.57    3.39
-121780.695    27.492     0.48    3.34
-121491.342    27.757     0.91    3.75
-121201.972    27.301    -1.58    2.99
-120912.586    27.043    -0.89    2.79
-120623.185    26.899    -0.50    2.69
-120333.767    26.805    -0.32    2.67
-120044.333    26.294    -1.77    1.42
-119754.884    26.209    -0.30    1.48
-119465.418    26.073    -0.47    1.48
-119175.936    25.977    -0.33    1.39
-118886.439    25.845    -0.46    1.27
-118596.925    25.754    -0.31    1.29
-118307.395    25.537    -0.75    1.18
-118017.849    25.509    -0.10    1.27
-117728.288    25.394    -0.39    1.25
-117438.710    25.337    -0.20    1.20
-117149.116    25.360     0.08    1.20
-116859.506    25.315    -0.15    1.23
-116569.880    25.360     0.15    1.36
-116280.238    25.337    -0.08    1.35
-115990.580    25.200    -0.47    1.35
-115700.905    25.209     0.03    1.40
-115411.215    25.066    -0.49    1.28
-115121.509    24.834    -0.80    1.51
-114831.786    24.580    -0.88    1.46
-114542.048    24.433    -0.51    1.41
-114252.293    24.421    -0.04    1.45
-113962.523    24.284    -0.47    1.40
-113672.736    24.066    -0.75    1.50
-113382.933    24.080     0.05    1.39
-113093.115    24.037    -0.15    1.30
-112803.280    23.977    -0.21    1.38
-112513.429    23.712    -0.91    1.37
-112223.561    23.404    -1.07    1.42
-111933.678    23.256    -0.51    1.34
-111643.779    22.986    -0.93    1.45
-111353.863    22.622    -1.25    1.40
-111063.932    22.452    -0.59    1.42
-110773.984    22.021    -1.48    1.21
-110484.020    21.992    -0.10    1.22
-110194.041    21.894    -0.34    1.23
-109906.533    21.909     0.05    1.21
-109619.963    22.009     0.35    1.20
-109333.379    22.037     0.10    1.24
-109046.778    22.237     0.70    1.25
-108760.162    22.341     0.36    1.13
-108473.530    22.345     0.01    1.28
-108186.882    22.433     0.31    1.26
-107900.219    22.504     0.25    1.29
-107613.540    22.610     0.37    1.34
-107326.845    22.866     0.89    1.41
-107040.135    23.015     0.52    1.43
-106753.409    23.172     0.55    1.40
-106466.667    23.270     0.34    1.36
-106179.909    23.450     0.63    1.26
-105893.136    23.625     0.61    1.28
-105606.347    23.729     0.36    1.38
-105319.543    23.874     0.51    1.40
-105032.722    23.880     0.02    1.33
-104745.886    23.837    -0.15    1.30
-104459.034    23.941     0.36    1.30
-104172.167    23.866    -0.26    1.36
-103885.283    23.740    -0.44    1.43
-103598.384    23.712    -0.09    1.38
-103311.470    23.668    -0.15    1.31
-103024.539    23.786     0.41    1.38
-102737.593    23.874     0.31    1.34
-102450.631    24.017     0.50    1.30
-102163.653    23.900    -0.41    1.37
-101876.659    23.937     0.13    1.43
-101589.650    24.102     0.57    1.48
-101302.625    24.073    -0.10    1.50
-101015.584    24.360     1.00    1.43
-100728.528    24.492     0.46    1.45
-100441.455    24.624     0.46    1.42
-100154.367    24.791     0.58    1.37
 -99867.263    24.693    -0.34    1.39
 -99580.143    24.723     0.11    1.29
 -99293.008    24.752     0.10    1.48
 -99005.856    24.624    -0.44    1.40
 -98718.689    24.864     0.83    1.54
 -98431.507    24.815    -0.17    1.74
 -98144.308    24.948     0.46    2.05
 -97857.093    25.180     0.81    2.05
 -97569.863    25.256     0.26    2.12
 -97282.617    25.523     0.93    1.93
 -96995.355    25.537     0.05    1.91
 -96708.077    25.493    -0.15    1.76
 -96420.784    25.610     0.41    1.60
 -96133.474    25.492    -0.41    1.48
 -95846.149    25.207    -0.99    1.62
 -95558.808    25.537     1.15    1.93
 -95271.451    25.580     0.15    2.00
 -94984.079    25.624     0.15    1.91
 -94696.690    25.494    -0.45    2.28
 -94409.286    25.319    -0.61    2.17
 -94121.866    25.292    -0.09    1.87
 -93834.430    25.860     1.97    2.96
 -93546.978    26.132     0.95    2.89
 -93259.510    26.280     0.51    2.79
 -92972.026    25.994    -0.99    1.81
 -92684.527    25.933    -0.21    1.67
 -92397.012    25.932    -0.00    1.67
 -92109.480    26.116     0.64    1.52
 -91821.933    26.297     0.63    1.57
 -91534.370    26.389     0.32    1.47
 -91246.792    26.386    -0.01    1.41
 -90959.197    26.694     1.07    1.48
 -90671.586    26.923     0.79    1.56
 -90383.960    26.998     0.26    1.51
 -90096.318    26.880    -0.41    1.56
 -89808.659    27.009     0.45    1.70
 -89520.985    26.849    -0.56    1.84
 -89233.295    26.727    -0.42    1.86
 -88945.589    26.535    -0.67    2.11
 -88657.868    26.337    -0.69    2.02
 -88370.130    26.152    -0.65    1.95
 -88082.376    25.998    -0.53    1.82
 -87794.607    26.009     0.04    1.57
 -87506.821    26.094     0.30    1.59
 -87219.020    26.132     0.13    1.66
 -86931.203    26.462     1.15    1.60
 -86643.369    26.595     0.46    1.89
 -86355.520    26.566    -0.10    1.88
 -86067.655    26.509    -0.20    1.82
 -85779.774    26.640     0.46    1.77
 -85491.877    26.409    -0.80    1.48
 -85203.964    26.537     0.45    1.47
 -84916.035    26.341    -0.68    1.52
 -84628.091    25.889    -1.57    1.82
 -84340.130    25.028    -2.99    2.64
 -84052.153    23.794    -4.28    3.52
 -83764.160    22.242    -5.39    4.02
 -83476.152    20.203    -7.08    4.18
 -83188.127    18.637    -5.44    3.92
 -82900.087    17.237    -4.86    3.20
 -82612.030    16.021    -4.22    2.06
 -82323.958    15.360    -2.30    1.55
 -82035.869    15.286    -0.26    1.80
 -81747.765    15.780     1.71    2.23
 -81459.644    16.214     1.51    2.42
 -81171.508    17.323     3.85    2.43
 -80883.356    18.223     3.12    2.69
 -80595.187    19.523     4.51    2.87
 -80307.003    20.725     4.17    2.47
 -80018.802    21.654     3.22    2.13
 -79730.586    22.521     3.01    1.85
 -79442.354    23.252     2.53    1.50
 -79154.105    23.705     1.57    1.38
 -78865.841    24.052     1.20    1.18
 -78577.560    24.228     0.61    0.99
 -78289.264    24.355     0.44    1.04
 -78000.951    24.423     0.24    1.07
 -77712.623    24.198    -0.78    1.29
 -77424.278    23.977    -0.76    1.37
 -77135.918    23.809    -0.58    1.56
 -76847.541    23.539    -0.94    1.65
 -76559.149    23.223    -1.10    1.74
 -76270.740    23.129    -0.32    1.74
 -75982.315    22.874    -0.88    1.81
 -75693.874    22.437    -1.51    1.87
 -75405.418    21.845    -2.05    1.72
 -75116.945    21.536    -1.07    1.72
 -74828.456    21.087    -1.56    1.65
 -74539.951    20.635    -1.57    1.73
 -74251.430    20.066    -1.97    1.50
 -73962.893    19.820    -0.85    1.58
 -73674.340    19.668    -0.52    1.82
 -73385.770    19.780     0.39    1.92
 -73097.185    20.007     0.78    1.95
 -72808.584    20.638     2.19    2.01
 -72519.966    21.094     1.58    1.89
 -72231.332    21.320     0.78    1.89
 -71942.683    21.623     1.05    1.84
 -71654.017    21.837     0.74    1.79
 -71365.335    21.860     0.08    1.94
 -71076.637    21.952     0.32    1.77
 -70787.923    22.007     0.19    1.76
 -70499.193    22.131     0.43    1.73
 -70210.447    21.974    -0.54    1.77
 -69921.684    21.731    -0.84    2.04
 -69632.906    21.609    -0.42    1.96
 -69344.111    21.394    -0.74    2.14
 -69055.300    20.801    -2.06    2.26
 -68766.474    20.266    -1.85    2.41
 -68477.631    19.830    -1.51    2.33
 -68188.771    19.423    -1.41    2.12
 -67899.896    19.200    -0.77    2.07
 -67611.005    19.191    -0.03    2.24
 -67322.097    18.904    -0.99    2.51
 -67033.174    18.855    -0.17    2.63
 -66744.234    18.948     0.32    2.43
 -66455.278    19.037     0.31    2.39
 -66166.306    19.203     0.57    2.33
 -65877.317    19.327     0.43    2.54
 -65588.313    20.137     2.80    2.74
 -65299.292    20.413     0.96    2.61
 -65010.255    21.482     3.70    4.64
 -64721.202    21.884     1.39    4.83
 -64432.133    22.668     2.71    5.54
 -64143.048    24.007     4.63    6.75
 -63853.946    24.493     1.68    7.42
 -63564.829    25.355     2.98    8.00
 -63275.695    26.334     3.39    8.48
 -62986.545    26.904     1.97    8.11
 -62697.379    27.994     3.77    7.82
 -62408.196    28.580     2.03    7.50
 -62118.998    29.565     3.41    6.60
 -61829.783    29.610     0.15    5.08
 -61540.552    28.523    -3.76    4.49
 -61251.304    27.594    -3.21    4.09
 -60962.041    27.044    -1.90    4.20
 -60672.761    25.923    -3.87    3.56
 -60383.465    25.623    -1.04    3.36
 -60094.153    25.437    -0.64    3.44
 -59804.825    25.477     0.14    3.05
 -59515.480    25.757     0.97    2.92
 -59226.119    25.780     0.08    2.65
 -58936.742    25.512    -0.93    2.19
 -58647.349    25.894     1.32    2.35
 -58357.939    25.837    -0.20    2.41
 -58068.514    25.845     0.03    2.59
 -57779.072    25.723    -0.42    2.59
 -57489.613    25.168    -1.92    2.02
 -57200.139    24.769    -1.38    1.63
 -56910.648    24.679    -0.31    1.54
 -56621.141    24.742     0.22    1.57
 -56331.618    24.890     0.51    1.55
 -56042.078    24.894     0.02    1.56
 -55752.522    25.227     1.15    1.36
 -55462.950    25.152    -0.26    1.39
 -55173.362    25.139    -0.04    1.42
 -54883.757    25.037    -0.35    1.59
 -54594.136    24.946    -0.31    1.58
 -54304.499    25.101     0.53    1.29
 -54014.845    25.129     0.10    1.24
 -53725.175    25.015    -0.40    1.14
 -53435.489    25.051     0.12    1.11
 -53145.786    25.180     0.45    1.08
 -52856.068    25.257     0.26    1.00
 -52566.333    25.466     0.72    0.99
 -52276.581    25.538     0.25    0.98
 -51986.813    25.512    -0.09    0.86
 -51697.029    25.609     0.33    0.93
 -51407.229    25.771     0.56    0.95
 -51117.412    25.801     0.10    0.97
 -50827.579    25.845     0.15    1.07
 -50537.730    25.794    -0.17    1.15
 -50247.864    25.723    -0.25    1.23
 -49957.982    25.670    -0.18    1.36
 -49668.084    25.693     0.08    1.38
 -49378.169    25.682    -0.04    1.54
 -49088.238    25.742     0.21    1.57
 -48798.291    25.860     0.41    1.67
 -48508.327    25.899     0.14    1.73
 -48218.347    26.087     0.65    1.79
 -47929.206    26.177     0.31    1.73
 -47642.674    25.918    -0.90    1.65
 -47356.127    25.952     0.12    1.70
 -47069.563    25.942    -0.03    1.71
 -46782.984    25.809    -0.47    1.61
 -46496.388    25.889     0.28    1.75
 -46209.777    25.992     0.36    1.77
 -45923.150    26.109     0.41    1.78
 -45636.506    25.950    -0.55    1.70
 -45349.847    25.693    -0.90    1.75
 -45063.172    25.538    -0.54    1.65
 -44776.481    25.369    -0.59    1.40
 -44489.775    25.166    -0.71    1.30
 -44203.052    24.786    -1.32    1.55
 -43916.313    24.271    -1.79    1.90
 -43629.558    23.380    -3.11    2.53
 -43342.788    22.363    -3.55    3.10
 -43056.001    21.029    -4.65    3.27
 -42769.198    20.421    -2.12    2.97
 -42482.380    19.667    -2.63    2.37
 -42195.545    19.409    -0.90    2.25
 -41908.695    19.610     0.70    2.53
 -41621.829    20.212     2.10    3.02
 -41334.946    21.537     4.62    2.56
 -41048.048    22.366     2.89    2.54
 -40761.134    23.309     3.29    2.35
 -40474.203    24.137     2.89    2.12
 -40187.257    24.852     2.49    1.67
 -39900.295    25.452     2.09    2.06
 -39613.317    26.000     1.91    2.07
 -39326.322    24.977    -3.57    5.95
 -39039.312    23.623    -4.72    8.30
 -38752.286    22.327    -4.52   10.06
 -38465.244    20.834    -5.20   11.42
 -38178.186    19.323    -5.26   12.14
 -37891.111    17.183    -7.45   12.83
 -37604.021    15.394    -6.23   12.88
 -37316.915    14.404    -3.45   12.85
 -37029.793    13.021    -4.81   12.43
 -36742.654    12.237    -2.73   12.05
 -36455.500    11.852    -1.34   11.86
 -36168.330    11.594    -0.90   11.79
 -35881.143    10.580    -3.53   11.59
 -35593.941     9.677    -3.14   11.64
 -35306.722     9.214    -1.61   11.66
 -35019.488     9.152    -0.22   11.91
 -34732.237     8.315    -2.91   11.47
 -34444.971     7.051    -4.40   10.76
 -34157.688     6.639    -1.43   10.36
 -33870.390     6.637    -0.01   10.63
 -33583.075     6.369    -0.93   10.67
 -33295.744     6.453     0.29   10.85
 -33008.397     5.866    -2.04   10.87
 -32721.034     6.009     0.50   11.44
 -32433.655     5.198    -2.82   10.91
 -32146.260     3.095    -7.32    8.77
 -31858.849     3.418     1.13    8.70
 -31571.422     2.166    -4.36    7.24
 -31283.979     1.946    -0.76    6.95
 -30996.519     1.923    -0.08    7.07
 -30709.044     1.737    -0.65    6.71
 -30421.552     1.594    -0.50    6.11
 -30134.045     2.212     2.15    6.72
 -29846.521     1.639    -1.99    3.53
 -29558.981     2.309     2.33    3.70
 -29271.425     3.080     2.68    3.88
 -28983.853     3.805     2.52    3.88
 -28696.265     4.174     1.28    3.76
 -28408.661     4.347     0.60    3.47
 -28121.040     4.496     0.52    3.15
 -27833.404     4.624     0.44    2.95
 -27545.751     4.948     1.13    2.70
 -27258.083     4.923    -0.09    2.56
 -26970.398     5.315     1.36    2.17
 -26682.697     5.052    -0.92    1.82
 -26394.980     4.425    -2.18    2.35
 -26107.246     3.635    -2.75    2.60
 -25819.497     2.834    -2.78    2.90
 -25531.731     1.942    -3.10    2.67
 -25243.950     1.507    -1.51    2.85
 -24956.152     1.524     0.06    3.18
 -24668.338     1.798     0.95    3.51
 -24380.507     2.735     3.26    3.94
 -24092.661     3.594     2.98    3.99
 -23804.799     4.608     3.52    3.80
 -23516.920     5.327     2.50    3.22
 -23229.025     5.994     2.32    2.74
 -22941.114     6.110     0.40    2.40
 -22653.187     5.962    -0.51    2.38
 -22365.243     5.698    -0.92    2.54
 -22077.284     5.494    -0.71    2.50
 -21789.308     5.200    -1.02    2.54
 -21501.316     5.186    -0.05    2.39
 -21213.308     4.766    -1.46    2.16
 -20925.284     4.880     0.40    2.13
 -20637.243     4.992     0.39    2.01
 -20349.186     4.639    -1.23    2.54
 -20061.113     4.286    -1.23    2.82
 -19773.024     4.194    -0.32    2.86
 -19484.919     4.059    -0.47    2.98
 -19196.797     3.809    -0.87    2.80
 -18908.659     3.707    -0.35    2.76
 -18620.505     4.380     2.34    2.80
 -18332.335     4.845     1.61    2.37
 -18044.148     4.904     0.20    2.09
 -17755.946     4.866    -0.13    2.11
 -17467.727     4.696    -0.59    2.30
 -17179.492     4.439    -0.89    2.33
 -16891.240     4.194    -0.85    2.35
 -16602.972     3.848    -1.20    2.50
 -16314.688     3.439    -1.42    2.73
 -16026.388     2.783    -2.28    2.83
 -15738.072     2.212    -1.98    2.79
 -15449.739     1.894    -1.10    2.97
 -15161.390     1.538    -1.24    3.09
 -14873.025     2.052     1.78    4.49
 -14584.643     2.129     0.27    4.72
 -14296.245     2.482     1.22    6.13
 -14007.831     2.466    -0.05    7.30
 -13719.401     3.036     1.98    8.28
 -13430.954     2.771    -0.92    8.83
 -13142.491     2.727    -0.15    8.82
 -12854.012     2.209    -1.80    8.00
 -12565.517     1.482    -2.52    5.73
 -12277.005     1.203    -0.96    5.01
 -11988.477     1.237     0.12    4.44
 -11699.932     1.397     0.55    4.32
 -11411.372     1.694     1.03    4.22
 -11122.795     1.433    -0.91    3.27
 -10834.201     1.918     1.68    3.58
 -10545.592     1.737    -0.63    3.36
 -10256.966     1.347    -1.35    3.15
  -9968.323     1.186    -0.56    2.99
  -9679.665     1.636     1.56    3.43
  -9390.990     2.058     1.46    3.55
  -9102.298     2.080     0.08    3.29
  -8813.591     2.374     1.02    3.20
  -8524.867     3.000     2.17    3.11
  -8236.126     3.025     0.08    2.82
  -7947.370     3.320     1.02    2.66
  -7658.597     3.394     0.26    2.37
  -7369.807     3.284    -0.38    2.20
  -7081.002     3.266    -0.06    2.08
  -6792.180     3.242    -0.08    2.00
  -6503.341     3.007    -0.81    2.01
  -6214.486     3.095     0.31    1.81
  -5925.615     2.834    -0.90    2.03
  -5636.728     3.166     1.15    2.32
  -5347.824     2.876    -1.00    2.44
  -5058.904     2.890     0.05    2.71
  -4769.967     2.682    -0.72    2.83
  -4481.014     2.537    -0.50    2.86
  -4192.044     2.286    -0.87    2.90
  -3903.059     1.845    -1.53    2.84
  -3614.056     1.330    -1.78    2.57
  -3325.038     1.066    -0.91    2.46
  -3036.003     0.758    -1.06    2.16
  -2746.951     0.313    -1.54    1.71
  -2457.883    -0.014    -1.13    1.41
  -2168.799    -0.199    -0.64    1.10
  -1879.698    -0.291    -0.32    0.96
  -1590.581    -0.420    -0.44    0.00
  -1301.448    -0.420     0.00    0.00
  -1012.298    -0.420     0.00    0.00
   -723.132    -0.420     0.00    0.00
   -433.949    -0.420     0.00    0.00
   -144.750    -0.420     0.00    0.00
    144.466    -0.420     0.00    0.00
    433.698    -0.120     1.04    1.43
    722.947     0.228     1.20    2.06
   1012.212     1.009     2.70    3.93
   1301.493     1.537     1.83    4.67
   1590.791     2.524     3.41    6.18
   1880.106     2.723     0.69    6.10
   2169.436     3.609     3.06    7.19
   2458.784     4.198     2.03    7.96
   2748.148     4.771     1.98    8.56
   3037.528     6.337     5.41    9.72
   3326.925     7.744     4.86   10.76
   3616.338     7.923     0.62   10.62
   3905.767     8.636     2.47   10.45
   4195.214     8.960     1.12   10.00
   4484.676     9.537     1.99    9.54
   4774.155    10.036     1.72    9.30
   5063.651     9.522    -1.78    8.57
   5353.163    10.636     3.85    8.74
   5642.692    11.169     1.84    9.01
   5932.237    12.015     2.92    9.29
   6221.799    13.566     5.36    9.69
   6511.377    14.860     4.47    9.76
   6800.972    16.214     4.68    9.64
   7090.583    17.290     3.72    9.08
   7380.210    17.029    -0.90    8.79
   7669.855    17.101     0.25    8.08
   7959.515    16.288    -2.81    7.46
   8249.193    15.609    -2.35    6.26
   8538.887    14.663    -3.26    5.51
   8828.597    14.051    -2.12    3.91
   9118.324    14.189     0.48    3.28
   9408.067    14.889     2.42    2.80
   9697.828    15.909     3.52    3.23
   9987.604    17.214     4.50    3.01
  10277.397    18.494     4.42    3.19
  10567.207    19.580     3.75    3.02
  10857.033    20.609     3.55    2.81
  11146.876    21.536     3.20    2.78
  11436.735    21.727     0.66    2.53
  11726.611    22.094     1.27    2.21
  12016.504    22.228     0.46    1.97
  12306.413    22.280     0.18    1.82
  12596.339    22.467     0.65    1.69
  12886.281    22.580     0.39    1.76
  13176.240    22.801     0.76    1.69
  13466.215    23.232     1.49    1.78
  13756.208    23.742     1.76    1.72
  14046.216    24.397     2.26    1.59
  14333.517    24.665     0.93    1.57
  14620.016    25.136     1.64    1.29
  14906.531    25.511     1.31    1.36
  15193.062    25.777     0.93    1.36
  15479.610    26.080     1.06    1.21
  15766.173    26.166     0.30    1.31
  16052.753    26.271     0.37    1.34
  16339.349    26.330     0.21    1.33
  16625.961    26.323    -0.02    1.16
  16912.589    26.402     0.28    1.24
  17199.233    26.313    -0.31    1.18
  17485.894    26.256    -0.20    1.07
  17772.570    26.186    -0.25    1.05
  18059.263    26.337     0.53    1.03
  18345.972    26.286    -0.18    1.05
  18632.697    26.257    -0.10    1.03
  18919.438    26.101    -0.54    1.05
  19206.196    26.003    -0.34    1.14
  19492.970    25.809    -0.68    1.29
  19779.759    25.494    -1.10    1.49
  20066.565    25.066    -1.49    1.72
  20353.388    24.580    -1.69    1.99
  20640.226    24.145    -1.52    2.10
  20927.081    23.462    -2.38    2.38
  21213.951    22.937    -1.83    2.66
  21500.838    22.209    -2.54    2.72
  21787.742    21.355    -2.98    2.68
  22074.661    20.691    -2.31    2.50
  22361.597    19.834    -2.99    2.42
  22648.548    19.323    -1.78    2.14
  22935.517    19.203    -0.42    1.77
  23222.501    19.551     1.21    1.86
  23509.501    20.421     3.03    2.36
  23796.518    21.508     3.79    2.78
  24083.551    22.845     4.66    2.86
  24370.600    24.284     5.01    2.93
  24657.666    25.566     4.46    2.60
  24944.747    26.679     3.88    2.17
  25231.845    27.538     2.99    1.50
  25518.959    27.942     1.41    1.11
  25806.090    28.095     0.53    0.87
  26093.236    28.052    -0.15    0.99
  26380.399    27.904    -0.51    1.40
  26667.578    27.763    -0.49    1.49
  26954.774    27.680    -0.29    1.48
  27241.986    27.703     0.08    1.48
  27529.214    27.866     0.57    1.70
  27816.458    27.948     0.29    1.52
  28103.718    28.242     1.02    1.51
  28390.995    28.493     0.87    1.52
  28678.288    28.757     0.92    1.48
  28965.598    28.932     0.61    1.51
  29252.923    28.989     0.20    1.23
  29540.265    29.284     1.03    1.20
  29827.624    29.261    -0.08    1.21
  30114.998    29.409     0.52    1.27
  30402.389    29.624     0.75    1.31
  30689.796    29.742     0.41    1.43
  30977.220    30.252     1.77    1.58
  31264.659    30.823     1.99    1.75
  31552.116    31.327     1.75    1.91
  31839.588    31.794     1.63    1.79
  32127.077    32.183     1.35    1.89
  32414.582    32.538     1.23    1.68
  32702.103    32.884     1.21    1.70
  32989.641    33.154     0.94    1.62
  33277.195    33.423     0.94    1.57
  33564.765    33.752     1.14    1.61
  33852.352    34.129     1.31    1.51
  34139.955    34.316     0.65    1.47
  34427.575    34.594     0.97    1.66
  34715.211    34.636     0.15    1.48
  35002.863    34.766     0.45    1.59
  35290.531    34.904     0.48    1.63
  35578.216    34.870    -0.12    1.62
  35865.917    35.257     1.34    1.64
  36153.635    35.348     0.32    1.56
  36441.369    35.552     0.71    1.48
  36729.119    35.937     1.34    1.69
  37016.886    35.918    -0.07    1.70
  37304.669    36.180     0.91    1.71
  37592.469    36.404     0.78    1.80
  37880.285    36.242    -0.56    1.90
  38168.117    36.194    -0.16    2.09
  38455.966    35.932    -0.91    2.28
  38743.831    35.763    -0.59    2.42
  39031.712    35.397    -1.27    2.61
  39319.610    34.758    -2.22    2.76
  39607.525    33.880    -3.05    3.06
  39895.455    33.418    -1.60    3.43
  40183.402    32.742    -2.35    3.70
  40471.366    32.805     0.22    3.56
  40759.346    33.058     0.88    3.43
  41047.342    33.166     0.37    3.16
  41335.355    33.242     0.26    3.28
  41623.384    33.665     1.47    3.54
  41911.430    33.608    -0.20    4.18
  42199.492    33.023    -2.03    4.95
  42487.571    31.889    -3.94    5.11
  42775.666    29.855    -7.06    4.94
  43063.777    28.763    -3.79    4.44
  43351.905    27.437    -4.60    3.70
  43640.050    26.247    -4.13    2.35
  43928.211    25.609    -2.21    1.47
  44216.388    25.899     1.01    1.64
  44504.582    26.509     2.12    2.06
  44792.792    27.203     2.41    2.33
  45081.019    27.904     2.43    2.49
  45369.262    28.566     2.30    2.58
  45657.521    29.721     4.01    2.60
  45945.798    30.894     4.07    2.45
  46234.090    32.114     4.23    2.73
  46522.399    33.270     4.01    2.76
  46810.725    34.566     4.49    2.95
  47099.067    36.052     5.15    2.88
  47387.426    37.301     4.33    2.91
  47675.801    38.771     5.10    2.97
  47964.192    40.031     4.37    2.92
  48252.600    40.986     3.31    2.63
  48541.025    41.862     3.04    2.03
  48829.466    42.665     2.78    1.85
  49117.924    43.423     2.63    1.52
  49406.398    43.780     1.24    1.48
  49694.889    44.080     1.04    1.47
  49983.396    44.624     1.89    1.48
  50271.920    45.123     1.73    1.63
  50560.460    45.834     2.46    1.46
  50849.017    46.205     1.29    1.36
  51137.590    46.538     1.16    1.30
  51426.180    47.003     1.61    1.40
  51714.787    47.160     0.54    1.32
  52003.410    47.123    -0.13    1.34
  52292.050    47.139     0.06    1.36
  52580.706    46.894    -0.85    1.50
  52869.378    46.862    -0.11    1.59
  53158.068    46.499    -1.26    1.63
  53446.774    46.242    -0.89    1.51
  53735.496    46.109    -0.46    1.40
  54024.235    46.286     0.61    1.50
  54312.991    46.467     0.63    1.52
  54601.763    46.638     0.59    1.50
  54890.552    47.045     1.41    1.58
  55179.357    47.455     1.42    1.47
  55468.179    48.080     2.16    1.31
  55757.017    48.480     1.38    1.13
  56045.873    48.525     0.15    1.19
  56334.744    48.698     0.60    1.28
  56623.633    48.637    -0.21    1.31
  56912.538    48.493    -0.50    1.34
  57201.459    48.352    -0.49    1.32
  57490.397    48.247    -0.36    1.30
  57779.352    47.966    -0.97    1.40
  58068.324    47.525    -1.52    1.58
  58357.312    47.275    -0.87    1.65
  58646.316    47.203    -0.25    1.64
  58935.338    46.992    -0.73    1.66
  59224.376    47.037     0.16    1.51
  59513.430    47.045     0.03    1.38
  59802.502    46.994    -0.17    1.15
  60091.589    46.763    -0.80    1.32
  60380.694    45.820    -3.26    2.03
  60669.815    44.823    -3.45    2.50
  60958.953    43.904    -3.18    2.74
  61248.108    43.139    -2.65    2.68
  61537.279    42.189    -3.29    3.15
  61826.467    41.622    -1.96    3.13
  62115.671    41.429    -0.67    3.07
  62404.892    41.665     0.81    2.94
  62694.130    41.974     1.07    2.75
  62983.385    42.180     0.71    2.51
  63272.656    42.509     1.14    2.28
  63561.944    42.712     0.70    2.51
  63851.248    42.374    -1.17    2.81
  64140.570    41.383    -3.43    3.63
  64429.908    40.209    -4.06    3.61
  64719.262    39.233    -3.37    3.38
  65008.634    38.358    -3.02    3.19
  65298.022    37.467    -3.08    3.13
  65587.427    36.131    -4.62    3.64
  65876.848    35.723    -1.41    4.39
  66166.287    35.036    -2.37    4.40
  66455.742    33.866    -4.04    4.34
  66745.213    33.115    -2.59    4.16
  67034.702    32.661    -1.57    3.82
  67324.207    32.052    -2.10    3.02
  67613.729    32.189     0.47    2.53
  67903.268    33.345     3.99    3.26
  68192.823    34.636     4.46    4.07
  68482.395    35.971     4.61    4.48
  68771.984    37.453     5.12    4.43
  69061.590    39.251     6.21    4.27
  69351.212    40.763     5.22    3.87
  69640.851    41.791     3.55    3.57
  69930.507    42.566     2.67    3.56
  70220.180    42.992     1.47    3.52
  70509.869    44.073     3.73    4.02
  70799.575    44.834     2.63    4.13
  71089.298    45.594     2.63    3.94
  71379.038    45.923     1.13    3.49
  71668.795    46.172     0.86    3.16
  71958.568    46.290     0.41    2.64
  72248.358    46.551     0.90    2.57
  72538.165    46.406    -0.50    2.85
  72827.989    46.639     0.80    2.90
  73117.830    46.439    -0.69    2.94
  73407.687    46.665     0.78    2.82
  73697.561    46.941     0.95    2.48
  73987.452    47.080     0.48    2.43
  74277.360    47.031    -0.17    2.55
  74567.284    47.232     0.69    2.73
  74857.226    47.510     0.96    2.79
  75147.184    47.727     0.75    2.64
  75437.159    47.937     0.72    2.30
  75727.151    48.073     0.47    2.22
  76017.160    48.310     0.82    2.23
  76306.172    48.482     0.59    2.12
  76592.628    48.380    -0.35    2.13
  76879.099    48.536     0.54    2.03
  77165.588    49.143     2.12    2.25
  77452.092    49.323     0.63    2.36
  77738.613    49.423     0.35    2.65
  78025.150    49.233    -0.66    2.76
  78311.704    49.256     0.08    2.79
  78598.274    49.416     0.56    2.59
  78884.860    49.747     1.16    2.39
  79171.463    50.009     0.91    2.24
  79458.082    50.742     2.56    2.30
  79744.717    51.219     1.66    2.02
  80031.369    51.404     0.64    1.76
  80318.037    51.636     0.81    1.58
  80604.722    51.705     0.24    1.41
  80891.423    51.662    -0.15    1.39
  81178.140    51.709     0.16    1.39
  81464.874    51.483    -0.79    1.45
  81751.624    51.418    -0.23    1.50
  82038.391    51.595     0.61    1.70
  82325.174    51.552    -0.15    1.81
  82611.973    51.668     0.41    1.86
  82898.789    51.566    -0.36    1.84
  83185.621    51.496    -0.25    1.87
  83472.470    51.256    -0.84    1.99
  83759.335    51.045    -0.74    2.00
  84046.217    50.693    -1.23    1.98
  84333.115    50.257    -1.52    1.90
  84620.029    50.080    -0.62    1.88
  84906.960    49.830    -0.87    1.90
  85193.907    49.870     0.14    2.45
  85480.871    49.775    -0.33    3.25
  85767.851    49.292    -1.68    3.38
  86054.848    48.834    -1.60    2.76
  86341.861    48.316    -1.80    2.19
  86628.891    47.791    -1.83    1.79
  86915.937    47.437    -1.23    1.91
  87202.999    47.194    -0.85    1.95
  87490.078    46.962    -0.81    1.76
  87777.174    46.737    -0.78    1.77
  88064.286    46.247    -1.71    1.74
  88351.414    45.756    -1.71    1.67
  88638.559    45.453    -1.05    1.75
  88925.720    45.256    -0.69    1.66
  89212.898    45.131    -0.44    1.72
  89500.093    44.852    -0.97    1.76
  89787.304    44.845    -0.02    1.85
  90074.531    44.801    -0.15    2.13
  90361.775    44.858     0.20    2.10
  90649.035    44.994     0.48    2.10
  90936.312    44.830    -0.57    2.05
  91223.606    44.813    -0.06    2.12
  91510.915    44.932     0.42    2.01
  91798.242    44.580    -1.23    1.78
  92085.585    44.496    -0.29    1.55
  92372.944    44.286    -0.73    1.46
  92660.320    44.009    -0.97    1.55
  92947.713    43.788    -0.77    1.55
  93235.122    43.945     0.54    1.57
  93522.548    43.989     0.15    1.65
  93809.990    44.219     0.80    1.72
  94097.449    44.652     1.50    2.08
  94384.924    45.288     2.22    2.44
  94672.416    46.223     3.25    2.83
  94959.924    47.536     4.57    3.93
  95247.449    47.848     1.08    3.85
  95534.991    47.651    -0.69    3.48
  95822.549    46.991    -2.29    3.22
  96110.123    46.525    -1.62    2.54
  96397.715    46.425    -0.35    2.03
  96685.323    46.363    -0.22    1.59
  96972.947    46.594     0.81    1.57
  97260.588    46.757     0.56    1.50
  97548.245    47.066     1.08    1.45
  97835.920    47.400     1.16    1.51
  98123.610    47.772     1.29    1.39
  98411.318    47.848     0.26    1.52
  98699.042    47.827    -0.07    1.66
  98986.782    47.680    -0.51    1.80
  99274.539    47.464    -0.75    1.89
  99562.313    47.691     0.79    1.95
  99850.104    47.860     0.58    1.93
 100137.911    48.270     1.43    2.13
 100425.734    48.761     1.70    2.08
 100713.575    49.188     1.49    1.98
 101001.431    49.524     1.17    1.78
 101289.305    49.880     1.24    1.94
 101577.195    49.918     0.13    1.98
 101865.102    49.805    -0.39    2.17
 102153.025    49.812     0.02    2.54
 102440.965    49.294    -1.80    2.83
 102728.922    48.844    -1.56    2.82
 103016.896    48.453    -1.36    2.66
 103304.886    48.205    -0.86    2.43
 103592.892    48.302     0.34    2.20
 103880.916    48.494     0.67    1.92
 104168.956    49.174     2.36    2.33
 104457.012    49.989     2.83    2.39
 104745.086    50.786     2.77    2.26
 105033.176    51.666     3.05    2.19
 105321.282    52.172     1.76    2.29
 105609.406    52.296     0.43    2.28
 105897.546    52.341     0.15    1.88
 106185.703    52.369     0.10    1.76
 106473.876    52.492     0.43    1.63
 106762.066    52.608     0.40    1.74
 107050.273    52.453    -0.54    1.58
 107338.497    52.366    -0.30    1.69
 107626.737    52.386     0.07    1.68
 107914.994    52.166    -0.76    1.89
 108203.268    51.799    -1.27    2.24
 108491.558    51.155    -2.23    2.62
 108779.865    50.809    -1.20    2.53
 109068.189    50.389    -1.46    2.36
 109356.530    50.566     0.61    2.10
 109644.887    50.580     0.05    1.90
 109933.261    50.820     0.83    1.71
 110221.652    51.306     1.69    1.80
 110510.060    51.927     2.15    1.89
 110798.484    52.820     3.09    1.81
 111086.925    53.496     2.34    1.35
 111375.383    53.904     1.41    1.41
 111663.857    54.218     1.09    1.26
 111952.348    54.369     0.52    1.30
 112240.856    54.383     0.05    1.28
 112529.381    54.252    -0.46    1.32
 112817.923    53.923    -1.14    1.53
 113106.481    53.496    -1.48    1.83
 113395.056    53.094    -1.39    1.95
 113683.648    52.694    -1.39    2.01
 113972.257    52.477    -0.75    2.31
 114260.882    51.638    -2.91    2.57
 114549.525    51.003    -2.20    2.91
 114838.184    49.895    -3.84    3.54
 115126.860    49.355    -1.87    3.87
 115415.552    48.651    -2.44    4.00
 115704.262    48.094    -1.93    3.70
 115992.988    47.411    -2.37    3.56
 116281.731    46.918    -1.71    3.44
 116570.491    47.183     0.92    3.45
 116859.268    47.214     0.11    3.33
 117148.061    46.802    -1.43    3.19
 117436.871    46.288    -1.78    3.35
 117725.699    45.799    -1.69    3.59
 118014.543    45.524    -0.95    3.69
 118303.403    44.305    -4.22    3.54
 118592.281    43.496    -2.80    3.67
 118881.176    42.683    -2.81    3.55
 119170.087    42.409    -0.95    3.57
 119459.015    42.469     0.21    3.88
 119747.960    42.310    -0.55    4.15
 120036.922    42.237    -0.25    3.97
 120325.901    42.261     0.08    4.08
 120614.896    42.962     2.43    3.34
 120903.909    42.709    -0.88    3.24
 121192.938    42.302    -1.41    3.51
 121481.984    41.880    -1.46    4.20
 121771.047    41.413    -1.61    4.44
 122060.127    40.651    -2.64    4.85
 122349.224    39.323    -4.59    5.24
 122638.338    37.747    -5.45    5.61
 122927.469    35.899    -6.39    5.38
 123216.616    33.962    -6.70    4.33
 123505.781    32.205    -6.08    4.37
 123794.962    30.494    -5.92    5.00
 124084.160    29.158    -4.62    5.38
 124373.375    27.844    -4.54    5.49
 124662.607    26.059    -6.17    5.30
 124951.856    24.256    -6.23    5.48
 125241.122    22.094    -7.47    5.32
 125530.405    20.433    -5.74    4.60
 125819.704    18.801    -5.64    3.64
 126109.021    17.876    -3.20    2.60
 126398.355    17.622    -0.88    2.48
 126687.705    18.003     1.31    2.74
 126977.073    19.018     3.51    3.03
 127266.457    20.355     4.62    3.41
 127555.858    21.780     4.93    3.65
 127845.276    22.890     3.84    3.66
 128134.712    24.065     4.06    3.82
 128424.164    25.480     4.89    4.02
 128713.633    27.128     5.69    4.55
 129003.119    28.661     5.30    4.74
 129292.622    30.242     5.46    4.71
 129582.142    31.705     5.05    4.48
 129871.679    33.830     7.34    4.09
 130161.233    34.816     3.41    3.67
 130450.804    35.608     2.73    3.28
 130740.392    36.337     2.52    3.27
 131029.997    36.844     1.75    3.41
 131319.619    37.677     2.88    3.79
 131609.258    38.053     1.30    3.98
 131898.913    38.210     0.54    3.78
 132188.586    38.464     0.88    3.35
 132478.276    38.330    -0.46    2.93
 132767.983    38.651     1.11    3.13
 133057.707    38.823     0.60    3.26
 133347.448    38.918     0.33    3.29
 133637.206    39.347     1.48    2.97
 133926.981    39.723     1.30    2.77
 134216.773    40.017     1.01    2.67
 134506.582    40.037     0.07    2.94
 134796.408    40.036    -0.00    3.23
 135086.251    38.913    -3.87    4.60
 135376.111    38.247    -2.30    5.53
 135665.988    37.777    -1.62    5.68
 135955.882    37.150    -2.17    5.70
 136245.794    37.108    -0.14    5.27
 136535.722    37.017    -0.31    4.82
 136825.667    37.247     0.79    4.60
 137115.630    37.709     1.59    4.45
 137405.609    38.448     2.55    4.90
 137695.606    39.974     5.27    5.39
 137985.619    41.511     5.30    4.93
 138275.650    42.661     3.97    5.02
 138562.817    44.066     4.89    4.29
 138849.240    45.191     3.93    3.54
 139135.679    46.168     3.41    3.25
 139422.134    46.679     1.78    2.62
 139708.607    47.279     2.09    2.62
 139995.095    47.815     1.87    2.51
 140281.601    48.369     1.93    2.10
 140568.123    48.580     0.74    1.76
 140854.661    48.972     1.37    1.46
 141141.216    49.275     1.06    1.22
 141427.788    49.383     0.38    1.20
 141714.376    49.610     0.79    1.27
 142000.981    49.636     0.09    1.38
 142287.603    49.725     0.31    1.37
 142574.241    49.595    -0.45    1.48
 142860.896    49.566    -0.10    1.51
 143147.567    49.466    -0.35    1.46
 143434.255    49.607     0.49    1.43
 143720.960    49.483    -0.43    1.41
 144007.681    49.594     0.39    1.30
 144294.419    49.855     0.91    1.26
 144581.173    49.862     0.02    1.35
 144867.945    49.771    -0.32    1.37
 145154.732    49.696    -0.26    1.41
 145441.537    49.525    -0.60    1.56
 145728.358    49.298    -0.79    1.62
 146015.196    49.066    -0.81    1.73
 146302.050    48.731    -1.17    1.72
 146588.921    48.552    -0.62    1.67
 146875.809    48.180    -1.30    1.66
 147162.713    47.763    -1.45    1.72
 147449.634    47.521    -0.84    1.79
 147736.572    47.337    -0.64    1.88
 148023.526    47.197    -0.49    1.96
 148310.497    47.334     0.48    1.90
 148597.485    47.059    -0.96    1.81
 148884.490    47.155     0.34    1.84
 149171.511    47.172     0.06    1.77
 149458.548    47.109    -0.22    1.67
 149745.603    47.080    -0.10    1.57
 150032.674    46.904    -0.61    1.49
 150319.762    46.723    -0.63    1.68
 150606.867    46.663    -0.21    1.63
 150893.988    46.458    -0.71    1.61
 151181.126    46.594     0.47    1.63
 151468.281    46.525    -0.24    1.56
 151755.452    46.309    -0.75    1.84
 152042.640    46.191    -0.41    1.99
 152329.845    45.966    -0.78    1.97
 152617.067    45.771    -0.68    2.29
 152904.305    46.143     1.30    2.34
 153191.560    46.330     0.65    2.03
 153478.832    46.553     0.78    1.92
 153766.121    47.031     1.66    1.59
 154053.426    47.439     1.42    1.65
 154340.748    47.551     0.39    1.73
 154628.087    47.158    -1.37    2.17
 154915.443    46.566    -2.06    2.70
 155202.815    45.992    -2.00    3.06
 155490.204    45.497    -1.72    3.07
 155777.610    44.989    -1.77    3.10
 156065.033    44.026    -3.35    3.07
 156352.472    43.320    -2.46    3.02
 156639.928    42.707    -2.13    3.45
 156927.401    41.740    -3.37    3.50
 157214.891    40.909    -2.89    3.22
 157502.398    40.374    -1.86    2.91
 157789.921    39.464    -3.17    2.64
 158077.461    38.772    -2.41    2.46
 158365.018    38.327    -1.55    2.42
 158652.592    37.594    -2.55    2.44
 158940.182    36.936    -2.29    2.41
 159227.790    36.397    -1.88    1.98
 159515.414    36.218    -0.62    1.73
 159803.055    36.538     1.11    1.94
 160090.712    37.183     2.24    1.89
 160378.387    37.609     1.48    2.19
 160666.078    38.073     1.62    1.93
 160953.787    38.210     0.48    1.88
 161241.512    38.510     1.04    1.92
 161529.254    38.868     1.24    2.06
 161817.013    39.166     1.04    2.03
 162104.788    39.551     1.34    2.09
 162392.581    39.969     1.45    2.34
 162680.390    40.404     1.51    2.28
 162968.216    40.848     1.54    2.23
 163256.059    41.183     1.16    2.12
 163543.919    41.675     1.71    2.26
 163831.796    42.386     2.47    2.09
 164119.689    43.177     2.75    2.27
 164407.600    44.168     3.44    2.15
 164695.527    44.974     2.80    2.01
 164983.471    45.347     1.29    1.94
 165271.432    46.007     2.29    2.10
 165559.410    46.844     2.91    2.03
 165847.405    47.413     1.98    2.02
 166135.417    47.972     1.94    2.07
 166423.445    48.983     3.51    2.83
 166711.491    50.180     4.16    3.82
 166999.553    51.095     3.18    3.52
 167287.633    51.775     2.36    3.65
 167575.729    52.242     1.62    3.71
 167863.842    52.980     2.56    4.05
 168151.972    52.747    -0.81    3.58
 168440.119    52.777     0.11    2.89
 168728.283    52.796     0.07    2.76
 169016.464    52.566    -0.80    1.82
 169304.662    52.450    -0.40    1.33
 169592.876    52.404    -0.16    1.33
 169881.108    52.552     0.52    1.35
 170169.357    52.723     0.59    1.47
 170457.622    52.918     0.68    1.59
 170745.905    53.150     0.80    1.58
 171034.204    53.228     0.27    1.53
 171322.520    53.180    -0.17    1.48
 171610.854    53.115    -0.22    1.33
 171899.204    53.015    -0.35    1.33
 172187.571    53.051     0.12    1.35
 172475.955    52.862    -0.66    1.33
 172764.356    52.665    -0.68    1.09
 173052.775    52.636    -0.10    1.21
 173341.210    52.469    -0.58    1.17
 173629.662    52.355    -0.40    1.14
 173918.131    52.355     0.00    1.12
 174206.617    52.270    -0.29    1.09
 174495.120    52.301     0.11    1.05
 174783.640    52.418     0.41    1.06
 175072.177    52.413    -0.02    1.42
 175360.731    52.650     0.82    1.46
 175649.302    52.662     0.04    1.43
 175937.890    52.512    -0.52    1.33
 176226.495    52.467    -0.15    1.28
 176515.117    52.608     0.49    1.32
 176803.757    52.480    -0.44    1.26
 177092.413    52.315    -0.57    1.10
 177381.086    52.280    -0.12    1.07
 177669.776    52.161    -0.41    1.06
 177958.483    52.073    -0.30    1.08
 178247.208    51.788    -0.99    1.21
 178535.949    51.539    -0.86    1.11
 178824.707    51.397    -0.49    1.17
 179113.483    51.145    -0.87    1.04
 179402.275    50.997    -0.51    1.06
 179691.084    50.754    -0.84    1.12
 179979.911    50.622    -0.46    1.06
 180268.755    50.484    -0.48    1.16
 180557.615    50.337    -0.51    1.20
 180846.493    50.252    -0.30    1.27
 181135.388    50.288     0.13    1.42
 181424.300    50.139    -0.52    1.50
 181713.229    50.058    -0.28    1.53
 182002.175    49.932    -0.44    1.52
 182291.138    49.679    -0.88    1.57
 182580.118    49.538    -0.49    1.60
 182869.115    49.292    -0.85    1.53
 183158.130    48.850    -1.53    1.39
 183447.161    48.467    -1.33    1.20
 183736.210    48.129    -1.17    1.31
 184025.276    47.860    -0.93    1.29
 184314.358    47.392    -1.62    1.10
 184603.458    47.080    -1.08    1.21
 184892.575    46.777    -1.05    1.27
 185181.709    46.608    -0.58    1.30
 185470.861    46.372    -0.82    1.31
 185760.029    46.137    -0.81    1.24
 186049.215    45.820    -1.10    1.24
 186338.417    45.761    -0.20    1.19
 186627.637    45.624    -0.47    1.13
 186916.874    45.537    -0.30    1.26
 187206.128    45.539     0.01    1.30
 187495.400    45.526    -0.04    1.25
 187784.688    45.455    -0.25    1.26
 188073.994    45.210    -0.85    1.31
 188363.316    44.894    -1.09    1.31
 188652.656    44.566    -1.14    1.27
 188942.013    44.455    -0.38    1.48
 189231.387    44.198    -0.89    1.49
 189520.779    43.960    -0.82    1.42
 189810.187    43.705    -0.88    1.44
 190099.613    43.580    -0.43    1.65
 190389.056    43.511    -0.24    1.90
 190678.516    43.045    -1.61    1.80
 190967.993    42.668    -1.30    1.81
 191257.488    42.275    -1.36    1.78
 191547.000    41.997    -0.96    1.93
 191836.529    41.780    -0.75    1.92
 192126.075    41.372    -1.41    1.93
 192415.638    41.101    -0.93    1.80
 192705.219    41.026    -0.26    1.69
 192994.816    40.862    -0.57    1.47
 193284.431    40.991     0.45    1.42
 193574.063    41.036     0.16    1.24
 193863.713    41.413     1.30    1.16
 194153.380    41.566     0.53    1.18
 194443.063    41.688     0.42    1.14
 194732.765    41.791     0.36    1.55
 195022.483    41.663    -0.44    1.57
 195312.218    41.580    -0.29    1.68
 195601.971    41.594     0.05    1.75
 195891.741    41.663     0.24    2.26
 196181.529    41.624    -0.14    2.08
 196471.333    41.538    -0.30    2.07
 196761.155    41.358    -0.62    2.04
 197050.994    40.891    -1.61    2.13
 197340.851    40.330    -1.94    2.34
 197630.724    39.862    -1.62    2.27
 197920.615    39.418    -1.53    2.51
 198210.524    38.941    -1.65    2.59
 198500.449    38.347    -2.05    2.65
 198790.392    37.880    -1.61    2.58
 199080.352    37.302    -1.99    2.45
 199370.330    36.960    -1.18    1.98
 199660.324    36.823    -0.47    1.97
 199950.336    36.983     0.55    2.24
 200240.366    37.233     0.86    2.21
 200529.349    37.801     1.97    2.57
 200815.733    38.320     1.81    2.56
 201102.135    38.636     1.10    2.36
 201388.553    38.913     0.97    2.18
 201674.988    38.719    -0.68    2.16
 201961.440    38.383    -1.17    2.07
 202247.908    38.101    -0.99    2.07
 202534.394    37.761    -1.19    1.55
 202820.896    37.566    -0.68    1.68
 203107.415    37.565    -0.00    2.07
 203393.950    37.402    -0.57    2.64
 203680.503    36.904    -1.74    3.04
 203967.073    36.136    -2.68    3.22
 204253.659    35.163    -3.39    3.43
 204540.262    34.327    -2.92    3.45
 204826.882    33.634    -2.42    3.20
 205113.518    32.775    -3.00    1.52
 205400.172    32.749    -0.09    1.35
 205686.843    33.154     1.41    1.33
 205973.530    33.744     2.06    1.86
 206260.234    34.425     2.37    1.95
 206546.955    34.904     1.67    1.80
 206833.693    35.400     1.73    2.00
 207120.447    35.820     1.46    1.88
 207407.219    36.188     1.29    1.86
 207694.007    36.717     1.84    1.75
 207980.813    36.918     0.70    1.60
 208267.635    37.271     1.23    1.70
 208554.474    37.441     0.59    1.41
 208841.330    37.820     1.32    1.40
 209128.203    38.209     1.36    1.55
 209415.092    38.761     1.92    1.60
 209701.999    39.073     1.09    1.54
 209988.922    39.202     0.45    1.40
 210275.863    39.427     0.79    1.43
 210562.820    39.538     0.39    1.36
 210849.794    39.536    -0.01    1.33
 211136.785    39.455    -0.28    1.22
 211423.793    39.355    -0.35    1.27
 211710.818    39.337    -0.06    1.37
 211997.860    39.233    -0.36    1.34
 212284.919    39.355     0.42    1.34
 212571.995    39.567     0.74    1.66
 212859.087    39.719     0.53    1.86
 213146.197    39.890     0.60    1.87
 213433.323    39.992     0.35    2.01
 213720.467    39.997     0.02    1.93
 214007.627    39.983    -0.05    1.95
 214294.804    40.003     0.07    1.80
 214581.999    39.844    -0.55    1.54
 214869.210    39.735    -0.38    1.55
 215156.438    39.877     0.50    1.37
 215443.683    39.622    -0.89    1.05
 215730.945    39.510    -0.39    0.95
 216018.224    39.448    -0.22    1.01
 216305.520    39.316    -0.46    0.95
 216592.833    39.158    -0.55    1.09
 216880.163    39.122    -0.12    1.06
 217167.510    38.927    -0.68    1.13
 217454.874    38.876    -0.18    1.27
 217742.255    38.729    -0.51    1.33
 218029.653    38.566    -0.57    1.39
 218317.068    38.439    -0.44    1.32
 218604.500    38.330    -0.38    1.19
 218891.949    38.341     0.04    1.18
 219179.415    38.383     0.15    1.19
 219466.898    38.608     0.78    1.43
 219754.398    38.691     0.29    1.37
 220041.915    38.840     0.52    1.29
 220329.449    38.796    -0.15    1.37
 220617.000    38.705    -0.32    1.36
 220904.568    38.904     0.69    2.49
 221192.153    38.801    -0.36    2.59
 221479.755    38.899     0.34    2.65
 221767.374    38.834    -0.23    2.70
 222055.010    38.834     0.00    2.70
 222342.663    38.622    -0.74    2.17
 222630.334    38.471    -0.53    1.50
 222918.021    38.455    -0.05    1.52
 223205.725    38.524     0.24    1.45
 223493.447    38.566     0.15    1.28
 223781.185    38.668     0.36    1.17
 224068.941    38.682     0.05    1.49
 224356.713    38.705     0.08    1.53
 224644.503    38.538    -0.58    1.30
 224932.310    38.594     0.20    1.30
 225220.134    38.703     0.38    1.31
 225507.975    38.636    -0.24    1.22
 225795.833    38.777     0.49    1.24
 226083.708    39.059     0.98    1.23
 226371.600    39.051    -0.03    1.26
 226659.509    39.276     0.78    1.25
 226947.436    39.469     0.67    1.30
 227235.379    39.566     0.34    1.22
 227523.340    39.649     0.29    1.02
 227811.318    39.717     0.24    0.99
 228099.312    39.763     0.16    0.96
 228387.324    39.636    -0.44    1.01
 228675.353    39.623    -0.05    1.03
 228963.400    39.624     0.00    1.04
 229251.463    39.682     0.20    1.20
 229539.543    39.840     0.55    1.17
 229827.641    39.989     0.51    1.25
 230115.756    40.107     0.41    1.21
 230403.887    40.101    -0.02    1.25
 230692.036    40.369     0.93    1.28
 230980.203    40.566     0.68    1.74
 231268.386    40.622     0.20    1.67
 231556.586    40.783     0.56    1.69
 231844.804    40.723    -0.21    1.74
 232133.039    40.607    -0.40    1.70
 232421.291    40.721     0.39    2.02
 232709.560    40.472    -0.86    1.88
 232997.846    40.364    -0.38    1.90
 233286.150    40.115    -0.86    2.02
 233574.470    39.783    -1.15    2.10
 233862.808    39.526    -0.89    2.18
 234151.163    39.466    -0.21    2.24
 234439.535    39.080    -1.34    1.73
 234727.925    38.772    -1.07    1.75
 235016.331    38.455    -1.10    1.78
 235304.755    38.202    -0.88    1.62
 235593.196    37.950    -0.87    1.74
 235881.655    37.693    -0.89    1.57
 236170.130    37.389    -1.05    1.58
 236458.623    36.868    -1.81    1.62
 236747.133    36.707    -0.56    1.66
 237035.660    36.749     0.15    2.21
 237324.204    36.484    -0.92    2.22
 237612.766    36.136    -1.21    2.23
 237901.344    35.868    -0.93    2.25
 238189.940    35.594    -0.95    2.19
 238478.554    35.344    -0.87    2.14
 238767.184    35.139    -0.71    2.12
 239055.832    34.827    -1.08    1.32
 239344.497    34.816    -0.04    1.36
 239633.179    34.900     0.29    1.42
 239921.879    35.011     0.38    1.50
 240210.596    35.136     0.43    1.51
 240499.330    35.344     0.72    1.38
 240788.081    35.469     0.43    1.53
 241076.850    35.580     0.38    1.60
 241365.635    35.565    -0.05    1.74
 241654.439    35.622     0.20    1.54
 241943.259    35.538    -0.29    1.56
 242232.097    35.472    -0.23    1.49
 242520.952    35.400    -0.25    1.36
 242809.824    35.539     0.48    1.31
 243098.714    35.733     0.67    1.22
 243387.621    35.594    -0.48    1.22
 243676.545    35.635     0.14    1.28
 243965.486    35.624    -0.04    1.35
 244254.445    35.580    -0.15    1.38
 244543.421    35.418    -0.56    1.46
 244832.415    35.377    -0.14    1.38
 245121.426    35.341    -0.13    1.82
 245410.454    35.283    -0.20    1.83
 245699.499    35.203    -0.28    1.78
 245988.562    35.160    -0.15    1.74
 246277.642    35.066    -0.32    1.75
 246566.740    35.037    -0.10    1.81
 246855.855    35.045     0.03    1.86
 247144.987    34.868    -0.61    1.50
 247434.136    34.676    -0.66    1.63
 247723.303    34.775     0.34    2.54
 248012.487    34.813     0.13    2.64
 248301.689    34.624    -0.66    2.74
 248590.908    34.433    -0.66    2.60
 248880.144    34.158    -0.95    2.49
 249169.398    33.960    -0.68    1.55
 249458.669    33.788    -0.59    1.57
 249747.958    33.635    -0.53    1.56
 250037.263    33.636     0.00    1.48
 250326.587    33.693     0.20    1.78
 250615.927    33.467    -0.78    1.84
 250905.285    33.309    -0.55    1.93
 251194.661    33.360     0.18    1.82
 251484.054    33.341    -0.07    1.83
 251773.464    33.388     0.16    1.79
 252062.891    33.256    -0.46    1.77
 252352.337    33.416     0.55    1.83
 252641.799    33.691     0.95    2.30
 252931.279    33.815     0.43    2.34
 253220.776    33.690    -0.43    2.44
 253510.291    33.347    -1.18    2.15
 253799.823    33.492     0.50    2.58
 254089.373    33.128    -1.26    2.76
 254378.940    32.733    -1.36    2.61
 254668.524    32.269    -1.60    2.46
 254958.126    31.886    -1.32    2.29
 255247.746    31.636    -0.86    2.17
 255537.382    31.183    -1.57    1.25
 255827.037    30.705    -1.65    1.35
 256116.708    30.594    -0.38    1.31
 256406.398    30.651     0.19    1.26
 256696.104    30.622    -0.10    1.36
 256985.829    30.497    -0.43    1.30
 257275.570    30.386    -0.38    1.34
 257565.329    30.284    -0.35    1.30
 257855.106    30.158    -0.44    1.55
 258144.900    29.830    -1.13    1.71
 258434.712    29.566    -0.91    1.65
 258724.541    29.269    -1.02    1.59
 259014.387    29.038    -0.80    1.62
 259304.251    28.761    -0.96    1.41
 259594.133    28.498    -0.91    1.33
 259884.032    28.284    -0.74    1.30
 260173.948    28.798     1.77    1.90
 260463.883    29.247     1.55    3.13
 260753.834    29.305     0.20    3.19
 261043.803    29.524     0.76    3.63
 261333.790    29.539     0.05    3.51
 261623.794    29.288    -0.86    3.14
 261913.816    29.136    -0.53    2.72
 262203.855    28.950    -0.64    1.35
 262493.912    28.894    -0.19    1.31
 262781.047    28.712    -0.63    1.20
 263067.402    28.416    -1.04    1.20
 263353.773    28.437     0.08    1.25
 263640.161    28.496     0.20    1.32
 263926.566    28.402    -0.33    1.31
 264212.988    28.402     0.00    1.58
 264499.427    28.364    -0.13    1.61
 264785.884    28.330    -0.12    1.63
 265072.357    28.214    -0.41    1.56
 265358.847    28.139    -0.26    1.25
 265645.355    28.094    -0.16    1.32
 265931.879    27.969    -0.44    1.19
 266218.420    27.820    -0.52    1.29
 266504.979    27.858     0.13    1.32
 266791.554    27.886     0.10    1.32
 267078.147    27.931     0.16    1.39
 267364.756    27.799    -0.46    1.44
 267651.383    27.733    -0.23    1.27
 267938.027    27.757     0.08    1.27
 268224.688    27.737    -0.07    1.36
 268511.365    27.791     0.19    1.31
 268798.060    27.707    -0.29    1.32
 269084.772    27.663    -0.15    1.25
 269371.501    27.635    -0.10    1.31
 269658.248    27.675     0.14    1.28
 269945.011    28.038     1.27    1.43
 270231.791    28.142     0.36    1.34
 270518.589    28.023    -0.41    1.39
 270805.403    27.933    -0.31    1.38
 271092.235    28.094     0.56    1.47
 271379.083    28.209     0.40    1.38
 271665.949    28.228     0.07    1.47
 271952.832    28.018    -0.73    1.51
 272239.732    27.840    -0.62    1.46
 272526.649    27.796    -0.15    1.44
 272813.584    27.690    -0.37    1.38
 273100.535    27.834     0.50    1.35
 273387.504    27.801    -0.11    1.36
 273674.489    28.018     0.76    1.72
 273961.492    27.983    -0.12    1.73
 274248.512    27.872    -0.39    1.76
 274535.549    27.854    -0.06    1.78
 274822.604    27.802    -0.18    1.77
 275109.675    27.796    -0.02    1.80
 275396.763    27.676    -0.42    1.77
 275683.869    27.775     0.34    1.74
 275970.992    27.757    -0.06    1.88
 276258.132    27.608    -0.52    1.78
 276545.289    27.677     0.24    1.86
 276832.464    27.775     0.34    1.71
 277119.655    27.608    -0.58    1.78
 277406.864    27.306    -1.05    1.42
 277694.090    27.256    -0.18    1.36
 277981.333    27.114    -0.49    1.42
 278268.593    26.799    -1.10    1.59
 278555.871    26.682    -0.41    1.78
 278843.165    26.492    -0.66    1.81
 279130.477    26.441    -0.18    1.75
 279417.806    26.247    -0.68    1.81
 279705.153    26.094    -0.53    1.70
 279992.516    25.964    -0.45    1.64
 280279.897    25.923    -0.14    1.69
 280567.295    25.816    -0.37    1.64
 280854.710    25.747    -0.24    1.58
 281142.142    25.679    -0.24    1.72
 281429.592    25.639    -0.14    1.69
 281717.059    25.347    -1.01    1.62
 282004.543    25.129    -0.76    1.59
 282292.044    25.005    -0.43    1.49
 282579.562    24.827    -0.62    1.57
 282867.098    24.677    -0.52    1.46
 283154.651    24.413    -0.92    1.37
 283442.221    24.402    -0.04    1.32
 283729.809    24.429     0.10    1.25
 284017.414    24.271    -0.55    1.11
 284305.036    24.279     0.03    1.43
 284592.675    24.122    -0.55    1.54
 284880.332    23.964    -0.55    1.36
 285168.006    23.802    -0.56    1.29
 285455.697    23.662    -0.49    1.28
 285743.405    23.566    -0.33    1.35
 286031.131    23.469    -0.34    1.90
 286318.874    23.411    -0.20    2.20
 286606.634    23.065    -1.20    2.26
 286894.412    22.725    -1.18    2.33
 287182.207    22.388    -1.17    2.32
 287470.019    22.038    -1.22    2.24
 287757.848    21.715    -1.12    2.47
 288045.695    21.402    -1.09    2.08
 288333.559    21.101    -1.05    1.80
 288621.441    20.983    -0.41    1.80
 288909.339    20.834    -0.52    1.78
 289197.255    20.775    -0.21    1.64
 289485.189    20.654    -0.42    1.32
 289773.140    20.679     0.09    1.36
 290061.108    20.703     0.09    1.37
 290349.093    20.661    -0.15    1.48
 290637.096    20.566    -0.33    1.58
 290925.116    20.361    -0.71    1.33
 291213.153    20.172    -0.66    1.26
 291501.208    19.977    -0.67    1.29
 291789.280    20.025     0.16    1.41
 292077.370    20.110     0.30    1.31
 292365.477    20.316     0.72    1.37
 292653.601    20.458     0.49    1.37
 292941.742    20.756     1.03    1.76
 293229.901    20.977     0.77    1.71
 293518.078    21.242     0.92    1.69
 293806.271    21.369     0.44    1.66
 294094.483    21.406     0.13    1.61
 294382.711    21.358    -0.17    1.70
 294670.957    21.280    -0.27    1.76
 294959.220    20.890    -1.35    1.40
 295247.501    20.904     0.05    1.37
 295535.799    20.827    -0.27    1.18
 295824.115    20.810    -0.06    1.22
 296112.447    20.999     0.66    1.26
 296400.798    21.313     1.09    1.16
 296689.166    21.404     0.32    1.08
 296977.551    21.471     0.23    1.17
 297265.953    21.482     0.04    1.22
 297554.373    21.513     0.11    1.24
 297842.811    21.594     0.28    1.25
 298131.266    21.484    -0.38    1.23
 298419.738    21.513     0.10    1.25
 298708.228    21.621     0.38    1.63
 298996.735    21.761     0.48    1.78
 299285.260    21.948     0.65    2.11
 299573.802    21.637    -1.08    1.97
 299862.361    21.316    -1.11    1.73
 300150.938    21.284    -0.11    1.68
 300439.533    21.026    -0.90    1.69
 300728.145    20.813    -0.74    1.65
 301016.774    20.344    -1.63    1.23
 301305.421    20.108    -0.82    1.26
 301594.085    19.763    -1.19    1.39
 301882.767    19.494    -0.93    1.36
 302171.467    19.160    -1.16    1.35
 302460.184    18.775    -1.33    1.31
 302748.918    18.813     0.13    1.47
 303037.670    18.702    -0.39    1.60
 303326.439    18.431    -0.94    1.68
 303615.226    18.323    -0.37    1.81
 303904.030    17.913    -1.42    2.05
 304192.852    17.484    -1.49    2.13
 304481.691    17.142    -1.19    2.07
 304770.548    16.918    -0.77    1.77
 305059.423    16.772    -0.51    1.62
 305348.315    16.756    -0.06    1.56
 305637.224    16.958     0.70    1.37
 305926.151    17.265     1.06    1.48
 306215.096    17.540     0.95    1.40
 306504.058    17.725     0.64    1.48
 306793.037    17.823     0.34    1.40
 307082.035    17.890     0.23    1.37
 307371.049    17.932     0.15    1.41
 307660.082    17.848    -0.29    1.44
 307949.131    17.964     0.40    1.25
 308238.199    17.999     0.12    1.15
 308527.284    17.989    -0.04    1.17
 308816.386    17.997     0.03    1.21
 309105.506    17.799    -0.68    1.40
 309394.644    17.610    -0.66    1.47
 309683.799    17.622     0.04    1.51
 309972.972    17.553    -0.24    1.58
 310262.163    17.594     0.14    1.59
 310551.371    17.636     0.15    1.73
 310840.596    17.744     0.37    1.80
 311129.839    17.955     0.73    1.69
 311419.100    18.205     0.86    1.54
 311708.379    18.347     0.49    1.47
 311997.675    18.477     0.45    1.38
 312286.988    18.344    -0.46    1.42
 312576.320    18.202    -0.49    1.32
 312865.668    18.053    -0.51    1.33
 313155.035    18.005    -0.17    1.29
 313444.419    17.900    -0.36    1.32
 313733.821    17.608    -1.01    1.37
 314023.240    17.464    -0.50    1.30
 314312.677    17.443    -0.07    1.21
 314602.132    17.355    -0.31    1.22
 314891.604    17.275    -0.28    1.23
 315181.094    17.188    -0.30    1.19
 315470.602    16.909    -0.97    1.18
 315760.127    16.958     0.17    1.06
 316049.670    16.991     0.11    1.12
 316339.231    17.087     0.33    1.24
 316628.809    17.271     0.64    1.27
 316918.405    17.662     1.35    1.34
 317208.019    18.011     1.20    1.29
 317497.650    18.161     0.52    1.29
 317787.299    18.347     0.64    1.18
 318076.966    18.539     0.66    1.18
 318366.650    18.651     0.39    1.20
 318656.352    18.737     0.30    1.09
 318946.072    18.717    -0.07    1.18
 319235.810    18.928     0.73    1.20
 319525.565    19.266     1.17    1.32
 319815.338    19.499     0.81    1.58
 320105.128    19.525     0.09    1.56
 320394.937    19.499    -0.09    1.53
 320684.763    19.648     0.51    1.45
 320974.606    19.650     0.01    1.46
 321264.468    19.536    -0.39    1.35
 321554.347    19.330    -0.71    1.12
 321844.244    19.279    -0.18    1.27
 322134.159    19.251    -0.09    1.34
 322424.091    19.471     0.76    1.43
 322714.041    19.457    -0.05    1.41
 323004.009    19.484     0.09    1.26
 323293.995    19.622     0.47    1.16
 323583.998    19.798     0.61    1.15
 323874.020    19.830     0.11    1.04
 324164.059    19.970     0.48    1.20
 324454.115    20.019     0.17    1.21
 324743.146    20.099     0.28    1.18
 325029.455    20.167     0.24    1.22
