-221261.832    94.940     0.00    1.06
-220972.845    94.990     0.17    1.03
-220683.844    94.981    -0.03    0.98
-220394.826    95.004     0.08    0.94
-220105.794    95.119     0.40    0.95
-219816.746    95.373     0.88    1.10
-219527.682    95.680     1.06    1.16
-219238.603    95.930     0.87    1.23
-218949.508    95.989     0.20    1.24
-218660.398    96.080     0.31    1.20
-218371.273    96.204     0.43    1.22
-218082.132    96.283     0.28    1.20
-217792.976    96.292     0.03    1.15
-217503.804    96.282    -0.04    1.10
-217214.617    96.307     0.09    0.99
-216925.414    96.437     0.45    0.98
-216636.195    96.533     0.33    1.11
-216346.962    96.587     0.19    1.13
-216057.712    96.692     0.36    1.13
-215768.448    96.916     0.77    1.12
-215479.167    97.148     0.80    1.16
-215189.872    97.296     0.51    1.13
-214900.560    97.466     0.59    1.12
-214611.233    97.452    -0.05    1.01
-214321.891    97.489     0.13    1.04
-214032.533    97.651     0.56    1.24
-213743.160    97.611    -0.14    1.24
-213453.771    97.730     0.41    1.21
-213164.367    97.701    -0.10    1.24
-212874.947    97.701     0.00    1.15
-212585.511    97.841     0.48    1.17
-212296.060    97.886     0.16    1.20
-212006.594    97.855    -0.11    1.04
-211717.112    97.811    -0.15    1.00
-211427.614    97.798    -0.05    1.11
-211138.101    97.901     0.36    1.01
-210848.572    98.000     0.34    0.95
-210559.028    98.030     0.10    1.04
-210269.468    98.005    -0.09    1.07
-209979.893    98.063     0.20    0.98
-209690.302    97.990    -0.25    0.96
-209400.696    97.945    -0.16    0.95
-209111.074    97.973     0.10    0.96
-208821.436    97.945    -0.10    0.98
-208531.783    97.901    -0.15    1.00
-208242.114    97.724    -0.61    1.00
-207952.430    97.636    -0.30    0.93
-207662.730    97.622    -0.05    0.86
-207373.014    97.453    -0.58    0.86
-207083.283    97.336    -0.40    0.88
-206793.536    97.216    -0.42    1.12
-206503.774    97.240     0.08    1.16
-206213.996    97.214    -0.09    1.28
-205924.203    97.210    -0.02    1.31
-205634.394    97.107    -0.36    1.32
-205344.569    97.122     0.05    1.25
-205054.729    97.071    -0.18    1.28
-204764.873    96.958    -0.39    1.14
-204475.001    96.901    -0.20    1.09
-204185.114    96.742    -0.55    1.06
-203895.211    96.700    -0.14    1.02
-203605.293    96.688    -0.04    1.02
-203315.359    96.739     0.18    1.04
-203025.409    96.611    -0.44    1.05
-202735.444    96.465    -0.50    1.12
-202448.082    96.394    -0.25    1.16
-202161.426    96.423     0.10    1.22
-201874.755    96.577     0.54    1.40
-201588.068    96.537    -0.14    1.39
-201301.366    96.651     0.40    1.51
-201014.649    96.751     0.35    1.34
-200727.917    96.684    -0.24    1.29
-200441.170    96.521    -0.57    1.30
-200154.407    96.437    -0.29    1.38
-199867.629    96.401    -0.13    1.48
-199580.836    96.294    -0.37    1.38
-199294.028    96.274    -0.07    1.39
-199007.204    96.239    -0.12    1.41
-198720.365    96.269     0.10    1.45
-198433.511    96.254    -0.05    1.40
-198146.642    96.099    -0.54    1.33
-197859.757    96.032    -0.23    1.16
-197572.857    95.871    -0.56    1.11
-197285.942    95.901     0.11    1.29
-196999.012    95.961     0.21    1.32
-196712.066    95.901    -0.21    1.33
-196425.105    95.989     0.31    1.43
-196138.128    96.119     0.45    1.53
-195851.137    96.365     0.86    1.55
-195564.130    96.423     0.20    1.55
-195277.108    96.489     0.23    1.67
-194990.070    96.563     0.26    1.49
-194703.018    96.974     1.43    1.55
-194415.950    96.886    -0.31    1.57
-194128.866    97.298     1.44    1.66
-193841.768    97.430     0.46    1.63
-193554.654    97.408    -0.08    1.53
-193267.524    97.611     0.71    1.47
-192980.380    97.758     0.51    1.63
-192693.220    98.122     1.26    1.74
-192406.045    98.401     0.97    1.64
-192118.854    98.677     0.96    1.55
-191831.648    99.032     1.23    1.55
-191544.427    99.283     0.88    1.56
-191257.190    99.510     0.79    1.60
-190969.939    99.789     0.97    1.42
-190682.671    99.944     0.54    1.35
-190395.389    99.945     0.00    1.36
-190108.091   100.166     0.77    1.44
-189820.778   100.372     0.72    1.44
-189533.449   100.468     0.34    1.37
-189246.105   100.352    -0.40    1.16
-188958.746   100.350    -0.01    1.17
-188671.371   100.388     0.13    1.20
-188383.981   100.539     0.53    1.10
-188096.576   100.658     0.41    1.06
-187809.155   100.695     0.13    1.12
-187521.719   100.886     0.66    1.17
-187234.267   101.001     0.40    1.11
-186946.800   101.001     0.00    1.19
-186659.318   100.458    -1.89    1.84
-186371.820    99.958    -1.74    2.15
-186084.307    99.601    -1.24    2.29
-185796.779    99.254    -1.21    2.42
-185509.235    99.113    -0.49    2.63
-185221.676    99.146     0.12    2.64
-184934.101    99.278     0.46    2.58
-184646.511    99.292     0.05    2.49
-184358.906    98.648    -2.24    2.94
-184071.285    97.756    -3.10    3.20
-183783.649    96.727    -3.58    2.91
-183495.997    95.798    -3.23    2.60
-183208.330    95.342    -1.58    2.45
-182920.647    95.401     0.20    2.82
-182632.949    95.801     1.39    2.99
-182345.236    95.901     0.35    2.86
-182057.507    95.844    -0.20    2.79
-181769.763    95.379    -1.62    2.70
-181482.003    94.787    -2.06    2.73
-181194.228    93.577    -4.20    2.79
-180906.438    92.751    -2.87    2.69
-180618.632    91.783    -3.36    2.46
-180330.810    90.544    -4.30    2.25
-180042.973    89.655    -3.09    2.22
-179755.121    88.803    -2.96    2.29
-179467.253    87.611    -4.14    2.23
-179179.370    86.563    -3.64    2.39
-178891.471    85.355    -4.19    2.38
-178603.557    84.513    -2.93    2.34
-178315.627    83.327    -4.12    2.36
-178027.682    81.901    -4.95    2.56
-177739.722    80.845    -3.67    2.52
-177451.745    79.829    -3.53    2.50
-177163.754    78.785    -3.62    2.22
-176875.747    77.666    -3.89    2.06
-176587.724    76.886    -2.71    1.92
-176299.686    76.378    -1.76    1.99
-176011.633    75.498    -3.06    1.79
-175723.564    74.758    -2.57    1.81
-175435.479    73.930    -2.88    1.67
-175147.379    73.530    -1.39    1.60
-174859.263    73.130    -1.39    1.54
-174571.132    72.724    -1.41    1.49
-174282.986    72.548    -0.61    1.27
-173994.824    72.548     0.00    1.24
-173706.646    72.416    -0.46    1.15
-173418.453    72.244    -0.59    1.25
-173130.244    72.055    -0.66    1.15
-172842.020    71.655    -1.39    1.11
-172553.780    71.769     0.39    1.96
-172265.525    71.513    -0.89    1.95
-171977.254    71.408    -0.36    1.93
-171688.968    71.372    -0.13    1.92
-171400.666    71.321    -0.17    1.94
-171112.349    71.090    -0.80    1.04
-170824.016    71.028    -0.21    1.10
-170535.667    71.001    -0.09    1.11
-170247.303    70.945    -0.20    1.13
-169958.924    70.976     0.11    1.16
-169670.528    70.961    -0.05    1.18
-169382.118    71.063     0.35    1.12
-169093.691    71.191     0.44    1.12
-168805.249    71.254     0.22    1.04
-168516.792    71.263     0.03    1.00
-168228.319    71.316     0.18    0.92
-167939.830    71.372     0.19    0.89
-167651.326    71.533     0.56    0.96
-167362.806    71.636     0.36    0.99
-167074.271    71.687     0.18    0.98
-166785.720    71.814     0.44    1.02
-166497.153    71.986     0.60    1.09
-166208.571    72.130     0.50    1.25
-165919.973    72.205     0.26    1.27
-165631.360    72.077    -0.44    1.24
-165342.731    72.176     0.34    1.32
-165054.086    72.224     0.17    1.30
-164765.426    72.028    -0.68    1.39
-164476.750    71.901    -0.44    1.37
-164188.058    71.690    -0.73    1.48
-163899.351    71.501    -0.65    1.58
-163610.629    71.357    -0.50    1.59
-163321.890    70.945    -1.42    1.70
-163033.136    70.751    -0.67    1.78
-162744.367    70.344    -1.41    1.96
-162455.581    69.916    -1.48    2.06
-162166.780    69.316    -2.08    2.14
-161877.964    68.773    -1.88    2.18
-161589.132    68.259    -1.78    2.21
-161300.284    67.666    -2.05    2.11
-161011.420    66.946    -2.49    2.07
-160722.541    66.695    -0.87    2.14
-160433.646    66.061    -2.20    2.06
-160144.736    65.481    -2.01    1.87
-159855.809    64.972    -1.76    1.93
-159566.868    64.487    -1.68    1.94
-159277.910    64.095    -1.36    1.91
-158988.937    63.798    -1.03    1.71
-158699.948    63.468    -1.14    1.61
-158410.943    63.298    -0.59    1.51
-158121.923    63.030    -0.93    1.03
-157832.887    63.061     0.11    0.93
-157543.835    62.959    -0.35    0.95
-157254.768    62.901    -0.20    1.04
-156965.685    62.751    -0.52    1.10
-156676.586    62.680    -0.25    1.05
-156387.472    62.592    -0.31    1.04
-156098.342    62.607     0.05    1.24
-155809.196    62.597    -0.03    1.10
-155520.034    62.524    -0.25    1.13
-155230.857    62.327    -0.68    1.22
-154941.664    62.136    -0.66    1.02
-154652.455    62.092    -0.15    1.04
-154363.231    61.856    -0.82    1.00
-154073.990    61.724    -0.45    0.92
-153784.734    61.606    -0.41    0.90
-153495.463    61.379    -0.78    0.98
-153206.175    61.155    -0.78    1.06
-152916.872    61.048    -0.37    1.06
-152627.553    60.887    -0.56    1.03
-152338.219    60.872    -0.05    1.14
-152048.868    61.205     1.15    2.30
-151759.502    61.310     0.36    2.24
-151470.120    61.318     0.03    2.21
-151180.722    61.379     0.21    2.17
-150891.309    61.321    -0.20    2.18
-150601.880    61.234    -0.30    2.26
-150312.435    60.916    -1.10    1.77
-150022.974    60.651    -0.91    0.99
-149733.497    60.283    -1.27    1.17
-149444.005    60.187    -0.33    1.09
-149154.497    60.000    -0.65    1.16
-148864.973    59.844    -0.54    1.20
-148575.433    59.695    -0.52    1.10
-148285.878    59.513    -0.63    1.06
-147996.306    59.259    -0.88    1.08
-147706.719    59.046    -0.73    1.12
-147417.116    58.684    -1.25    1.27
-147127.497    58.166    -1.79    1.30
-146837.863    57.601    -1.95    1.48
-146548.213    56.901    -2.42    1.53
-146258.546    56.092    -2.79    1.61
-145968.864    55.372    -2.49    1.61
-145679.167    54.825    -1.89    1.39
-145389.453    54.544    -0.97    1.54
-145099.724    54.258    -0.99    1.51
-144809.978    54.113    -0.50    1.44
-144520.217    53.973    -0.48    1.51
-144230.440    54.110     0.47    1.47
-143940.647    53.916    -0.67    1.20
-143650.839    53.801    -0.39    1.21
-143361.014    53.901     0.34    1.25
-143071.174    53.887    -0.05    1.27
-142781.318    53.974     0.30    1.17
-142491.446    53.886    -0.30    1.11
-142201.558    53.739    -0.51    1.04
-141911.654    53.695    -0.15    1.02
-141621.734    53.430    -0.91    0.80
-141331.799    53.401    -0.10    0.86
-141041.847    53.148    -0.87    1.05
-140751.880    52.987    -0.55    1.01
-140462.988    52.676    -1.08    1.44
-140176.376    52.090    -2.05    1.72
-139889.748    51.630    -1.60    1.77
-139603.104    51.107    -1.82    1.66
-139316.445    50.483    -2.18    1.50
-139029.770    50.004    -1.67    1.54
-138743.080    49.495    -1.77    1.42
-138456.375    48.959    -1.87    1.52
-138169.654    48.544    -1.45    1.46
-137882.918    48.101    -1.54    1.41
-137596.166    47.841    -0.91    1.25
-137309.399    47.430    -1.43    1.20
-137022.616    47.097    -1.16    1.18
-136735.817    46.930    -0.58    1.16
-136449.004    46.724    -0.72    1.24
-136162.174    46.582    -0.50    1.13
-135875.330    46.338    -0.85    1.18
-135588.469    46.187    -0.53    1.14
-135301.594    46.020    -0.58    1.09
-135014.702    45.945    -0.26    1.08
-134727.796    45.885    -0.21    1.04
-134440.873    45.710    -0.61    1.04
-134153.936    45.658    -0.18    1.07
-133866.982    45.573    -0.30    1.17
-133580.013    45.541    -0.11    1.28
-133293.029    45.296    -0.85    1.49
-133006.029    44.974    -1.12    1.55
-132719.014    44.474    -1.74    1.64
-132431.983    44.187    -1.00    1.86
-132144.937    43.769    -1.46    1.93
-131857.875    42.816    -3.32    2.10
-131570.797    41.887    -3.24    2.08
-131283.704    40.957    -3.24    2.00
-130996.596    40.373    -2.04    1.82
-130709.471    39.756    -2.15    1.61
-130422.332    39.210    -1.90    1.39
-130135.176    38.873    -1.17    1.40
-129848.006    38.460    -1.44    1.39
-129560.819    38.330    -0.45    1.50
-129273.617    38.379     0.17    1.78
-128986.400    38.666     1.00    2.53
-128699.167    38.944     0.97    2.86
-128411.918    39.363     1.46    3.08
-128124.654    39.298    -0.23    3.30
-127837.374    39.342     0.15    3.39
-127550.079    38.666    -2.35    3.40
-127262.768    37.444    -4.25    3.03
-126975.441    36.684    -2.65    2.72
-126688.099    35.690    -3.46    2.33
-126400.742    34.872    -2.85    1.65
-126113.368    34.423    -1.56    1.21
-125825.979    34.140    -0.99    1.03
-125538.575    34.184     0.16    1.07
-125251.155    34.357     0.60    1.44
-124963.719    35.220     3.00    2.42
-124676.268    35.930     2.47    2.82
-124388.801    37.282     4.70    3.55
-124101.318    38.516     4.29    4.03
-123813.820    40.101     5.51    4.20
-123526.306    41.264     4.04    3.72
-123238.777    42.431     4.06    3.16
-122951.232    42.769     1.17    2.70
-122663.671    43.373     2.10    2.39
-122376.095    43.437     0.22    2.24
-122088.503    43.316    -0.42    2.17
-121800.895    43.087    -0.79    2.18
-121513.272    42.458    -2.19    2.34
-121225.633    41.737    -2.51    2.50
-120937.978    41.342    -1.37    2.54
-120650.308    40.607    -2.56    2.44
-120362.622    40.744     0.48    2.32
-120074.920    40.564    -0.63    2.32
-119787.203    40.655     0.32    2.52
-119499.470    40.465    -0.66    2.57
-119211.722    39.858    -2.11    2.62
-118923.957    39.800    -0.20    2.92
-118636.178    39.769    -0.11    2.89
-118348.382    39.461    -1.07    3.05
-118060.571    39.510     0.17    3.03
-117772.744    39.291    -0.76    3.04
-117484.901    39.061    -0.80    3.29
-117197.043    38.578    -1.68    3.41
-116909.169    37.548    -3.58    3.50
-116621.279    36.401    -3.98    3.59
-116333.373    35.004    -4.85    3.55
-116045.452    33.321    -5.84    3.26
-115757.515    32.073    -4.34    2.96
-115469.563    31.027    -3.63    2.46
-115181.595    30.116    -3.16    2.32
-114893.611    29.473    -2.23    2.20
-114605.611    29.033    -1.53    1.87
-114317.595    29.148     0.40    2.01
-114029.564    29.445     1.03    2.17
-113741.517    29.916     1.63    2.11
-113453.455    30.240     1.12    2.20
-113165.376    30.930     2.39    2.41
-112877.282    31.430     1.74    2.31
-112589.172    31.930     1.74    2.58
-112301.047    32.537     2.11    2.73
-112012.905    33.313     2.69    3.41
-111724.748    34.180     3.01    4.11
-111436.575    35.742     5.42    4.95
-111148.387    37.521     6.17    5.58
-110860.182    39.388     6.48    6.01
-110571.962    41.133     6.05    6.08
-110283.726    43.307     7.54    6.06
-109995.474    44.960     5.73    6.07
-109707.207    46.754     6.22    6.18
-109418.924    47.769     3.52    6.17
-109130.625    49.017     4.33    6.48
-108842.310    49.730     2.47    6.36
-108553.979    49.662    -0.24    6.53
-108265.633    49.287    -1.30    6.56
-107977.271    48.930    -1.24    5.96
-107688.893    47.872    -3.67    5.16
-107400.499    47.582    -1.00    4.55
-107112.089    46.504    -3.74    4.30
-106823.664    45.744    -2.63    4.30
-106535.223    44.944    -2.77    3.93
-106246.766    44.211    -2.54    3.49
-105958.293    43.858    -1.23    3.01
-105669.804    43.754    -0.36    2.70
-105381.300    43.677    -0.27    2.72
-105092.779    44.184     1.76    2.85
-104804.243    43.829    -1.23    3.16
-104515.691    43.716    -0.39    3.65
-104227.123    43.282    -1.50    3.81
-103938.540    42.787    -1.71    3.72
-103649.940    42.530    -0.89    3.64
-103361.325    42.136    -1.36    3.21
-103072.694    41.666    -1.63    2.92
-102784.047    41.393    -0.94    2.45
-102495.384    40.901    -1.70    2.25
-102206.705    40.544    -1.24    2.26
-101918.010    40.096    -1.55    1.98
-101629.300    39.634    -1.60    1.73
-101340.574    39.258    -1.30    1.85
-101051.831    38.827    -1.49    1.73
-100763.073    38.269    -1.94    1.72
-100474.299    38.004    -0.92    1.75
-100185.510    37.387    -2.14    1.82
 -99896.704    36.673    -2.47    1.88
 -99607.882    35.971    -2.43    1.72
 -99319.045    35.578    -1.36    1.59
 -99030.191    35.104    -1.64    1.54
 -98741.322    34.666    -1.52    1.51
 -98452.437    34.344    -1.11    1.75
 -98163.536    34.019    -1.13    1.72
 -97874.619    33.578    -1.53    2.06
 -97585.686    33.234    -1.19    2.19
 -97296.737    32.791    -1.54    2.33
 -97007.772    32.073    -2.48    2.42
 -96718.792    31.901    -0.60    2.45
 -96429.795    31.298    -2.09    2.38
 -96140.783    30.844    -1.57    2.26
 -95851.754    30.727    -0.40    2.14
 -95562.710    30.258    -1.62    2.15
 -95273.650    30.258     0.00    2.06
 -94984.574    29.930    -1.14    2.05
 -94695.481    29.827    -0.36    2.18
 -94406.373    29.737    -0.31    2.26
 -94117.249    29.136    -2.08    2.25
 -93828.109    28.901    -0.81    2.17
 -93538.953    28.473    -1.48    2.05
 -93249.781    27.974    -1.73    1.71
 -92960.594    27.829    -0.50    1.70
 -92671.390    27.445    -1.33    1.87
 -92382.170    27.363    -0.28    1.96
 -92092.934    27.474     0.38    2.07
 -91803.682    26.901    -1.98    2.03
 -91514.415    26.930     0.10    1.89
 -91225.131    26.733    -0.68    1.87
 -90935.831    26.716    -0.06    2.08
 -90646.516    26.930     0.74    2.41
 -90357.184    27.669     2.56    3.38
 -90067.836    27.754     0.29    3.34
 -89778.473    28.092     1.17    3.75
 -89489.093    27.636    -1.58    2.99
 -89199.698    27.416    -0.76    2.74
 -88910.286    27.176    -0.83    2.63
 -88620.858    27.090    -0.30    2.73
 -88331.415    26.648    -1.53    1.41
 -88041.955    26.592    -0.19    1.47
 -87752.479    26.344    -0.86    1.42
 -87462.988    26.313    -0.11    1.39
 -87173.480    26.130    -0.63    1.26
 -86883.956    26.113    -0.06    1.28
 -86594.416    25.860    -0.87    1.19
 -86304.861    25.858    -0.01    1.26
 -86015.289    25.730    -0.44    1.25
 -85725.701    25.710    -0.07    1.23
 -85436.097    25.730     0.07    1.21
 -85146.477    25.651    -0.27    1.23
 -84856.841    25.716     0.22    1.35
 -84567.189    25.669    -0.16    1.35
 -84277.521    25.555    -0.40    1.36
 -83987.836    25.535    -0.07    1.37
 -83698.136    25.408    -0.44    1.31
 -83408.420    25.122    -0.99    1.52
 -83118.687    24.930    -0.66    1.43
 -82828.939    24.800    -0.45    1.44
 -82539.174    24.761    -0.13    1.44
 -82249.394    24.616    -0.50    1.41
 -81959.597    24.394    -0.77    1.43
 -81669.784    24.401     0.02    1.40
 -81379.955    24.386    -0.05    1.30
 -81090.110    24.313    -0.25    1.38
 -80800.249    24.001    -1.07    1.34
 -80510.372    23.687    -1.08    1.42
 -80220.479    23.601    -0.30    1.35
 -79930.570    23.258    -1.18    1.49
 -79640.644    22.930    -1.13    1.37
 -79350.702    22.647    -0.98    1.26
 -79060.745    22.357    -1.00    1.21
 -78770.771    22.327    -0.10    1.22
 -78480.781    22.220    -0.37    1.20
 -78193.719    22.230     0.03    1.19
 -77907.140    22.401     0.60    1.18
 -77620.545    22.387    -0.05    1.21
 -77333.935    22.626     0.83    1.23
 -77047.308    22.707     0.28    1.17
 -76760.667    22.680    -0.09    1.28
 -76474.009    22.769     0.31    1.26
 -76187.336    22.827     0.21    1.25
 -75900.647    22.987     0.56    1.35
 -75613.943    23.258     0.95    1.39
 -75327.222    23.350     0.32    1.43
 -75040.486    23.607     0.89    1.38
 -74753.735    23.651     0.15    1.38
 -74466.967    23.769     0.41    1.26
 -74180.184    23.960     0.67    1.27
 -73893.385    24.090     0.45    1.37
 -73606.571    24.191     0.35    1.40
 -73319.740    24.220     0.10    1.34
 -73032.894    24.191    -0.10    1.33
 -72746.033    24.292     0.35    1.35
 -72459.155    24.104    -0.66    1.33
 -72172.262    24.004    -0.35    1.38
 -71885.353    24.033     0.10    1.38
 -71598.428    24.019    -0.05    1.32
 -71311.488    24.075     0.20    1.42
 -71024.532    24.273     0.69    1.34
 -70737.560    24.373     0.35    1.32
 -70450.572    24.230    -0.50    1.40
 -70163.569    24.249     0.07    1.44
 -69876.549    24.430     0.63    1.49
 -69589.514    24.445     0.05    1.52
 -69302.464    24.695     0.87    1.44
 -69015.397    24.843     0.52    1.47
 -68728.315    25.014     0.60    1.43
 -68441.217    25.116     0.35    1.34
 -68154.103    25.041    -0.26    1.36
 -67866.973    25.075     0.12    1.29
 -67579.828    25.077     0.01    1.42
 -67292.667    24.974    -0.36    1.39
 -67005.490    25.148     0.60    1.53
 -66718.297    25.230     0.29    1.77
 -66431.088    25.324     0.33    2.02
 -66143.864    25.553     0.80    2.09
 -65856.624    25.559     0.02    2.10
 -65569.368    25.858     1.04    1.93
 -65282.096    25.960     0.35    1.86
 -64994.808    25.827    -0.46    1.75
 -64707.505    25.830     0.01    1.59
 -64420.185    25.827    -0.01    1.48
 -64132.850    25.733    -0.33    1.89
 -63845.499    25.843     0.38    1.96
 -63558.133    25.875     0.11    2.00
 -63270.750    25.916     0.14    1.93
 -62983.352    25.916     0.00    2.33
 -62695.937    25.680    -0.82    2.19
 -62408.507    25.930     0.87    2.88
 -62121.061    26.195     0.92    2.96
 -61833.599    26.479     0.99    2.81
 -61546.122    26.640     0.56    2.78
 -61258.628    26.313    -1.14    1.80
 -60971.119    26.287    -0.09    1.66
 -60683.593    26.416     0.45    1.58
 -60396.052    26.489     0.26    1.56
 -60108.495    26.587     0.34    1.51
 -59820.922    26.724     0.48    1.47
 -59533.334    26.701    -0.08    1.40
 -59245.729    27.046     1.20    1.42
 -58958.109    27.244     0.69    1.54
 -58670.472    27.316     0.25    1.49
 -58382.820    27.249    -0.23    1.56
 -58095.152    27.357     0.37    1.80
 -57807.468    27.130    -0.79    1.82
 -57519.768    27.063    -0.23    1.86
 -57232.052    26.801    -0.91    2.09
 -56944.320    26.630    -0.60    2.01
 -56656.572    26.532    -0.34    1.94
 -56368.809    26.352    -0.62    1.79
 -56081.029    26.379     0.09    1.57
 -55793.234    26.504     0.43    1.64
 -55505.423    26.630     0.44    1.65
 -55217.595    26.798     0.58    1.60
 -54929.752    26.944     0.51    1.87
 -54641.893    26.887    -0.20    1.88
 -54354.018    26.875    -0.04    1.79
 -54066.127    26.930     0.19    1.77
 -53778.220    26.771    -0.55    1.52
 -53490.297    26.827     0.20    1.44
 -53202.358    26.616    -0.74    1.56
 -52914.404    26.224    -1.36    1.82
 -52626.433    25.173    -3.65    2.80
 -52338.446    23.987    -4.12    3.56
 -52050.444    22.299    -5.86    4.18
 -51762.425    20.373    -6.69    4.27
 -51474.390    18.669    -5.91    3.77
 -51186.340    17.180    -5.17    2.91
 -50898.273    16.230    -3.30    1.99
 -50610.191    15.695    -1.86    1.55
 -50322.092    15.716     0.07    1.86
 -50033.978    16.201     1.69    2.22
 -49745.848    16.659     1.59    2.45
 -49457.701    17.701     3.62    2.46
 -49169.539    18.727     3.56    2.68
 -48881.360    20.195     5.09    2.74
 -48593.166    21.316     3.89    2.39
 -48304.956    21.989     2.34    2.13
 -48016.729    22.916     3.21    1.86
 -47728.487    23.648     2.54    1.50
 -47440.228    24.080     1.50    1.37
 -47151.954    24.437     1.24    1.17
 -46863.664    24.611     0.61    0.94
 -46575.357    24.695     0.29    1.05
 -46287.035    24.730     0.12    1.08
 -45998.696    24.533    -0.68    1.29
 -45710.342    24.301    -0.80    1.40
 -45421.971    24.141    -0.56    1.55
 -45133.584    23.875    -0.92    1.65
 -44845.182    23.507    -1.27    1.78
 -44556.763    23.437    -0.24    1.75
 -44268.328    23.180    -0.89    1.83
 -43979.878    22.701    -1.66    1.88
 -43691.411    22.075    -2.17    1.75
 -43402.928    21.801    -0.95    1.75
 -43114.429    21.409    -1.36    1.65
 -42825.914    20.929    -1.66    1.72
 -42537.383    20.358    -1.98    1.51
 -42248.836    20.122    -0.82    1.61
 -41960.273    20.004    -0.41    1.82
 -41671.693    20.176     0.60    1.98
 -41383.098    20.466     1.00    1.99
 -41094.486    21.016     1.90    1.94
 -40805.859    21.401     1.34    1.86
 -40517.215    21.749     1.20    1.91
 -40228.556    21.987     0.82    1.83
 -39939.880    22.210     0.77    1.80
 -39651.188    22.195    -0.05    1.94
 -39362.480    22.348     0.53    1.78
 -39073.756    22.387     0.13    1.76
 -38785.016    22.487     0.35    1.72
 -38496.259    22.348    -0.48    1.73
 -38207.487    22.030    -1.10    2.05
 -37918.698    21.901    -0.45    2.02
 -37629.894    21.692    -0.73    2.17
 -37341.073    21.136    -1.92    2.26
 -37052.236    20.438    -2.42    2.32
 -36763.383    20.030    -1.41    2.23
 -36474.514    19.773    -0.89    2.14
 -36185.629    19.408    -1.26    2.08
 -35896.727    19.487     0.27    2.26
 -35607.810    19.292    -0.67    2.52
 -35318.876    19.176    -0.40    2.61
 -35029.926    19.283     0.37    2.43
 -34740.960    19.298     0.05    2.39
 -34451.978    19.606     1.07    2.30
 -34162.979    19.957     1.22    2.71
 -33873.965    20.564     2.10    2.77
 -33584.934    20.901     1.17    2.75
 -33295.887    22.077     4.07    4.83
 -33006.824    22.858     2.70    5.48
 -32717.745    23.004     0.50    5.54
 -32428.650    23.916     3.15    6.30
 -32139.538    24.845     3.22    7.57
 -31850.410    25.902     3.65    8.11
 -31561.266    26.648     2.58    8.46
 -31272.106    27.430     2.70    8.12
 -30982.930    28.489     3.66    7.70
 -30693.738    29.001     1.77    7.33
 -30404.529    29.901     3.11    6.60
 -30115.304    29.716    -0.64    5.09
 -29826.063    28.601    -3.85    4.24
 -29536.805    27.794    -2.79    4.07
 -29247.532    27.230    -1.95    4.23
 -28958.242    26.075    -3.99    3.42
 -28668.936    25.842    -0.81    3.38
 -28379.614    25.787    -0.19    3.44
 -28090.275    25.813     0.09    3.05
 -27800.921    26.101     1.00    2.88
 -27511.550    26.127     0.09    2.62
 -27222.163    25.779    -1.20    1.97
 -26932.759    26.268     1.69    2.30
 -26643.340    26.224    -0.15    2.42
 -26353.904    26.180    -0.15    2.59
 -26064.452    25.873    -1.06    2.26
 -25774.983    25.423    -1.55    2.01
 -25485.499    25.087    -1.16    1.62
 -25195.998    25.001    -0.30    1.55
 -24906.481    25.099     0.34    1.58
 -24616.947    25.258     0.55    1.54
 -24327.398    25.239    -0.07    1.58
 -24037.832    25.563     1.12    1.36
 -23748.249    25.445    -0.41    1.41
 -23458.651    25.444    -0.00    1.40
 -23169.036    25.324    -0.41    1.62
 -22879.405    25.287    -0.13    1.58
 -22589.758    25.401     0.39    1.28
 -22300.094    25.495     0.32    1.24
 -22010.414    25.327    -0.58    1.15
 -21720.718    25.386     0.20    1.11
 -21431.005    25.553     0.58    1.07
 -21141.276    25.620     0.23    0.99
 -20851.531    25.791     0.59    0.98
 -20561.769    25.844     0.18    0.95
 -20271.992    25.859     0.05    0.88
 -19982.197    26.004     0.50    0.91
 -19692.387    26.144     0.48    0.97
 -19402.560    26.136    -0.03    0.97
 -19112.717    26.116    -0.07    1.06
 -18822.858    26.116     0.00    1.15
 -18532.982    26.039    -0.26    1.26
 -18243.090    25.986    -0.18    1.35
 -17953.181    26.073     0.30    1.50
 -17663.256    26.004    -0.24    1.56
 -17373.315    26.058     0.19    1.52
 -17083.358    26.205     0.51    1.66
 -16793.384    26.225     0.07    1.70
 -16503.394    26.516     1.00    1.77
 -16214.704    26.499    -0.06    1.73
 -15928.162    26.216    -0.99    1.66
 -15641.605    26.283     0.24    1.70
 -15355.031    26.195    -0.31    1.63
 -15068.442    26.244     0.17    1.67
 -14781.836    26.224    -0.07    1.75
 -14495.215    26.373     0.52    1.77
 -14208.578    26.394     0.08    1.77
 -13921.925    26.217    -0.62    1.78
 -13635.255    25.944    -0.95    1.68
 -13348.571    25.814    -0.45    1.64
 -13061.870    25.607    -0.72    1.35
 -12775.153    25.458    -0.52    1.27
 -12488.420    25.133    -1.14    1.54
 -12201.671    24.465    -2.33    1.98
 -11914.907    23.634    -2.90    2.55
 -11628.126    22.388    -4.35    3.25
 -11341.329    21.273    -3.89    3.23
 -11054.517    20.747    -1.83    2.93
 -10767.688    19.930    -2.85    2.26
 -10480.844    19.769    -0.56    2.30
 -10193.984    19.974     0.71    2.52
  -9907.107    20.548     2.00    3.02
  -9620.215    22.071     5.31    2.58
  -9333.307    22.845     2.70    2.50
  -9046.382    23.733     3.09    2.30
  -8759.442    24.507     2.70    2.12
  -8472.486    25.216     2.47    1.68
  -8185.514    25.930     2.49    2.08
  -7898.525    26.453     1.82    2.15
  -7611.521    25.313    -3.97    5.95
  -7324.501    23.761    -5.41    8.76
  -7037.465    22.701    -3.69   10.15
  -6750.413    20.846    -6.46   11.60
  -6463.344    19.296    -5.40   12.24
  -6176.260    17.324    -6.87   12.75
  -5889.160    15.148    -7.58   12.93
  -5602.044    14.710    -1.52   12.82
  -5314.911    13.357    -4.71   12.43
  -5027.763    12.075    -4.46   11.95
  -4740.599    12.141     0.23   11.90
  -4453.418    11.642    -1.74   11.83
  -4166.222    10.676    -3.36   11.71
  -3879.010     9.887    -2.75   11.62
  -3591.781     9.524    -1.26   11.59
  -3304.537     9.201    -1.12   11.73
  -3017.276     8.651    -1.92   11.47
  -2730.000     7.416    -4.30   10.73
  -2442.707     7.338    -0.27   10.55
  -2155.398     7.409     0.25   10.93
  -1868.074     6.716    -2.41   10.75
  -1580.733     6.789     0.25   10.85
  -1293.376     6.358    -1.50   11.13
  -1006.003     6.344    -0.05   11.44
   -718.614     5.533    -2.82   10.91
   -431.209     3.727    -6.28    9.05
   -143.788     3.301    -1.48    8.25
    143.649     2.527    -2.69    7.17
    431.103     2.001    -1.83    6.58
    718.572     2.620     2.15    7.65
   1006.057     2.101    -1.80    6.71
   1293.559     1.724    -1.31    5.41
   1581.077     2.548     2.86    6.72
   1868.610     1.974    -1.99    3.53
   2156.160     2.684     2.47    3.71
   2443.726     3.507     2.86    3.83
   2731.308     4.301     2.76    3.93
   3018.906     4.592     1.01    3.76
   3306.521     4.655     0.22    3.32
   3594.151     4.872     0.75    3.13
   3881.798     4.988     0.41    2.99
   4169.460     5.283     1.03    2.70
   4457.139     5.394     0.38    2.42
   4744.834     5.620     0.79    2.01
   5032.545     5.324    -1.03    1.81
   5320.272     4.606    -2.50    2.33
   5608.016     3.873    -2.55    2.67
   5895.775     3.151    -2.51    2.96
   6183.551     2.122    -3.58    2.61
   6471.343     1.842    -0.97    2.85
   6759.150     1.872     0.10    3.29
   7046.975     2.282     1.42    3.65
   7334.815     3.272     3.44    3.95
   7622.671     4.056     2.73    3.94
   7910.544     4.987     3.23    3.75
   8198.432     5.930     3.28    3.13
   8486.337     6.201     0.94    2.81
   8774.258     6.445     0.85    2.40
   9062.196     6.283    -0.56    2.42
   9350.149     5.986    -1.03    2.50
   9638.119     5.753    -0.81    2.67
   9926.105     5.544    -0.73    2.51
  10214.107     5.507    -0.13    2.38
  10502.125     5.162    -1.20    2.12
  10790.159     5.158    -0.01    2.11
  11078.210     5.327     0.59    2.01
  11366.277     4.988    -1.18    2.52
  11654.360     4.601    -1.34    2.86
  11942.459     4.477    -0.43    2.79
  12230.574     4.358    -0.41    2.99
  12518.706     4.141    -0.75    2.78
  12806.854     4.130    -0.04    2.76
  13095.018     4.783     2.27    2.80
  13383.199     5.180     1.38    2.37
  13671.395     5.239     0.20    2.09
  13959.608     5.085    -0.54    2.24
  14247.837     4.916    -0.59    2.25
  14536.082     4.733    -0.64    2.31
  14824.344     4.521    -0.73    2.33
  15112.622     4.073    -1.56    2.52
  15400.916     3.666    -1.41    2.70
  15689.226     3.063    -2.09    2.81
  15977.553     2.548    -1.79    2.79
  16265.895     2.113    -1.51    2.94
  16554.254     1.858    -0.88    3.11
  16842.630     2.318     1.59    4.44
  17131.021     2.493     0.61    4.72
  17419.429     2.817     1.12    6.13
  17707.853     2.813    -0.02    7.39
  17996.294     3.401     2.04    8.65
  18284.751     3.107    -1.02    8.83
  18573.224     2.516    -2.05    7.97
  18861.713     2.544     0.10    8.00
  19150.219     1.740    -2.79    5.62
  19438.741     1.493    -0.86    4.94
  19727.279     1.597     0.36    4.47
  20015.833     1.813     0.75    4.40
  20304.404     2.016     0.70    4.21
  20592.991     1.769    -0.86    3.27
  20881.595     2.187     1.45    3.55
  21170.214     2.042    -0.50    3.35
  21458.850     1.683    -1.25    3.15
  21747.503     1.564    -0.41    3.06
  22036.172     1.843     0.97    3.40
  22324.857     2.239     1.37    3.41
  22613.558     2.539     1.04    3.31
  22902.276     2.771     0.80    3.17
  23191.010     3.282     1.77    3.09
  23479.760     3.499     0.75    2.78
  23768.527     3.747     0.86    2.63
  24057.310     3.662    -0.29    2.39
  24346.110     3.701     0.14    2.18
  24634.926     3.577    -0.43    2.06
  24923.758     3.582     0.02    1.98
  25212.606     3.445    -0.48    1.98
  25501.471     3.416    -0.10    1.80
  25790.352     3.296    -0.41    2.10
  26079.250     3.373     0.27    2.38
  26368.164     3.225    -0.51    2.56
  26657.095     3.254     0.10    2.71
  26946.041     2.989    -0.92    2.84
  27235.005     2.857    -0.46    2.87
  27523.984     2.501    -1.23    2.91
  27812.980     2.044    -1.58    2.81
  28101.992     1.658    -1.33    2.55
  28391.021     1.344    -1.09    2.45
  28680.066     0.901    -1.53    1.88
  28969.128     0.582    -1.10    1.69
  29258.206     0.239    -1.19    1.24
  29547.300     0.136    -0.36    1.10
  29836.411     0.044    -0.32    0.96
  30125.538    -0.084    -0.44    0.00
  30414.682    -0.084     0.00    0.00
  30703.842    -0.084     0.00    0.00
  30993.019    -0.084     0.00    0.00
  31282.212    -0.084     0.00    0.00
  31571.421    -0.084     0.00    0.00
  31860.647    -0.084     0.00    0.00
  32149.889     0.366     1.56    1.68
  32439.148     0.620     0.88    2.10
  32728.423     1.402     2.70    3.93
  33017.715     1.845     1.53    4.53
  33307.023     2.859     3.51    6.18
  33596.347     3.151     1.01    6.16
  33885.688     4.197     3.62    7.57
  34175.046     4.533     1.16    7.96
  34464.420     5.358     2.85    8.64
  34753.810     6.775     4.89    9.69
  35043.217     7.970     4.13   10.73
  35332.640     8.099     0.45   10.46
  35622.080     9.234     3.92   10.48
  35911.537     9.474     0.83    9.94
  36201.009    10.028     1.91    9.57
  36490.499    10.176     0.51    9.35
  36780.004    10.169    -0.03    8.65
  37069.527    10.680     1.76    8.75
  37359.066    11.268     2.03    9.02
  37648.621    12.716     5.00    9.27
  37938.193    13.959     4.29    9.76
  38227.781    15.195     4.27    9.76
  38517.386    15.960     2.64    9.92
  38807.007    17.597     5.65    9.07
  39096.645    17.873     0.95    8.60
  39386.300    16.986    -3.06    8.25
  39675.971    16.458    -1.82    7.50
  39965.658    15.789    -2.31    6.14
  40255.362    14.644    -3.95    5.31
  40545.083    14.386    -0.89    3.91
  40834.820    14.408     0.08    3.23
  41124.574    15.443     3.57    2.90
  41414.344    16.559     3.85    3.28
  41704.131    17.701     3.94    3.02
  41993.934    18.985     4.43    3.17
  42283.754    20.158     4.05    3.07
  42573.590    21.058     3.11    2.80
  42863.443    21.829     2.66    2.78
  43153.313    22.063     0.81    2.53
  43443.199    22.499     1.51    2.17
  43733.102    22.606     0.37    1.90
  44023.021    22.634     0.10    1.81
  44312.957    22.817     0.63    1.71
  44602.910    22.960     0.49    1.64
  44892.879    23.239     0.96    1.72
  45182.864    23.626     1.33    1.78
  45472.867    24.144     1.79    1.74
  45762.886    24.761     2.13    1.60
  46049.727    25.044     0.99    1.53
  46336.236    25.491     1.56    1.29
  46622.762    25.874     1.34    1.38
  46909.303    26.104     0.80    1.37
  47195.860    26.430     1.14    1.23
  47482.434    26.516     0.30    1.30
  47769.024    26.582     0.23    1.35
  48055.630    26.673     0.32    1.32
  48342.252    26.690     0.06    1.19
  48628.890    26.710     0.07    1.24
  48915.544    26.648    -0.22    1.16
  49202.215    26.564    -0.29    1.03
  49488.901    26.563    -0.00    1.03
  49775.604    26.651     0.31    1.03
  50062.323    26.626    -0.09    1.04
  50349.058    26.587    -0.14    1.05
  50635.810    26.430    -0.55    1.05
  50922.577    26.352    -0.27    1.12
  51209.361    26.127    -0.79    1.30
  51496.161    25.803    -1.13    1.50
  51782.977    25.452    -1.22    1.68
  52069.809    24.727    -2.53    2.14
  52356.658    24.387    -1.19    2.17
  52643.522    23.798    -2.05    2.38
  52930.403    23.058    -2.58    2.64
  53217.300    22.507    -1.92    2.72
  53504.213    21.551    -3.33    2.74
  53791.143    20.887    -2.31    2.51
  54078.089    20.116    -2.69    2.42
  54365.051    19.563    -1.93    1.91
  54652.029    19.573     0.04    1.78
  54939.023    19.886     1.09    1.86
  55226.034    20.830     3.29    2.39
  55513.060    22.096     4.41    2.87
  55800.103    23.436     4.67    3.00
  56087.163    24.873     5.01    2.90
  56374.238    26.096     4.26    2.65
  56661.330    27.230     3.95    2.02
  56948.438    27.988     2.64    1.44
  57235.562    28.278     1.01    1.11
  57522.703    28.430     0.53    0.87
  57809.859    28.305    -0.44    1.09
  58097.032    28.216    -0.31    1.42
  58384.222    28.096    -0.42    1.46
  58671.427    28.014    -0.29    1.47
  58958.649    28.028     0.05    1.50
  59245.887    28.205     0.62    1.71
  59533.141    28.282     0.27    1.49
  59820.412    28.577     1.03    1.51
  60107.699    28.930     1.23    1.48
  60395.002    29.138     0.72    1.49
  60682.321    29.294     0.54    1.52
  60969.657    29.401     0.37    1.24
  61257.009    29.634     0.81    1.19
  61544.378    29.582    -0.18    1.20
  61831.762    29.744     0.56    1.27
  62119.163    29.960     0.75    1.31
  62406.580    30.077     0.41    1.43
  62694.014    30.803     2.52    1.73
  62981.464    31.268     1.62    1.75
  63268.930    31.775     1.76    1.86
  63556.413    32.155     1.32    1.79
  63843.912    32.644     1.70    1.85
  64131.427    32.872     0.79    1.69
  64418.958    33.249     1.31    1.63
  64706.506    33.489     0.84    1.62
  64994.070    33.744     0.89    1.60
  65281.651    34.141     1.38    1.64
  65569.248    34.532     1.36    1.52
  65856.861    34.704     0.60    1.54
  66144.490    34.986     0.98    1.64
  66432.136    34.959    -0.09    1.50
  66719.799    35.058     0.35    1.63
  67007.477    35.239     0.63    1.63
  67295.172    35.278     0.13    1.58
  67582.884    35.652     1.30    1.64
  67870.611    35.738     0.30    1.60
  68158.355    35.930     0.67    1.48
  68446.116    36.305     1.30    1.71
  68733.893    36.301    -0.01    1.70
  69021.686    36.501     0.69    1.84
  69309.496    36.727     0.78    1.79
  69597.322    36.577    -0.52    1.90
  69885.164    36.513    -0.22    2.07
  70173.023    36.244    -0.93    2.30
  70460.898    35.999    -0.85    2.48
  70748.790    35.624    -1.30    2.68
  71036.698    35.028    -2.07    2.79
  71324.622    34.017    -3.51    3.14
  71612.563    33.601    -1.44    3.69
  71900.520    33.077    -1.82    3.70
  72188.494    33.030    -0.16    3.45
  72476.484    33.541     1.77    3.48
  72764.491    33.564     0.08    3.20
  73052.514    33.761     0.68    3.34
  73340.553    34.058     1.03    3.53
  73628.609    33.945    -0.39    4.34
  73916.681    33.240    -2.45    5.02
  74204.770    32.224    -3.52    5.11
  74492.875    30.230    -6.92    4.92
  74780.997    28.775    -5.05    4.31
  75069.135    27.568    -4.19    3.50
  75357.289    26.530    -3.60    2.36
  75645.460    26.039    -1.70    1.54
  75933.648    26.298     0.90    1.70
  76221.852    27.003     2.44    2.11
  76510.072    27.644     2.23    2.37
  76798.309    28.239     2.06    2.49
  77086.562    29.193     3.31    2.60
  77374.832    30.130     3.25    2.61
  77663.119    31.422     4.48    2.61
  77951.421    32.513     3.78    2.70
  78239.741    33.716     4.17    2.75
  78528.076    35.254     5.34    2.73
  78816.429    36.558     4.52    2.88
  79104.798    37.698     3.95    2.93
  79393.183    39.310     5.59    3.07
  79681.585    40.527     4.22    2.94
  79970.003    41.395     3.01    2.57
  80258.438    42.268     3.03    2.03
  80546.889    43.087     2.84    1.79
  80835.357    43.827     2.57    1.48
  81123.841    44.273     1.54    1.38
  81412.342    44.489     0.75    1.50
  81700.860    45.075     2.03    1.58
  81989.394    45.648     1.99    1.59
  82277.944    46.240     2.05    1.46
  82566.511    46.564     1.12    1.35
  82855.095    46.944     1.32    1.34
  83143.695    47.430     1.68    1.39
  83432.311    47.474     0.15    1.32
  83720.945    47.473    -0.01    1.33
  84009.594    47.451    -0.08    1.39
  84298.261    47.273    -0.62    1.50
  84586.944    47.173    -0.35    1.64
  84875.643    46.791    -1.32    1.63
  85164.359    46.510    -0.97    1.50
  85453.092    46.452    -0.20    1.39
  85741.841    46.622     0.59    1.50
  86030.607    46.829     0.72    1.53
  86319.389    47.073     0.85    1.53
  86608.188    47.436     1.26    1.54
  86897.004    47.916     1.66    1.42
  87185.836    48.479     1.95    1.24
  87474.685    48.817     1.17    1.12
  87763.550    48.944     0.44    1.17
  88052.432    49.033     0.31    1.28
  88341.331    48.974    -0.21    1.32
  88630.246    48.805    -0.59    1.34
  88919.177    48.707    -0.34    1.27
  89208.126    48.601    -0.37    1.30
  89497.091    48.235    -1.27    1.40
  89786.073    47.830    -1.40    1.59
  90075.071    47.553    -0.96    1.64
  90364.086    47.530    -0.08    1.63
  90653.117    47.327    -0.70    1.66
  90942.165    47.338     0.04    1.50
  91231.230    47.358     0.07    1.38
  91520.312    47.272    -0.30    1.17
  91809.410    46.930    -1.18    1.43
  92098.525    46.042    -3.07    2.15
  92387.656    44.886    -4.00    2.59
  92676.804    44.141    -2.58    2.73
  92965.969    43.474    -2.31    2.68
  93255.150    42.465    -3.49    3.16
  93544.348    41.887    -2.00    3.14
  93833.563    41.767    -0.42    3.05
  94122.794    41.986     0.76    2.88
  94412.043    42.401     1.44    2.69
  94701.307    42.636     0.81    2.43
  94990.589    42.773     0.47    2.32
  95279.887    43.033     0.90    2.52
  95569.202    42.718    -1.09    2.91
  95858.533    41.564    -3.99    3.59
  96147.882    40.564    -3.46    3.61
  96437.247    39.479    -3.75    3.48
  96726.628    38.451    -3.55    3.10
  97016.027    37.754    -2.41    3.14
  97305.442    36.386    -4.73    3.61
  97594.873    36.030    -1.23    4.40
  97884.322    35.127    -3.12    4.47
  98173.787    34.127    -3.45    4.32
  98463.269    33.380    -2.58    4.18
  98752.768    32.873    -1.75    3.77
  99042.283    32.372    -1.73    2.97
  99331.815    32.831     1.59    2.70
  99621.364    33.680     2.93    3.26
  99910.930    35.258     5.45    4.16
 100200.512    36.465     4.17    4.44
 100490.112    38.145     5.80    4.36
 100779.727    39.916     6.11    4.16
 101069.360    41.201     4.44    3.89
 101359.010    42.372     4.04    3.46
 101648.676    42.958     2.02    3.57
 101938.359    43.327     1.28    3.52
 102228.058    44.437     3.83    4.05
 102517.775    45.263     2.85    4.09
 102807.508    45.971     2.44    3.87
 103097.258    46.187     0.75    3.45
 103387.025    46.485     1.03    3.13
 103676.809    46.548     0.22    2.60
 103966.609    46.958     1.42    2.73
 104256.426    46.901    -0.20    2.93
 104546.260    46.958     0.20    2.87
 104836.111    46.805    -0.53    2.88
 105125.979    46.958     0.53    2.72
 105415.863    47.282     1.12    2.50
 105705.764    47.352     0.24    2.39
 105995.682    47.176    -0.61    2.60
 106285.617    47.563     1.33    2.75
 106575.569    47.858     1.02    2.81
 106865.538    48.042     0.63    2.60
 107155.523    48.240     0.68    2.30
 107445.525    48.464     0.77    2.27
 107735.544    48.606     0.49    2.25
 108024.092    48.801     0.68    2.13
 108310.557    48.787    -0.05    2.12
 108597.039    48.872     0.29    2.03
 108883.537    49.558     2.40    2.19
 109170.052    49.733     0.61    2.47
 109456.583    49.652    -0.28    2.66
 109743.130    49.549    -0.36    2.77
 110029.694    49.596     0.16    2.77
 110316.274    49.739     0.50    2.54
 110602.870    49.988     0.87    2.26
 110889.483    50.321     1.16    2.22
 111176.112    51.077     2.64    2.30
 111462.758    51.620     1.89    2.01
 111749.420    51.718     0.34    1.79
 112036.098    52.042     1.13    1.56
 112322.793    52.071     0.10    1.40
 112609.504    51.987    -0.29    1.42
 112896.231    52.014     0.09    1.41
 113182.975    51.816    -0.69    1.45
 113469.736    51.754    -0.22    1.50
 113756.512    51.945     0.67    1.69
 114043.306    51.887    -0.20    1.85
 114330.115    51.972     0.29    1.84
 114616.941    51.887    -0.30    1.83
 114903.784    51.773    -0.40    1.94
 115190.642    51.564    -0.73    1.99
 115477.518    51.394    -0.59    1.99
 115764.409    50.945    -1.57    1.85
 116051.317    50.592    -1.23    1.90
 116338.242    50.352    -0.84    1.88
 116625.183    50.191    -0.56    1.88
 116912.140    50.101    -0.31    2.43
 117199.114    50.138     0.13    3.24
 117486.105    49.634    -1.76    3.42
 117773.112    49.085    -1.91    2.80
 118060.135    48.592    -1.72    2.18
 118347.175    48.019    -2.00    1.75
 118634.231    47.739    -0.97    1.93
 118921.303    47.487    -0.88    1.95
 119208.393    47.296    -0.67    1.74
 119495.498    47.028    -0.93    1.79
 119782.620    46.544    -1.69    1.72
 120069.759    46.121    -1.47    1.67
 120356.914    45.716    -1.41    1.75
 120644.085    45.611    -0.36    1.72
 120931.273    45.460    -0.53    1.73
 121218.478    45.169    -1.01    1.82
 121505.699    45.195     0.09    2.01
 121792.937    45.155    -0.14    2.09
 122080.191    45.296     0.49    2.18
 122367.461    45.366     0.25    2.14
 122654.748    45.254    -0.39    2.18
 122942.052    45.169    -0.29    2.12
 123229.372    45.292     0.43    2.01
 123516.708    44.827    -1.62    1.69
 123804.062    44.787    -0.14    1.55
 124091.431    44.592    -0.68    1.49
 124378.817    44.346    -0.85    1.55
 124666.220    44.135    -0.74    1.54
 124953.640    44.244     0.38    1.55
 125241.075    44.244    -0.00    1.58
 125528.528    44.549     1.06    1.72
 125815.997    45.063     1.79    2.06
 126103.482    45.756     2.41    2.83
 126390.984    46.987     4.28    3.47
 126678.503    47.945     3.33    3.88
 126966.038    48.152     0.72    3.82
 127253.590    47.803    -1.21    3.40
 127541.158    47.162    -2.23    3.02
 127828.743    46.902    -0.91    2.57
 128116.344    46.658    -0.85    1.85
 128403.962    46.666     0.02    1.58
 128691.597    46.986     1.11    1.46
 128979.248    47.144     0.55    1.50
 129266.916    47.501     1.24    1.47
 129554.600    47.724     0.77    1.51
 129842.301    48.141     1.45    1.39
 130130.018    48.183     0.15    1.52
 130417.753    48.099    -0.29    1.73
 130705.503    48.033    -0.23    1.82
 130993.271    47.783    -0.87    1.90
 131281.055    47.958     0.61    1.94
 131568.855    48.254     1.03    1.97
 131856.673    48.687     1.51    2.17
 132144.506    49.216     1.84    2.09
 132432.357    49.610     1.37    1.94
 132720.224    49.816     0.71    1.70
 133008.108    50.201     1.34    1.95
 133296.008    50.254     0.18    1.98
 133583.925    50.087    -0.58    2.27
 133871.859    50.030    -0.20    2.63
 134159.809    49.690    -1.18    2.85
 134447.776    49.116    -2.00    2.82
 134735.759    48.744    -1.29    2.65
 135023.760    48.578    -0.58    2.41
 135311.777    48.704     0.44    2.12
 135599.810    48.887     0.63    1.88
 135887.860    49.504     2.14    2.35
 136175.927    50.394     3.09    2.40
 136464.011    51.296     3.13    2.17
 136752.111    52.056     2.64    2.21
 137040.228    52.491     1.51    2.28
 137328.362    52.680     0.65    2.24
 137616.512    52.687     0.03    1.88
 137904.679    52.616    -0.25    1.71
 138192.863    52.827     0.73    1.63
 138481.063    52.930     0.36    1.77
 138769.280    52.846    -0.29    1.76
 139057.514    52.820    -0.09    1.68
 139345.765    52.673    -0.51    1.66
 139634.032    52.485    -0.65    1.91
 139922.316    52.058    -1.48    2.29
 140210.616    51.408    -2.26    2.63
 140498.934    51.130    -0.97    2.54
 140787.268    50.724    -1.41    2.36
 141075.619    50.887     0.57    2.06
 141363.986    50.972     0.29    1.92
 141652.371    51.267     1.02    1.79
 141940.772    51.775     1.76    1.81
 142229.189    52.387     2.12    1.92
 142517.624    53.372     3.41    1.57
 142806.075    53.873     1.74    1.34
 143094.543    54.263     1.35    1.41
 143383.028    54.573     1.07    1.26
 143671.530    54.735     0.56    1.25
 143960.048    54.763     0.10    1.27
 144248.583    54.521    -0.84    1.34
 144537.135    54.221    -1.04    1.53
 144825.703    53.773    -1.55    1.80
 145114.289    53.336    -1.51    1.94
 145402.891    53.099    -0.82    2.02
 145691.510    52.813    -0.99    2.31
 145980.146    51.944    -3.01    2.55
 146268.798    51.268    -2.34    2.93
 146557.467    50.267    -3.47    3.52
 146846.154    49.582    -2.37    3.86
 147134.857    48.916    -2.31    3.99
 147423.576    48.224    -2.39    3.67
 147712.313    47.777    -1.55    3.55
 148001.066    47.452    -1.13    3.57
 148289.836    47.458     0.02    3.43
 148578.623    47.507     0.17    3.23
 148867.427    47.087    -1.45    3.23
 149156.248    46.610    -1.65    3.33
 149445.085    46.155    -1.58    3.62
 149733.939    45.452    -2.43    3.62
 150022.810    44.651    -2.77    3.56
 150311.698    43.673    -3.39    3.61
 150600.603    42.930    -2.57    3.59
 150889.525    42.606    -1.12    3.62
 151178.463    42.747     0.49    3.91
 151467.419    42.564    -0.63    4.21
 151756.391    42.521    -0.15    3.96
 152045.380    42.758     0.82    3.98
 152334.386    43.298     1.87    3.34
 152623.408    43.090    -0.72    3.24
 152912.448    42.507    -2.02    3.61
 153201.505    42.310    -0.68    4.38
 153490.578    41.718    -2.05    4.46
 153779.668    40.818    -3.11    4.77
 154068.775    39.507    -4.54    5.31
 154357.899    37.687    -6.30    5.79
 154647.040    35.957    -5.98    5.46
 154936.198    34.298    -5.74    4.33
 155225.373    32.530    -6.12    4.40
 155514.564    30.624    -6.59    5.12
 155803.773    29.118    -5.21    5.35
 156092.998    27.735    -4.78    5.51
 156382.241    26.240    -5.17    5.43
 156671.500    24.092    -7.43    5.40
 156960.776    22.380    -5.92    5.33
 157250.069    20.713    -5.77    4.59
 157539.379    19.225    -5.14    3.63
 157828.706    18.193    -3.57    2.58
 158118.050    17.986    -0.72    2.55
 158407.411    18.464     1.65    2.83
 158696.788    19.491     3.55    3.10
 158986.183    20.872     4.77    3.41
 159275.595    22.195     4.57    3.65
 159565.023    23.430     4.27    3.79
 159854.469    24.662     4.26    3.78
 160143.931    25.902     4.28    4.08
 160433.411    27.628     5.96    4.53
 160722.907    29.197     5.42    4.72
 161012.421    30.789     5.50    4.70
 161301.951    32.254     5.06    4.49
 161591.498    34.166     6.60    4.09
 161881.062    35.481     4.54    3.38
 162170.644    36.000     1.79    3.27
 162460.242    36.749     2.59    3.25
 162749.857    37.301     1.91    3.37
 163039.489    38.071     2.66    3.80
 163329.139    38.620     1.90    3.88
 163618.805    38.564    -0.19    3.39
 163908.488    38.763     0.69    3.36
 164198.188    38.666    -0.34    2.93
 164487.906    39.099     1.50    3.17
 164777.640    39.166     0.23    3.24
 165067.391    39.321     0.54    3.26
 165357.159    39.693     1.29    2.84
 165646.945    40.144     1.56    2.74
 165936.747    40.474     1.14    2.63
 166226.566    40.301    -0.60    2.94
 166516.403    40.187    -0.39    3.37
 166806.256    39.451    -2.54    4.58
 167096.127    38.652    -2.76    5.46
 167386.014    38.249    -1.39    5.73
 167675.919    37.747    -1.73    5.60
 167965.840    37.409    -1.17    5.18
 168255.779    37.524     0.40    4.85
 168545.735    37.504    -0.07    4.58
 168835.707    37.987     1.67    4.43
 169125.697    39.338     4.66    5.18
 169415.704    40.493     3.98    5.25
 169705.728    42.190     5.85    5.27
 169995.769    43.249     3.65    4.85
 170282.465    44.648     4.88    4.20
 170568.897    45.644     3.48    3.57
 170855.347    46.504     3.00    3.25
 171141.812    47.032     1.84    2.62
 171428.295    47.662     2.20    2.63
 171714.794    48.296     2.21    2.46
 172001.309    48.716     1.47    1.85
 172287.841    48.958     0.85    1.67
 172574.390    49.366     1.42    1.45
 172860.956    49.616     0.87    1.21
 173147.537    49.747     0.46    1.18
 173434.136    49.945     0.69    1.27
 173720.751    50.056     0.39    1.42
 174007.383    50.058     0.01    1.45
 174294.031    49.971    -0.30    1.49
 174580.696    49.901    -0.24    1.54
 174867.378    49.845    -0.20    1.44
 175154.076    49.888     0.15    1.41
 175440.791    49.873    -0.05    1.40
 175727.522    49.916     0.15    1.31
 176014.270    50.195     0.97    1.27
 176301.035    50.155    -0.14    1.36
 176587.816    50.116    -0.14    1.37
 176874.614    49.987    -0.45    1.44
 177161.429    49.874    -0.39    1.57
 177448.260    49.592    -0.98    1.58
 177735.108    49.416    -0.61    1.73
 178021.973    49.056    -1.25    1.73
 178308.854    48.901    -0.54    1.64
 178595.752    48.489    -1.44    1.66
 178882.666    48.001    -1.70    1.70
 179169.598    47.803    -0.69    1.82
 179456.546    47.749    -0.19    1.92
 179743.510    47.505    -0.85    1.96
 180030.491    47.624     0.42    1.87
 180317.489    47.437    -0.65    1.86
 180604.504    47.465     0.10    1.83
 180891.535    47.651     0.65    1.66
 181178.583    47.386    -0.92    1.65
 181465.648    47.401     0.05    1.58
 181752.730    47.197    -0.71    1.45
 182039.828    47.013    -0.64    1.65
 182326.943    46.929    -0.29    1.65
 182614.074    46.779    -0.52    1.62
 182901.222    46.859     0.28    1.64
 183188.387    46.805    -0.19    1.62
 183475.569    46.680    -0.43    1.85
 183762.767    46.350    -1.15    1.95
 184049.983    46.099    -0.88    2.24
 184337.214    46.235     0.47    2.29
 184624.463    46.471     0.82    2.31
 184911.728    46.733     0.91    2.01
 185199.010    46.889     0.54    1.92
 185486.309    47.451     1.96    1.57
 185773.625    47.844     1.37    1.58
 186060.957    47.857     0.04    1.73
 186348.306    47.305    -1.92    2.37
 186635.672    46.727    -2.01    2.82
 186923.055    46.387    -1.18    3.04
 187210.454    45.791    -2.08    3.01
 187497.870    45.254    -1.87    3.19
 187785.303    44.409    -2.94    3.06
 188072.753    43.485    -3.21    3.19
 188360.219    43.116    -1.29    3.49
 188647.702    42.004    -3.87    3.48
 188935.202    41.166    -2.92    3.17
 189222.719    40.616    -1.91    2.86
 189510.253    39.830    -2.73    2.57
 189797.803    39.068    -2.65    2.45
 190085.370    38.564    -1.76    2.48
 190372.954    37.873    -2.40    2.52
 190660.555    37.141    -2.55    2.34
 190948.173    36.669    -1.64    1.93
 191235.807    36.533    -0.47    1.74
 191523.458    36.944     1.43    1.93
 191811.126    37.507     1.96    1.89
 192098.811    38.042     1.86    2.20
 192386.513    38.477     1.51    1.96
 192674.231    38.676     0.69    2.09
 192961.967    38.887     0.73    1.95
 193249.719    39.187     1.04    2.06
 193537.488    39.533     1.20    2.01
 193825.274    39.916     1.33    2.09
 194113.077    40.330     1.44    2.35
 194400.896    40.789     1.59    2.26
 194688.732    41.211     1.47    2.21
 194976.586    41.683     1.64    2.18
 195264.456    42.183     1.74    2.10
 195552.343    42.831     2.25    2.12
 195840.247    43.634     2.79    2.24
 196128.168    44.504     3.02    2.15
 196416.105    45.408     3.14    1.95
 196704.060    45.749     1.18    1.91
 196992.031    46.493     2.58    2.13
 197280.019    47.268     2.69    2.05
 197568.024    47.874     2.11    2.07
 197856.046    48.479     2.10    2.05
 198144.085    49.444     3.35    2.84
 198432.141    50.666     4.24    3.80
 198720.214    51.430     2.66    3.52
 199008.304    52.116     2.38    3.68
 199296.410    52.624     1.76    3.67
 199584.534    53.240     2.14    3.96
 199872.674    53.113    -0.44    3.61
 200160.831    53.080    -0.11    2.85
 200449.005    53.240     0.55    2.76
 200737.197    52.902    -1.17    1.82
 201025.405    52.777    -0.43    1.32
 201313.630    52.739    -0.13    1.33
 201601.871    52.930     0.66    1.37
 201890.130    53.068     0.48    1.45
 202178.406    53.253     0.64    1.57
 202466.699    53.568     1.09    1.53
 202755.009    53.527    -0.14    1.55
 203043.335    53.563     0.12    1.37
 203331.679    53.450    -0.39    1.34
 203620.040    53.360    -0.31    1.33
 203908.417    53.386     0.09    1.35
 204196.812    53.138    -0.86    1.20
 204485.223    52.985    -0.53    1.09
 204773.652    52.983    -0.01    1.21
 205062.097    52.765    -0.76    1.19
 205350.559    52.690    -0.26    1.11
 205639.039    52.680    -0.03    1.13
 205927.535    52.582    -0.34    1.07
 206216.049    52.658     0.26    1.05
 206504.579    52.690     0.11    1.11
 206793.126    52.792     0.35    1.42
 207081.691    52.999     0.72    1.44
 207370.272    52.983    -0.05    1.43
 207658.870    52.833    -0.52    1.32
 207947.486    52.787    -0.16    1.30
 208236.118    52.960     0.60    1.30
 208524.768    52.846    -0.39    1.24
 208813.434    52.630    -0.75    1.08
 209102.118    52.606    -0.08    1.06
 209390.818    52.505    -0.35    1.07
 209679.536    52.423    -0.28    1.09
 209968.270    52.071    -1.22    1.21
 210257.022    51.874    -0.68    1.13
 210545.791    51.727    -0.51    1.18
 210834.576    51.460    -0.93    1.03
 211123.379    51.254    -0.71    1.05
 211412.199    51.056    -0.68    1.12
 211701.036    50.888    -0.58    1.13
 211989.890    50.777    -0.39    1.14
 212278.761    50.680    -0.34    1.29
 212567.649    50.578    -0.35    1.26
 212856.554    50.601     0.08    1.44
 213145.476    50.474    -0.44    1.50
 213434.416    50.408    -0.23    1.53
 213723.372    50.277    -0.46    1.55
 214012.346    50.013    -0.91    1.56
 214301.336    49.751    -0.91    1.55
 214590.344    49.546    -0.71    1.41
 214879.368    49.099    -1.55    1.34
 215168.410    48.727    -1.29    1.18
 215457.469    48.430    -1.03    1.29
 215746.545    48.176    -0.88    1.29
 216035.639    47.630    -1.89    1.23
 216324.749    47.327    -1.05    1.21
 216613.876    47.025    -1.04    1.31
 216903.021    46.930    -0.33    1.28
 217192.182    46.713    -0.75    1.29
 217481.361    46.408    -1.05    1.22
 217770.557    46.148    -0.90    1.23
 218059.770    46.116    -0.11    1.20
 218349.000    45.973    -0.49    1.11
 218638.248    45.930    -0.15    1.27
 218927.512    45.861    -0.24    1.30
 219216.794    45.888     0.09    1.24
 219506.093    45.791    -0.34    1.26
 219795.409    45.513    -0.96    1.33
 220084.742    45.180    -1.15    1.30
 220374.092    44.800    -1.32    1.24
 220663.459    44.718    -0.28    1.44
 220952.844    44.479    -0.83    1.40
 221242.246    44.273    -0.71    1.41
 221531.665    44.135    -0.48    1.56
 221821.101    43.846    -1.00    1.67
 222110.554    43.830    -0.06    1.92
 222400.025    43.352    -1.65    1.81
 222689.512    43.004    -1.20    1.81
 222979.017    42.573    -1.49    1.79
 223268.539    42.258    -1.09    1.87
 223558.079    41.943    -1.09    1.97
 223847.635    41.693    -0.86    1.92
 224137.209    41.409    -0.98    1.78
 224426.800    41.263    -0.50    1.70
 224716.408    41.234    -0.10    1.48
 225006.033    41.310     0.26    1.43
 225295.676    41.372     0.21    1.24
 225585.336    41.817     1.54    1.14
 225875.013    41.943     0.44    1.13
 226164.707    42.024     0.28    1.14
 226454.419    42.056     0.11    1.57
 226744.148    41.986    -0.24    1.58
 227033.894    41.901    -0.29    1.70
 227323.657    41.844    -0.20    1.73
 227613.437    42.014     0.59    2.28
 227903.235    41.930    -0.29    2.08
 228193.050    41.873    -0.19    2.10
 228482.882    41.573    -1.04    2.06
 228772.732    41.207    -1.26    2.15
 229062.599    40.704    -1.74    2.41
 229352.483    40.141    -1.94    2.26
 229642.384    39.754    -1.34    2.51
 229932.303    39.258    -1.71    2.60
 230222.239    38.638    -2.14    2.66
 230512.192    38.010    -2.17    2.60
 230802.163    37.587    -1.46    2.43
 231092.150    37.231    -1.23    1.97
 231382.156    37.277     0.16    2.06
 231672.178    37.187    -0.31    2.21
 231962.218    37.738     1.90    2.56
 232250.724    38.136     1.38    2.57
 232537.119    38.718     2.03    2.56
 232823.530    38.998     0.98    2.36
 233109.959    39.226     0.80    2.16
 233396.404    38.985    -0.84    2.14
 233682.866    38.683    -1.06    2.07
 233969.345    38.324    -1.25    1.61
 234255.840    38.073    -0.88    1.56
 234542.353    37.999    -0.26    1.69
 234828.882    37.901    -0.34    2.07
 235115.428    37.716    -0.65    2.68
 235401.991    37.107    -2.12    3.02
 235688.571    36.280    -2.89    3.23
 235975.167    35.388    -3.12    3.41
 236261.780    34.559    -2.89    3.43
 236548.411    33.832    -2.54    3.19
 236835.058    33.101    -2.55    1.42
 237121.721    33.135     0.12    1.38
 237408.402    33.489     1.24    1.33
 237695.100    34.187     2.43    1.88
 237981.814    34.847     2.30    1.95
 238268.545    35.443     2.08    2.09
 238555.293    35.818     1.31    2.01
 238842.058    36.217     1.39    1.86
 239128.840    36.666     1.56    1.83
 239415.639    37.130     1.62    1.76
 239702.454    37.305     0.61    1.65
 239989.287    37.607     1.05    1.70
 240276.136    37.858     0.87    1.40
 240563.002    38.244     1.35    1.47
 240849.885    38.740     1.73    1.60
 241136.785    39.107     1.28    1.60
 241423.702    39.436     1.15    1.56
 241710.636    39.592     0.54    1.40
 241997.587    39.844     0.88    1.37
 242284.554    39.860     0.06    1.37
 242571.539    39.872     0.04    1.33
 242858.540    39.744    -0.44    1.22
 243145.558    39.683    -0.21    1.24
 243432.594    39.655    -0.10    1.37
 243719.646    39.596    -0.21    1.36
 244006.715    39.724     0.44    1.36
 244293.801    39.859     0.47    1.67
 244580.904    40.116     0.89    1.88
 244868.024    40.193     0.27    1.88
 245155.160    40.327     0.47    2.01
 245442.314    40.387     0.21    1.95
 245729.485    40.313    -0.26    1.94
 246016.672    40.272    -0.14    1.78
 246303.877    40.152    -0.42    1.52
 246591.098    40.066    -0.30    1.52
 246878.337    40.141     0.26    1.34
 247165.592    39.916    -0.78    1.04
 247452.865    39.789    -0.44    0.97
 247740.154    39.783    -0.02    1.01
 248027.460    39.616    -0.58    0.94
 248314.784    39.483    -0.46    1.09
 248602.124    39.436    -0.16    1.07
 248889.481    39.235    -0.70    1.15
 249176.856    39.121    -0.40    1.30
 249464.247    39.042    -0.27    1.34
 249751.655    38.901    -0.49    1.39
 250039.080    38.775    -0.44    1.32
 250326.523    38.666    -0.38    1.19
 250613.982    38.676     0.04    1.18
 250901.458    38.780     0.36    1.32
 251188.951    38.970     0.66    1.38
 251476.462    39.027     0.20    1.37
 251763.989    39.190     0.57    1.29
 252051.533    39.169    -0.07    1.36
 252339.094    38.988    -0.63    1.35
 252626.673    39.221     0.81    2.48
 252914.268    39.119    -0.36    2.58
 253201.881    39.240     0.42    2.62
 253489.510    39.135    -0.36    2.67
 253777.157    39.231     0.33    2.63
 254064.820    38.943    -1.00    2.15
 254352.501    38.833    -0.38    1.50
 254640.198    38.718    -0.40    1.40
 254927.913    38.785     0.23    1.34
 255215.645    38.888     0.36    1.28
 255503.394    38.988     0.35    1.17
 255791.160    39.013     0.09    1.46
 256078.943    39.039     0.09    1.51
 256366.743    38.902    -0.48    1.31
 256654.560    38.957     0.19    1.30
 256942.394    39.037     0.28    1.30
 257230.245    39.028    -0.03    1.23
 257518.113    39.180     0.53    1.22
 257805.999    39.423     0.84    1.22
 258093.901    39.401    -0.07    1.25
 258381.821    39.718     1.10    1.36
 258669.758    39.847     0.45    1.29
 258957.712    39.888     0.14    1.21
 259245.683    39.998     0.38    1.00
 259533.671    40.053     0.19    0.99
 259821.676    40.116     0.22    0.97
 260109.698    39.945    -0.59    0.99
 260397.738    39.957     0.04    1.03
 260685.794    39.944    -0.05    1.06
 260973.868    40.028     0.29    1.19
 261261.959    40.162     0.46    1.18
 261550.067    40.346     0.64    1.24
 261838.192    40.450     0.36    1.21
 262126.334    40.479     0.10    1.24
 262414.493    40.690     0.73    1.28
 262702.670    40.916     0.78    1.74
 262990.864    40.970     0.19    1.65
 263279.074    41.127     0.54    1.72
 263567.302    41.041    -0.30    1.67
 263855.548    40.971    -0.24    1.72
 264143.810    40.958    -0.05    2.02
 264432.089    40.805    -0.53    1.90
 264720.386    40.718    -0.30    1.94
 265008.700    40.477    -0.84    2.08
 265297.031    40.122    -1.23    2.11
 265585.379    39.846    -0.96    2.19
 265873.745    39.735    -0.39    2.21
 266162.127    39.389    -1.20    1.74
 266450.527    39.071    -1.10    1.81
 266738.944    38.763    -1.07    1.78
 267027.378    38.505    -0.90    1.62
 267315.830    38.169    -1.16    1.74
 267604.298    38.066    -0.36    1.56
 267892.784    37.724    -1.19    1.58
 268181.287    37.221    -1.74    1.60
 268469.807    37.025    -0.68    1.62
 268758.345    37.064     0.14    2.20
 269046.900    36.735    -1.14    2.20
 269335.472    36.436    -1.04    2.22
 269624.061    36.155    -0.97    2.29
 269912.667    35.930    -0.78    2.20
 270201.291    35.719    -0.73    2.18
 270489.932    35.490    -0.79    2.24
 270778.590    35.052    -1.52    1.19
