-257585.964   -14.662     0.00    2.67
-257296.070   -14.057     2.09    2.87
-257006.191   -13.396     2.28    3.72
-256716.328   -13.738    -1.18    3.84
-256426.481   -14.363    -2.15    4.26
-256136.650   -14.343     0.07    4.50
-255846.836   -14.764    -1.45    4.56
-255557.037   -15.072    -1.06    4.67
-255267.254   -15.534    -1.60    4.75
-254977.488   -16.216    -2.35    4.35
-254687.737   -17.156    -3.25    4.13
-254398.002   -17.738    -2.01    3.76
-254108.284   -18.650    -3.15    3.26
-253818.581   -19.301    -2.25    2.34
-253528.894   -19.637    -1.16    1.81
-253239.223   -19.679    -0.15    1.54
-252949.569   -19.480     0.69    1.70
-252659.930   -18.936     1.88    2.22
-252370.307   -18.307     2.17    2.41
-252080.700   -17.563     2.57    2.68
-251791.110   -16.801     2.63    2.57
-251501.535   -16.171     2.17    2.33
-251211.976   -15.986     0.64    2.59
-250922.433   -15.472     1.78    2.35
-250632.906   -15.470     0.01    2.60
-250343.395   -15.466     0.01    2.55
-250053.900   -15.500    -0.12    2.61
-249764.420   -15.515    -0.05    2.69
-249474.957   -15.315     0.69    2.20
-249185.510   -15.401    -0.30    2.17
-248896.079   -15.607    -0.71    2.10
-248606.663   -15.613    -0.02    1.71
-248317.264   -15.717    -0.36    1.54
-248027.880   -15.657     0.21    1.54
-247738.513   -15.613     0.15    1.61
-247449.161   -15.643    -0.11    1.71
-247159.825   -15.386     0.89    1.81
-246870.505   -15.143     0.84    1.84
-246581.202   -14.954     0.65    1.91
-246291.914   -14.380     1.98    2.22
-246002.641   -14.069     1.08    2.58
-245713.385   -14.201    -0.46    3.05
-245424.145   -14.299    -0.34    3.04
-245134.920   -14.257     0.15    3.74
-244845.712   -14.401    -0.50    3.90
-244556.519   -14.172     0.79    4.14
-244267.343   -14.892    -2.49    3.95
-243978.182   -15.127    -0.81    3.95
-243689.037   -14.892     0.81    3.98
-243399.908   -14.966    -0.25    4.07
-243110.794   -14.743     0.77    3.91
-242821.697   -14.714     0.10    4.22
-242532.616   -14.586     0.44    4.45
-242243.550   -14.101     1.68    4.56
-241954.500   -13.936     0.57    5.04
-241665.466   -14.272    -1.16    5.05
-241376.448   -14.422    -0.52    4.90
-241087.446   -14.401     0.07    5.23
-240798.460   -14.786    -1.33    5.48
-240509.489   -15.533    -2.59    5.47
-240220.534   -16.001    -1.62    5.60
-239931.596   -16.751    -2.60    5.19
-239642.673   -17.319    -1.96    5.29
-239353.765   -17.858    -1.87    5.24
-239064.874   -18.892    -3.58    4.12
-238775.999   -20.144    -4.33    0.36
-238487.139   -20.186    -0.15    0.00
-238198.295   -19.908     0.96    1.40
-237909.467   -19.969    -0.21    1.12
-237620.655   -19.671     1.03    1.49
-237331.858   -19.201     1.63    2.05
-237043.078   -18.592     2.11    2.60
-236754.313   -18.058     1.85    3.12
-236465.564   -17.458     2.08    3.24
-236176.831   -16.901     1.93    3.44
-235888.113   -16.829     0.25    3.52
-235599.412   -16.466     1.26    3.77
-235310.726   -15.877     2.04    3.96
-235022.056   -15.892    -0.05    3.95
-234733.402   -15.947    -0.19    3.87
-234444.763   -15.980    -0.11    3.81
-234156.140   -15.801     0.62    3.70
-233867.534   -15.672     0.45    3.59
-233578.942   -16.012    -1.18    3.24
-233290.367   -15.995     0.06    2.79
-233001.807   -15.819     0.61    2.76
-232713.263   -15.580     0.83    2.76
-232424.735   -15.789    -0.72    2.84
-232136.223   -15.627     0.56    2.67
-231847.726   -15.686    -0.20    2.74
-231559.246   -15.750    -0.22    2.76
-231270.780   -15.729     0.07    2.84
-230982.331   -16.052    -1.12    2.76
-230693.897   -15.877     0.61    2.45
-230405.479   -15.929    -0.18    2.37
-230117.077   -15.751     0.61    2.31
-229828.691   -15.815    -0.22    2.20
-229540.320   -15.932    -0.41    2.12
-229251.965   -15.886     0.16    2.10
-228963.626   -15.972    -0.30    2.04
-228675.302   -15.858     0.40    2.11
-228386.994   -16.069    -0.73    2.04
-228098.702   -16.380    -1.08    2.15
-227810.426   -16.458    -0.27    2.17
-227522.165   -16.329     0.45    1.95
-227233.920   -16.350    -0.07    2.03
-226945.691   -16.586    -0.82    1.99
-226657.477   -16.722    -0.47    2.16
-226369.279   -16.589     0.46    2.26
-226081.097   -16.260     1.14    2.77
-225792.930   -16.245     0.05    3.06
-225504.779   -16.346    -0.35    3.35
-225216.644   -16.686    -1.18    3.57
-224928.525   -17.012    -1.13    3.70
-224640.421   -17.936    -3.21    3.29
-224352.333   -18.510    -1.99    3.11
-224064.260   -19.306    -2.76    2.32
-223776.203   -19.701    -1.37    1.92
-223488.162   -19.951    -0.87    1.40
-223200.136   -19.730     0.77    1.94
-222912.127   -19.143     2.04    2.51
-222624.132   -18.664     1.66    2.77
-222336.154   -18.331     1.16    2.76
-222048.191   -17.969     1.26    2.72
-221760.243   -17.466     1.75    2.75
-221472.312   -17.274     0.66    2.76
-221184.396   -16.730     1.89    2.79
-220896.495   -16.672     0.20    2.67
-220608.611   -16.186     1.69    2.89
-220320.741   -15.824     1.26    2.74
-220032.888   -15.086     2.56    2.95
-219745.050   -14.407     2.36    2.92
-219457.228   -13.686     2.50    2.82
-219169.421   -13.398     1.00    2.86
-218881.630   -13.201     0.69    2.56
-218593.854   -13.302    -0.35    2.64
-218306.095   -13.679    -1.31    2.73
-218018.350   -14.272    -2.06    2.52
-217730.622   -14.743    -1.64    2.41
-217442.909   -15.216    -1.64    1.86
-217155.211   -15.289    -0.25    1.70
-216867.529   -15.550    -0.91    1.83
-216579.863   -15.737    -0.65    1.82
-216292.212   -15.795    -0.20    1.67
-216004.577   -15.745     0.17    1.57
-215716.957   -15.538     0.72    1.51
-215429.353   -15.643    -0.37    1.65
-215141.765   -15.574     0.24    1.83
-214854.192   -15.377     0.68    2.01
-214566.635   -15.246     0.46    1.95
-214279.093   -15.010     0.82    1.96
-213991.567   -14.595     1.44    2.18
-213704.056   -14.128     1.62    1.74
-213416.561   -14.103     0.09    1.63
-213129.082   -13.954     0.52    1.56
-212841.618   -14.156    -0.70    1.78
-212554.169   -14.422    -0.92    2.01
-212266.736   -14.843    -1.47    2.13
-211979.319   -15.288    -1.55    2.16
-211691.917   -15.820    -1.85    2.41
-211404.531   -15.929    -0.38    2.42
-211117.160   -15.686     0.85    2.38
-210829.805   -15.686     0.00    2.28
-210542.465   -15.480     0.72    2.18
-210255.141   -15.260     0.77    2.17
-209967.832   -15.365    -0.37    1.98
-209680.539   -15.229     0.47    1.97
-209393.261   -15.172     0.20    1.96
-209105.999   -15.243    -0.25    1.74
-208818.752   -15.129     0.40    1.60
-208531.521   -14.829     1.04    1.65
-208244.306   -14.304     1.83    1.76
-207957.105   -14.247     0.20    1.82
-207669.921   -14.052     0.68    1.89
-207382.751   -13.915     0.48    2.03
-207095.598   -13.515     1.39    2.10
-206808.459   -13.228     1.00    2.29
-206521.337   -13.172     0.20    2.22
-206234.229   -13.288    -0.40    2.30
-205947.138   -13.216     0.25    2.27
-205660.061   -13.321    -0.37    2.15
-205373.000   -13.470    -0.52    2.28
-205085.955   -13.877    -1.42    2.26
-204798.925   -14.158    -0.98    2.13
-204511.910   -14.339    -0.63    1.72
-204224.911   -14.360    -0.07    1.64
-203937.928   -14.015     1.20    1.75
-203650.959   -13.745     0.94    1.94
-203364.007   -13.592     0.53    2.05
-203077.069   -13.348     0.85    2.22
-202790.148   -12.877     1.64    2.36
-202503.241   -12.157     2.51    2.68
-202216.350   -11.797     1.25    2.71
-201929.475   -11.505     1.02    3.00
-201642.614   -10.901     2.11    2.75
-201355.770   -10.559     1.19    2.35
-201068.940   -10.377     0.63    2.20
-200782.127   -10.319     0.21    2.16
-200495.328   -10.410    -0.32    2.30
-200208.545   -10.943    -1.86    2.02
-199921.777   -11.186    -0.85    2.10
-199635.025   -11.288    -0.35    2.20
-199348.288   -11.534    -0.86    2.15
-199061.567   -11.578    -0.15    2.02
-198772.498   -11.747    -0.59    1.76
-198482.436   -11.260     1.68    2.08
-198192.389   -11.304    -0.15    2.51
-197902.359   -11.186     0.41    2.40
-197612.344   -11.172     0.05    2.46
-197322.345   -11.012     0.55    2.37
-197032.362   -11.563    -1.90    2.71
-196742.394   -11.664    -0.35    2.69
-196452.443   -11.610     0.18    2.96
-196162.507   -11.642    -0.11    3.07
-195872.587   -11.491     0.52    3.03
-195582.683   -11.524    -0.12    2.99
-195292.795   -11.462     0.22    2.86
-195002.922   -11.129     1.15    2.23
-194713.065   -11.377    -0.86    1.67
-194423.224   -11.455    -0.27    1.62
-194133.399   -11.583    -0.44    1.58
-193843.590   -11.672    -0.31    1.59
-193553.796   -11.772    -0.35    1.61
-193264.018   -12.242    -1.62    1.68
-192974.256   -12.389    -0.51    1.46
-192684.509   -12.583    -0.67    1.49
-192394.779   -12.863    -0.96    1.33
-192105.064   -12.848     0.05    1.42
-191815.365   -12.943    -0.33    1.41
-191525.681   -13.186    -0.84    1.51
-191236.014   -13.158     0.10    1.52
-190946.362   -13.472    -1.09    1.50
-190656.726   -13.559    -0.30    1.49
-190367.105   -13.686    -0.44    1.45
-190077.501   -13.641     0.16    1.43
-189787.912   -13.589     0.18    1.45
-189498.339   -13.701    -0.39    1.39
-189208.781   -13.621     0.28    1.55
-188919.239   -13.595     0.09    1.55
-188629.713   -13.586     0.03    1.58
-188340.203   -13.500     0.30    1.65
-188050.708   -13.260     0.83    1.77
-187761.229   -13.067     0.67    1.60
-187471.766   -12.986     0.28    1.50
-187182.319   -12.886     0.35    1.49
-186892.887   -12.977    -0.31    1.50
-186603.471   -12.789     0.65    1.46
-186314.070   -12.708     0.28    1.48
-186024.686   -12.747    -0.13    1.66
-185735.317   -12.642     0.36    1.70
-185445.963   -12.510     0.46    1.72
-185156.626   -12.650    -0.48    1.65
-184867.304   -12.758    -0.37    1.61
-184577.997   -12.943    -0.64    1.59
-184288.707   -12.951    -0.03    1.33
-183999.432   -12.947     0.01    1.26
-183710.172   -12.848     0.34    1.29
-183420.929   -12.843     0.02    1.26
-183131.701   -12.613     0.80    1.21
-182842.488   -12.552     0.21    1.27
-182553.292   -12.578    -0.09    1.20
-182264.111   -12.510     0.23    1.26
-181974.945   -12.380     0.45    1.37
-181685.795   -12.520    -0.48    1.34
-181396.661   -12.510     0.03    1.41
-181107.543   -12.722    -0.74    1.52
-180818.440   -12.558     0.57    1.49
-180529.353   -12.520     0.13    1.44
-180240.281   -12.621    -0.35    1.47
-179951.225   -12.642    -0.07    1.44
-179662.185   -12.679    -0.13    1.50
-179373.160   -12.649     0.10    1.45
-179084.151   -12.569     0.28    1.35
-178795.157   -12.730    -0.56    1.26
-178506.180   -12.772    -0.14    1.19
-178217.217   -12.721     0.17    1.24
-177928.271   -12.693     0.10    1.16
-177639.339   -12.598     0.33    1.11
-177350.424   -12.694    -0.33    1.19
-177061.524   -12.813    -0.41    1.13
-176772.640   -12.882    -0.24    1.22
-176483.771   -12.867     0.05    1.28
-176194.918   -12.825     0.15    1.32
-175906.080   -12.729     0.33    1.39
-175617.258   -12.643     0.30    1.43
-175328.452   -12.451     0.67    1.42
-175039.661   -12.440     0.04    1.31
-174750.886   -12.554    -0.39    1.27
-174462.126   -12.786    -0.80    1.20
-174173.382   -12.829    -0.15    1.17
-173884.653   -12.778     0.18    1.20
-173595.940   -12.650     0.44    1.15
-173307.243   -12.664    -0.05    1.17
-173018.561   -12.466     0.69    1.18
-172729.895   -12.353     0.39    1.09
-172441.244   -12.244     0.38    1.20
-172152.609   -12.101     0.50    1.19
-171863.989   -11.915     0.64    1.25
-171575.385   -11.958    -0.15    1.23
-171286.796   -11.969    -0.04    1.39
-170998.223   -11.936     0.11    1.44
-170709.665   -11.944    -0.03    1.40
-170421.123   -11.853     0.32    1.41
-170132.596   -11.780     0.25    1.40
-169844.085   -11.592     0.65    1.38
-169555.590   -11.637    -0.16    1.37
-169267.110   -11.623     0.05    1.28
-168978.645   -11.539     0.29    1.30
-168690.196   -11.598    -0.20    1.19
-168401.762   -11.455     0.50    1.24
-168113.344   -11.444     0.04    1.23
-167824.942   -11.372     0.25    1.18
-167536.555   -11.259     0.39    1.05
-167248.183   -11.214     0.15    1.16
-166959.827   -11.157     0.20    1.19
-166671.487   -11.232    -0.26    1.20
-166383.161   -11.392    -0.56    1.37
-166094.852   -11.216     0.61    1.36
-165806.558   -11.401    -0.64    1.35
-165518.279   -11.429    -0.10    1.29
-165230.016   -11.386     0.15    1.29
-164941.768   -11.258     0.45    1.40
-164653.535   -11.141     0.40    1.33
-164365.319   -10.922     0.76    1.46
-164077.117   -10.944    -0.08    1.45
-163788.931   -10.929     0.05    1.40
-163500.761   -10.911     0.06    1.50
-163212.606   -10.795     0.40    1.52
-162924.466   -11.074    -0.97    1.53
-162636.342   -11.200    -0.44    1.43
-162348.233   -11.098     0.36    1.42
-162060.140   -11.157    -0.20    1.34
-161772.062   -11.050     0.37    1.33
-161483.999   -10.913     0.47    1.30
-161195.952   -10.901     0.05    1.30
-160907.921   -10.730     0.59    1.37
-160619.904   -10.665     0.23    1.37
-160331.904   -10.534     0.46    1.40
-160043.918   -10.262     0.94    1.34
-159755.948   -10.201     0.21    1.33
-159467.994   -10.024     0.61    1.32
-159180.054    -9.986     0.13    1.36
-158892.131    -9.958     0.10    1.33
-158604.222   -10.058    -0.35    1.30
-158316.329   -10.229    -0.60    1.32
-158028.452   -10.375    -0.51    1.35
-157740.590   -10.466    -0.32    1.47
-157452.743   -10.489    -0.08    1.45
-157164.911   -10.580    -0.32    1.48
-156877.095   -10.664    -0.29    1.42
-156589.294   -10.592     0.25    1.42
-156301.509   -10.758    -0.58    1.25
-156013.739   -10.772    -0.05    1.27
-155725.985   -10.679     0.32    1.26
-155438.245   -10.627     0.18    1.16
-155150.522   -10.510     0.41    1.20
-154862.813   -10.485     0.09    1.19
-154575.120   -10.658    -0.60    1.09
-154287.442   -10.476     0.63    1.14
-153999.780   -10.458     0.06    1.13
-153712.132   -10.288     0.59    1.29
-153424.501   -10.317    -0.10    1.31
-153136.884   -10.172     0.50    1.19
-152849.283   -10.067     0.36    1.24
-152561.697    -9.922     0.51    1.28
-152274.127    -9.986    -0.23    1.28
-151986.572   -10.012    -0.09    1.35
-151699.032   -10.299    -1.00    1.43
-151411.508   -10.404    -0.36    1.55
-151123.998   -10.592    -0.66    1.65
-150836.505   -10.792    -0.70    1.75
-150549.026   -10.989    -0.69    1.81
-150261.563   -11.054    -0.22    1.88
-149974.115   -11.128    -0.26    1.86
-149686.682   -11.228    -0.35    1.66
-149399.265   -10.940     1.00    1.63
-149111.863   -10.958    -0.06    1.52
-148824.476   -10.922     0.13    1.09
-148537.105   -10.798     0.43    1.31
-148249.749   -10.524     0.95    1.36
-147962.408   -10.201     1.13    1.45
-147675.082    -9.809     1.36    1.46
-147387.772    -9.609     0.70    1.46
-147100.477    -9.288     1.12    1.30
-146813.197    -9.215     0.25    1.15
-146525.932    -9.171     0.15    1.22
-146238.683    -9.368    -0.69    1.14
-145951.449    -9.466    -0.34    1.22
-145664.230    -9.480    -0.05    1.27
-145377.027    -9.440     0.14    1.35
-145089.839    -9.426     0.05    1.31
-144802.666    -9.495    -0.24    1.22
-144515.508    -9.583    -0.31    1.08
-144228.366    -9.500     0.29    1.00
-143941.238    -9.353     0.51    1.05
-143654.126    -9.274     0.27    1.00
-143367.030    -9.201     0.26    1.04
-143079.948    -9.083     0.41    0.99
-142792.882    -8.983     0.35    0.95
-142505.831    -8.882     0.35    0.97
-142218.795    -8.936    -0.19    0.87
-141931.774    -8.944    -0.03    0.93
-141644.769    -8.789     0.54    1.02
-141357.779    -8.777     0.04    1.05
-141070.804    -8.716     0.21    1.07
-140783.844    -8.701     0.05    1.13
-140496.899    -8.843    -0.49    1.12
-140209.970    -8.829     0.05    1.12
-139923.056    -8.786     0.15    1.18
-139636.157    -8.664     0.43    1.17
-139349.273    -8.760    -0.33    1.20
-139062.405    -8.709     0.18    1.16
-138775.551    -8.664     0.16    1.15
-138488.713    -8.637     0.09    1.23
-138201.890    -8.613     0.08    1.14
-137915.082    -8.436     0.62    1.24
-137628.289    -8.476    -0.14    1.24
-137341.512    -8.262     0.75    1.23
-137054.749    -8.245     0.06    1.16
-136767.144    -8.037     0.72    1.14
-136477.084    -7.958     0.27    1.13
-136187.040    -7.701     0.89    1.14
-135897.011    -7.486     0.74    1.15
-135606.999    -7.572    -0.30    1.17
-135317.001    -7.589    -0.06    1.19
-135027.020    -7.701    -0.39    1.24
-134737.053    -7.701    -0.00    1.23
-134447.103    -7.838    -0.47    1.17
-134157.168    -7.892    -0.19    1.20
-133867.248    -7.962    -0.24    1.13
-133577.344    -7.954     0.03    1.11
-133287.456    -8.101    -0.50    1.10
-132997.583    -8.155    -0.19    1.13
-132707.726    -8.127     0.10    1.26
-132417.884    -8.095     0.11    1.22
-132128.058    -8.010     0.30    1.32
-131838.247    -7.867     0.49    1.39
-131548.452    -7.867     0.00    1.33
-131258.673    -7.954    -0.30    1.46
-130968.908    -8.052    -0.34    1.39
-130679.160    -8.010     0.15    1.34
-130389.427    -8.065    -0.19    1.28
-130099.709    -7.863     0.70    1.30
-129810.007    -7.686     0.61    1.33
-129520.321    -7.350     1.16    1.42
-129230.650    -7.186     0.57    1.36
-128940.994    -6.853     1.15    1.40
-128651.354    -6.694     0.55    1.43
-128361.730    -6.627     0.23    1.55
-128072.121    -7.037    -1.41    1.71
-127782.527    -7.201    -0.56    1.67
-127492.949    -7.572    -1.28    1.71
-127203.387    -7.838    -0.92    1.64
-126913.840    -7.995    -0.54    1.51
-126624.308    -8.004    -0.03    1.42
-126334.792    -7.798     0.71    1.50
-126045.291    -7.485     1.08    1.45
-125755.806    -7.114     1.28    1.55
-125466.336    -6.961     0.53    1.48
-125176.882    -6.780     0.62    1.49
-124887.443    -6.815    -0.12    1.49
-124598.020    -6.569     0.85    1.65
-124308.612    -6.067     1.73    2.17
-124019.220    -5.848     0.76    2.36
-123729.843    -5.592     0.88    2.48
-123440.481    -5.288     1.05    2.44
-123151.135    -5.017     0.93    2.29
-122861.804    -5.039    -0.08    2.11
-122572.489    -5.216    -0.61    1.54
-122283.189    -5.459    -0.84    1.67
-121993.905    -5.617    -0.55    1.66
-121704.636    -5.819    -0.70    1.45
-121415.383    -5.998    -0.62    1.32
-121126.145    -6.102    -0.36    1.38
-120836.922    -6.228    -0.44    1.41
-120547.715    -6.245    -0.06    1.40
-120258.523    -6.039     0.71    1.55
-119969.346    -6.097    -0.20    1.70
-119680.185    -5.980     0.40    1.84
-119391.040    -5.586     1.36    2.09
-119101.909    -5.701    -0.40    2.02
-118812.795    -5.766    -0.23    1.77
-118523.695    -5.807    -0.14    1.55
-118234.611    -6.010    -0.70    1.43
-117945.542    -6.080    -0.24    1.36
-117656.489    -6.261    -0.63    1.26
-117367.451    -6.333    -0.25    1.16
-117078.429    -6.098     0.81    1.10
-116789.422    -6.031     0.23    1.10
-116500.430    -6.015     0.06    1.09
-116211.453    -6.037    -0.08    1.09
-115922.492    -5.936     0.35    1.14
-115633.547    -5.903     0.12    1.08
-115344.616    -5.966    -0.22    1.14
-115055.701    -5.801     0.57    1.13
-114766.802    -5.751     0.17    1.17
-114477.917    -5.760    -0.03    1.27
-114189.049    -5.789    -0.10    1.25
-113900.195    -5.798    -0.03    1.21
-113611.357    -5.858    -0.21    1.16
-113322.534    -5.819     0.14    1.21
-113033.726    -5.951    -0.46    1.24
-112744.934    -5.980    -0.10    1.18
-112456.157    -6.229    -0.86    1.04
-112167.396    -6.215     0.05    1.01
-111878.649    -6.186     0.10    0.92
-111589.918    -6.201    -0.05    0.94
-111301.203    -6.052     0.52    0.85
-111012.502    -6.129    -0.27    0.98
-110723.817    -5.972     0.54    0.92
-110435.148    -6.052    -0.28    1.09
-110146.493    -5.951     0.35    1.17
-109857.854    -5.980    -0.10    1.20
-109569.230    -6.007    -0.09    1.27
-109280.622    -5.804     0.70    1.25
-108992.029    -5.589     0.74    1.33
-108703.451    -5.569     0.07    1.50
-108414.888    -5.447     0.42    1.47
-108126.341    -5.491    -0.15    1.42
-107837.809    -5.407     0.29    1.41
-107549.292    -5.321     0.30    1.44
-107260.790    -5.407    -0.30    1.38
-106972.304    -5.201     0.71    1.20
-106683.833    -5.129     0.25    1.17
-106395.377    -5.143    -0.05    1.28
-106106.937    -4.918     0.78    1.12
-105818.512    -4.858     0.21    1.15
-105530.102    -4.642     0.75    1.26
-105241.707    -4.656    -0.05    1.41
-104953.328    -4.348     1.07    1.49
-104664.963    -4.065     0.98    1.43
-104376.615    -3.873     0.67    1.44
-104088.281    -3.389     1.68    1.70
-103799.962    -3.317     0.25    1.61
-103511.659    -3.127     0.66    1.43
-103223.371    -3.217    -0.31    1.48
-102935.098    -3.348    -0.46    1.45
-102646.841    -3.429    -0.28    1.52
-102358.598    -3.729    -1.04    1.35
-102070.371    -3.853    -0.43    1.37
-101782.159    -3.903    -0.17    1.32
-101493.963    -3.966    -0.22    1.30
-101205.781    -3.804     0.56    1.37
-100917.615    -3.838    -0.12    1.48
-100629.464    -3.936    -0.34    1.50
-100341.328    -4.127    -0.66    1.55
-100053.207    -4.113     0.05    1.45
 -99765.102    -3.940     0.60    1.43
 -99477.012    -4.230    -1.01    1.21
 -99188.937    -4.201     0.10    1.03
 -98900.877    -4.202    -0.00    1.18
 -98612.832    -4.172     0.10    1.17
 -98324.802    -4.109     0.22    1.20
 -98036.788    -4.070     0.14    1.25
 -97748.789    -3.940     0.45    1.28
 -97460.805    -3.694     0.85    1.45
 -97172.836    -3.635     0.20    1.31
 -96884.882    -3.501     0.47    1.27
 -96596.944    -3.494     0.02    1.36
 -96309.020    -3.642    -0.51    1.39
 -96021.112    -3.848    -0.71    1.30
 -95733.219    -3.951    -0.36    1.37
 -95445.341    -4.143    -0.67    1.30
 -95157.479    -4.143     0.00    1.43
 -94869.631    -3.992     0.52    1.44
 -94581.798    -3.929     0.22    1.29
 -94293.981    -3.980    -0.18    1.31
 -94006.179    -3.777     0.71    1.31
 -93718.392    -3.789    -0.04    1.32
 -93430.620    -3.649     0.49    1.35
 -93142.863    -3.574     0.26    1.19
 -92855.121    -3.558     0.06    1.19
 -92567.395    -3.529     0.10    1.24
 -92279.683    -3.580    -0.18    1.23
 -91991.987    -3.466     0.40    1.35
 -91704.306    -3.261     0.71    1.32
 -91416.640    -3.186     0.26    1.30
 -91128.989    -3.128     0.20    1.35
 -90841.353    -2.958     0.59    1.51
 -90553.732    -2.578     1.32    2.26
 -90266.126    -2.413     0.57    2.21
 -89978.536    -2.245     0.59    2.20
 -89690.960    -2.050     0.68    2.16
 -89403.400    -2.037     0.04    2.15
 -89115.854    -2.054    -0.06    2.14
 -88828.324    -2.083    -0.10    2.12
 -88540.809    -2.355    -0.95    1.35
 -88253.309    -2.567    -0.73    1.35
 -87965.824    -2.524     0.15    1.29
 -87678.354    -2.539    -0.05    1.26
 -87390.899    -2.440     0.35    1.27
 -87103.459    -2.565    -0.44    1.24
 -86816.034    -2.415     0.52    1.37
 -86528.625    -2.404     0.04    1.29
 -86241.230    -2.372     0.11    1.31
 -85953.850    -2.392    -0.07    1.22
 -85666.486    -2.474    -0.29    1.25
 -85379.136    -2.413     0.21    1.17
 -85091.802    -2.386     0.09    1.20
 -84804.482    -2.418    -0.11    1.09
 -84517.178    -2.319     0.35    1.13
 -84229.888    -2.200     0.41    0.98
 -83942.614    -2.143     0.20    1.01
 -83655.355    -2.244    -0.35    0.92
 -83368.111    -2.304    -0.21    0.94
 -83080.881    -2.395    -0.32    1.01
 -82793.667    -2.539    -0.50    0.93
 -82506.468    -2.601    -0.21    0.89
 -82219.284    -2.615    -0.05    0.91
 -81932.114    -2.575     0.14    0.88
 -81644.960    -2.510     0.23    1.00
 -81357.821    -2.524    -0.05    0.94
 -81070.697    -2.448     0.27    0.92
 -80783.588    -2.307     0.49    1.03
 -80496.493    -2.245     0.22    1.05
 -80209.414    -2.065     0.63    1.03
 -79922.350    -2.099    -0.12    1.00
 -79635.301    -2.043     0.19    1.08
 -79348.266    -2.101    -0.20    1.09
 -79061.247    -2.099     0.00    1.11
 -78774.243    -2.080     0.07    1.08
 -78487.254    -2.010     0.25    1.26
 -78200.279    -2.032    -0.08    1.14
 -77913.320    -1.925     0.37    1.12
 -77626.376    -1.896     0.10    1.10
 -77339.446    -1.959    -0.22    0.99
 -77052.532    -2.027    -0.24    0.80
 -76765.632    -1.911     0.40    0.89
 -76478.748    -1.894     0.06    0.90
 -76191.878    -1.892     0.01    0.92
 -75905.023    -1.879     0.05    0.92
 -75618.184    -1.848     0.11    0.92
 -75331.359    -1.780     0.24    0.94
 -75044.549    -1.838    -0.20    0.92
 -74757.754    -1.716     0.43    0.95
 -74468.278    -1.717    -0.00    1.42
 -74178.243    -2.054    -1.16    1.89
 -73888.225    -2.474    -1.45    2.29
 -73598.221    -2.907    -1.49    2.56
 -73308.233    -3.389    -1.66    2.88
 -73018.260    -3.768    -1.31    3.15
 -72728.302    -4.317    -1.89    3.12
 -72438.360    -4.716    -1.38    3.24
 -72148.433    -5.080    -1.26    3.50
 -71858.521    -5.466    -1.33    3.30
 -71568.625    -5.792    -1.13    2.99
 -71278.744    -6.422    -2.17    2.38
 -70988.878    -7.015    -2.05    1.55
 -70699.028    -6.972     0.15    1.45
 -70409.193    -6.995    -0.08    1.46
 -70119.373    -7.035    -0.14    1.43
 -69829.568    -7.127    -0.32    1.44
 -69539.779    -6.936     0.66    1.32
 -69250.005    -6.792     0.50    1.09
 -68960.246    -6.876    -0.29    1.12
 -68670.503    -7.024    -0.51    1.19
 -68380.775    -7.186    -0.56    1.28
 -68091.062    -7.338    -0.52    1.28
 -67801.364    -7.429    -0.31    1.25
 -67511.682    -7.701    -0.94    1.18
 -67222.015    -7.877    -0.61    1.31
 -66932.363    -7.901    -0.08    1.37
 -66642.726    -7.867     0.11    1.44
 -66353.105    -7.843     0.08    1.53
 -66063.499    -8.022    -0.62    1.64
 -65773.908    -8.052    -0.10    1.64
 -65484.333    -7.804     0.86    1.68
 -65194.772    -7.289     1.78    1.53
 -64905.227    -6.940     1.21    1.31
 -64615.698    -6.778     0.56    1.12
 -64326.183    -6.569     0.72    0.88
 -64036.684    -6.524     0.15    0.96
 -63747.199    -6.701    -0.61    0.92
 -63457.731    -6.838    -0.47    0.97
 -63168.277    -6.936    -0.34    1.00
 -62878.838    -7.069    -0.46    1.04
 -62589.415    -7.072    -0.01    1.14
 -62300.007    -7.215    -0.50    1.04
 -62010.614    -7.247    -0.11    0.99
 -61721.237    -7.216     0.11    0.98
 -61431.874    -7.186     0.10    0.98
 -61142.527    -7.158     0.10    0.96
 -60853.195    -7.128     0.10    0.92
 -60563.878    -7.029     0.34    0.96
 -60274.576    -6.915     0.40    1.01
 -59985.290    -6.863     0.18    1.06
 -59696.019    -6.774     0.31    1.10
 -59406.763    -6.671     0.36    1.17
 -59117.522    -6.574     0.33    1.13
 -58828.296    -6.651    -0.27    1.03
 -58539.085    -6.515     0.47    1.02
 -58249.890    -6.333     0.63    1.03
 -57960.710    -6.246     0.30    0.97
 -57671.545    -6.112     0.46    0.89
 -57382.395    -6.232    -0.42    0.94
 -57093.260    -6.306    -0.26    0.91
 -56804.140    -6.350    -0.15    0.93
 -56515.036    -6.261     0.31    0.88
 -56225.947    -6.286    -0.09    0.95
 -55936.873    -6.301    -0.05    0.93
 -55647.814    -6.262     0.13    1.03
 -55358.770    -6.172     0.31    1.01
 -55069.741    -6.063     0.37    0.98
 -54780.727    -6.039     0.08    0.89
 -54491.729    -5.737     1.05    1.02
 -54202.746    -5.592     0.50    0.99
 -53913.777    -5.470     0.42    1.07
 -53624.824    -5.602    -0.46    1.18
 -53335.886    -5.745    -0.50    1.33
 -53046.963    -5.771    -0.09    1.26
 -52758.056    -5.863    -0.32    1.24
 -52469.163    -5.998    -0.47    1.02
 -52180.286    -6.126    -0.44    0.96
 -51891.423    -5.969     0.54    0.92
 -51602.576    -5.774     0.67    0.97
 -51313.744    -5.686     0.31    0.93
 -51024.927    -5.583     0.36    0.99
 -50736.125    -5.474     0.38    1.03
 -50447.338    -5.410     0.22    1.11
 -50158.566    -5.244     0.57    1.17
 -49869.809    -5.099     0.50    1.20
 -49581.067    -4.892     0.72    1.02
 -49292.341    -4.853     0.14    1.03
 -49003.629    -4.657     0.68    0.91
 -48714.933    -4.641     0.06    0.95
 -48426.251    -4.686    -0.16    1.03
 -48137.585    -4.629     0.20    1.12
 -47848.934    -4.813    -0.64    1.29
 -47560.297    -4.951    -0.48    1.43
 -47271.676    -5.157    -0.71    1.54
 -46983.070    -5.232    -0.26    1.56
 -46694.479    -5.127     0.36    1.62
 -46405.903    -4.903     0.78    1.53
 -46117.342    -4.583     1.11    1.56
 -45828.796    -4.530     0.19    1.41
 -45540.265    -4.286     0.84    1.18
 -45251.750    -4.245     0.14    1.12
 -44963.249    -4.413    -0.58    1.13
 -44674.763    -4.583    -0.59    1.17
 -44386.292    -4.634    -0.18    1.12
 -44097.837    -4.534     0.35    1.14
 -43809.396    -4.563    -0.10    1.21
 -43520.970    -4.716    -0.53    1.26
 -43232.559    -4.701     0.05    1.23
 -42944.164    -4.632     0.24    1.24
 -42655.783    -4.510     0.43    1.30
 -42367.417    -4.463     0.16    1.18
 -42079.067    -4.491    -0.10    1.14
 -41790.731    -4.288     0.70    1.05
 -41502.411    -4.141     0.51    0.98
 -41214.105    -4.186    -0.16    0.95
 -40925.814    -4.201    -0.05    0.94
 -40637.539    -4.171     0.10    0.99
 -40349.278    -4.172    -0.00    0.91
 -40061.032    -4.002     0.59    0.95
 -39772.801    -3.858     0.50    0.99
 -39484.586    -3.664     0.67    0.92
 -39196.385    -3.578     0.30    0.89
 -38908.199    -3.510     0.24    0.91
 -38620.028    -3.509     0.00    0.89
 -38331.872    -3.598    -0.31    0.93
 -38043.731    -3.762    -0.57    0.86
 -37755.606    -3.815    -0.18    0.95
 -37467.495    -3.758     0.20    0.97
 -37179.398    -3.686     0.25    0.98
 -36891.317    -3.738    -0.18    0.93
 -36603.251    -3.613     0.44    0.94
 -36315.200    -3.580     0.11    1.02
 -36027.164    -3.544     0.12    1.03
 -35739.142    -3.451     0.32    1.05
 -35451.136    -3.451     0.00    1.05
 -35163.145    -3.395     0.19    1.07
 -34875.168    -3.360     0.12    1.04
 -34587.206    -3.258     0.36    1.13
 -34299.260    -3.141     0.40    1.08
 -34011.328    -2.892     0.87    1.15
 -33723.411    -2.753     0.48    1.14
 -33435.509    -2.642     0.39    1.15
 -33147.622    -2.534     0.38    1.15
 -32859.750    -2.462     0.25    1.11
 -32571.893    -2.485    -0.08    1.13
 -32284.051    -2.413     0.25    1.11
 -31996.223    -2.304     0.38    1.07
 -31708.411    -2.201     0.36    0.94
 -31420.613    -2.201     0.00    0.93
 -31132.830    -2.186     0.05    0.95
 -30845.063    -2.261    -0.26    0.99
 -30557.310    -2.215     0.16    0.92
 -30269.572    -2.216    -0.00    0.99
 -29981.848    -2.140     0.26    1.02
 -29694.140    -2.127     0.04    1.08
 -29406.447    -2.017     0.38    1.28
 -29118.768    -1.983     0.12    1.20
 -28831.104    -1.708     0.96    1.20
 -28543.456    -1.529     0.62    1.34
 -28255.822    -1.515     0.05    1.35
 -27968.203    -1.277     0.83    1.33
 -27680.598    -1.348    -0.25    1.25
 -27393.009    -1.353    -0.02    1.18
 -27105.434    -1.398    -0.16    1.25
 -26817.875    -1.317     0.28    1.21
 -26530.330    -1.172     0.50    1.18
 -26242.800    -1.172    -0.00    1.12
 -25955.285    -1.098     0.26    1.21
 -25667.784    -0.932     0.58    1.34
 -25380.299    -0.838     0.33    1.41
 -25092.828    -0.925    -0.30    1.46
 -24805.372    -0.922     0.01    1.48
 -24517.931    -0.922     0.00    1.52
 -24230.505    -0.872     0.17    1.49
 -23943.094    -1.128    -0.89    1.36
 -23655.697    -1.172    -0.15    1.38
 -23368.315    -1.216    -0.15    1.33
 -23080.948    -1.217    -0.01    1.38
 -22793.596    -1.230    -0.04    1.27
 -22506.259    -1.289    -0.20    1.19
 -22218.936    -1.272     0.06    1.13
 -21931.629    -1.272     0.00    1.09
 -21644.336    -1.216     0.20    1.13
 -21357.057    -1.230    -0.05    1.10
 -21069.794    -1.217     0.05    1.10
 -20782.545    -1.110     0.37    1.24
 -20495.312    -1.156    -0.16    1.21
 -20208.093    -1.156     0.00    1.27
 -19920.888    -0.929     0.79    1.16
 -19633.699    -0.932    -0.01    1.13
 -19346.524    -0.665     0.93    1.17
 -19059.364    -0.485     0.63    0.94
 -18772.219    -0.292     0.67    0.95
 -18485.089    -0.245     0.16    0.91
 -18197.973    -0.261    -0.06    0.94
 -17910.872    -0.288    -0.09    0.94
 -17623.786    -0.346    -0.20    0.99
 -17336.715    -0.539    -0.67    1.08
 -17049.658    -0.724    -0.64    1.09
 -16762.616    -0.817    -0.33    1.14
 -16475.589    -0.848    -0.11    1.10
 -16188.577    -0.792     0.19    1.21
 -15901.579    -0.686     0.37    1.25
 -15614.596    -0.589     0.34    1.29
 -15327.628    -0.294     1.03    1.39
 -15040.674    -0.012     0.98    1.32
 -14753.736     0.133     0.51    1.29
 -14466.812     0.275     0.50    1.23
 -14179.902     0.358     0.29    1.26
 -13893.008     0.223    -0.47    1.31
 -13606.128     0.191    -0.11    1.28
 -13319.263     0.538     1.21    1.60
 -13032.412     0.628     0.31    1.69
 -12745.577     0.728     0.35    1.84
 -12457.486     0.799     0.24    1.83
 -12167.460     0.931     0.46    1.97
 -11877.450     0.845    -0.30    2.00
 -11587.454     0.571    -0.94    1.93
 -11297.474     0.532    -0.14    1.91
 -11007.508     0.515    -0.06    1.95
 -10717.558     0.417    -0.34    2.00
 -10427.623     0.677     0.90    1.74
 -10137.702     0.978     1.04    1.64
  -9847.797     1.238     0.90    1.73
  -9557.907     1.358     0.41    1.90
  -9268.032     1.575     0.75    1.94
  -8978.172     1.662     0.30    1.96
  -8688.328     1.596    -0.23    1.94
  -8398.498     1.712     0.40    2.07
  -8108.683     1.552    -0.55    1.92
  -7818.883     1.623     0.24    1.84
  -7529.099     1.060    -1.94    1.53
  -7239.329     0.650    -1.42    1.65
  -6949.574     0.240    -1.41    1.66
  -6659.835    -0.056    -1.02    1.65
  -6370.110    -0.172    -0.40    1.60
  -6080.401    -0.201    -0.10    1.61
  -5790.706     0.049     0.86    1.75
  -5501.027     0.381     1.15    1.72
  -5211.363     0.671     1.00    1.54
  -4921.713     1.085     1.43    1.49
  -4632.079     1.108     0.08    1.51
  -4342.459     1.152     0.15    1.63
  -4052.855     1.329     0.61    1.62
  -3763.266     1.181    -0.51    1.63
  -3473.691     1.460     0.96    1.72
  -3184.132     1.292    -0.58    1.83
  -2894.588     1.242    -0.17    1.77
  -2605.058     1.247     0.01    1.79
  -2315.544     1.255     0.03    1.81
  -2026.044     1.183    -0.25    1.82
  -1736.560     0.935    -0.86    1.70
  -1447.091     0.814    -0.42    1.70
  -1157.636     0.490    -1.12    1.40
   -868.197     0.128    -1.25    0.81
   -578.772    -0.039    -0.58    0.55
   -289.363    -0.043    -0.01    0.49
      0.032     0.132     0.61    0.75
    289.412     0.075    -0.20    0.73
    578.776     0.078     0.01    0.82
    868.126     0.112     0.12    0.85
   1157.461     0.133     0.07    1.05
   1446.780     0.089    -0.15    1.25
   1736.085     0.176     0.30    1.32
   2025.375     0.108    -0.24    1.28
   2314.650    -0.012    -0.41    1.37
   2603.910    -0.201    -0.66    1.47
   2893.155    -0.331    -0.45    1.48
   3182.385    -0.317     0.05    1.42
   3471.600    -0.301     0.06    1.37
   3760.801    -0.425    -0.43    1.27
   4049.986    -0.186     0.83    1.17
   4339.156    -0.035     0.52    1.01
   4628.312     0.045     0.27    1.01
   4917.453     0.049     0.02    1.07
   5206.578    -0.024    -0.25    0.99
   5495.689    -0.129    -0.36    1.17
   5784.785    -0.215    -0.30    1.20
   6073.866    -0.276    -0.21    1.22
   6362.932    -0.262     0.05    1.28
   6651.983    -0.110     0.52    1.29
   6941.019    -0.101     0.03    1.26
   7230.041    -0.098     0.01    1.30
   7519.047     0.228     1.13    1.81
   7808.039     0.321     0.32    1.78
   8097.015     0.358     0.13    1.82
   8385.977     0.328    -0.10    1.87
   8674.924     0.470     0.49    1.85
   8963.856     0.679     0.72    1.77
   9252.773     0.799     0.41    1.18
   9541.676     0.785    -0.05    1.14
   9830.563     0.814     0.10    1.16
  10119.436     0.918     0.36    1.17
  10408.293     0.799    -0.41    1.43
  10697.136     0.768    -0.11    1.51
  10985.964     0.783     0.05    1.48
  11274.777     0.669    -0.40    1.37
  11563.576     0.769     0.35    1.31
  11852.359     0.770     0.00    1.32
  12141.128     0.711    -0.21    1.45
  12429.882     0.844     0.46    1.41
  12718.621     0.723    -0.42    1.49
  13007.345     0.491    -0.80    1.43
  13296.054     0.549     0.20    1.90
  13584.748     0.739     0.66    1.93
  13873.428     0.742     0.01    1.98
  14162.093     0.799     0.20    1.92
  14450.743     0.859     0.21    1.99
  14739.378     0.976     0.40    1.93
  15027.998     0.845    -0.45    2.02
  15316.604     0.640    -0.71    1.50
  15605.195     0.959     1.10    1.69
  15893.770     0.942    -0.06    1.65
  16182.332     1.057     0.40    1.58
  16470.878     1.087     0.10    1.51
  16759.409     1.284     0.69    1.39
  17047.926     1.465     0.63    1.25
  17336.428     1.359    -0.37    1.19
  17624.915     1.199    -0.55    1.18
  17913.388     1.020    -0.62    1.15
  18201.845     0.871    -0.52    1.25
  18490.288     0.754    -0.41    1.36
  18778.716     0.500    -0.88    1.33
  19067.129     0.511     0.04    1.36
  19355.528     0.568     0.20    1.43
  19643.912     0.814     0.85    1.33
  19932.281     1.108     1.02    1.33
  20220.635     1.176     0.24    1.32
  20508.974     1.176     0.00    1.43
  20797.299     1.112    -0.22    1.35
  21085.609     1.193     0.28    1.38
  21373.904     1.268     0.26    1.46
  21662.184     1.228    -0.14    1.49
  21950.450     1.226    -0.01    1.46
  22238.701     1.257     0.11    1.39
  22526.937     1.509     0.88    1.31
  22815.159     1.654     0.50    1.41
  23103.365     1.843     0.66    1.54
  23391.557     1.845     0.01    1.73
  23679.735     1.873     0.10    1.68
  23967.897     1.549    -1.13    1.61
  24256.045     1.567     0.06    1.68
  24544.178     1.152    -1.44    1.70
  24832.297     0.931    -0.76    1.77
  25120.400     0.740    -0.66    1.63
  25408.489     0.906     0.58    1.70
  25696.564     1.041     0.47    1.77
  25984.623     1.152     0.39    1.73
  26272.668     1.328     0.61    1.62
  26560.698     1.342     0.05    1.63
  26848.714     1.461     0.41    1.50
  27136.715     1.520     0.20    1.38
  27424.701     1.693     0.60    1.55
  27712.672     1.905     0.74    1.62
  28000.629     2.253     1.21    1.61
  28288.571     2.679     1.48    1.53
  28576.498     2.942     0.91    1.68
  28864.411     3.049     0.37    1.80
  29152.309     3.085     0.13    1.76
  29440.192     3.053    -0.11    1.78
  29728.061     2.939    -0.40    1.78
  30015.915     2.799    -0.49    1.65
  30303.754     2.694    -0.36    1.61
  30591.579     2.457    -0.83    1.16
  30879.389     2.485     0.10    0.96
  31167.184     2.451    -0.12    0.97
  31454.965     2.490     0.13    0.98
  31742.731     2.611     0.42    1.27
  32030.483     2.843     0.81    1.36
  32318.220     3.132     1.00    1.96
  32605.942     3.118    -0.05    2.04
  32893.649     3.028    -0.31    2.15
  33181.342     3.123     0.33    2.10
  33469.021     3.097    -0.09    1.98
  33756.684     3.026    -0.25    2.00
  34044.333     2.602    -1.47    1.44
  34331.968     2.515    -0.30    1.43
  34619.587     2.545     0.10    1.43
  34907.193     2.931     1.34    1.73
  35194.783     3.202     0.94    2.02
  35482.359     3.358     0.54    2.11
  35769.921     3.647     1.01    2.17
  36057.467     3.552    -0.33    2.14
  36345.000     3.770     0.76    2.17
  36632.517     3.506    -0.92    1.80
  36920.020     3.485    -0.07    1.71
  37207.508     3.387    -0.34    1.78
  37494.982     3.538     0.53    1.96
  37782.441     3.843     1.06    2.46
  38069.886     4.060     0.75    2.49
  38357.316     4.123     0.22    2.41
  38644.731     4.602     1.67    2.29
  38932.132     4.961     1.25    2.23
  39219.519     5.466     1.76    2.15
  39506.890     5.873     1.42    1.91
  39794.248     5.814    -0.21    1.64
  40081.590     5.968     0.54    1.59
  40368.918     6.137     0.59    1.65
  40656.232     6.390     0.88    1.61
  40943.531     6.598     0.73    1.62
  41230.815     6.635     0.13    1.45
  41518.085     6.814     0.62    1.42
  41805.340     6.901     0.30    1.38
  42092.581     7.031     0.45    1.21
  42379.807     7.238     0.72    1.53
  42667.019     7.253     0.05    1.52
  42954.216     7.420     0.58    1.71
  43241.399     7.393    -0.09    1.66
  43528.567     7.152    -0.84    2.30
  43815.720     6.842    -1.08    2.63
  44102.859     6.567    -0.96    2.92
  44389.984     6.191    -1.31    3.19
  44677.094     5.814    -1.31    3.26
  44964.189     5.736    -0.27    3.41
  45251.270     5.578    -0.55    3.27
  45538.337     5.387    -0.67    3.14
  45825.389     5.336    -0.18    2.93
  46112.426     5.514     0.62    2.95
  46399.449     5.784     0.94    3.14
  46686.457     6.057     0.95    3.08
  46973.451     6.152     0.33    3.03
  47260.431     6.262     0.38    2.98
  47547.396     6.306     0.16    2.75
  47834.346     6.278    -0.10    2.68
  48121.282     6.314     0.13    2.69
  48408.204     6.456     0.49    2.86
  48695.111     6.605     0.52    3.10
  48982.003     6.647     0.15    3.09
  49268.881     6.859     0.74    2.85
  49555.745     7.366     1.77    2.76
  49845.669     7.708     1.18    2.61
  50135.674     7.873     0.57    2.06
  50425.664     7.560    -1.08    1.85
  50715.639     7.240    -1.10    1.86
  51005.600     6.675    -1.95    1.93
  51295.545     6.117    -1.93    1.89
  51585.476     5.770    -1.20    1.90
  51875.392     5.614    -0.54    1.90
  52165.293     5.553    -0.21    1.88
  52455.180     6.137     2.02    2.13
  52745.051     6.437     1.03    2.09
  53034.908     6.526     0.31    1.91
  53324.750     6.783     0.89    1.89
  53614.577     6.623    -0.55    2.01
  53904.389     6.754     0.45    2.12
  54194.186     6.727    -0.09    2.06
  54483.969     6.625    -0.35    2.18
  54773.737     6.437    -0.65    2.22
  55063.490     6.328    -0.37    2.22
  55353.228     6.220    -0.37    2.27
  55642.952     5.933    -0.99    2.06
  55932.660     5.681    -0.87    1.95
  56222.354     5.393    -0.99    1.89
  56512.034     5.414     0.07    1.91
  56801.698     5.270    -0.50    1.72
  57091.347     5.343     0.25    1.92
  57380.982     5.629     0.99    2.26
  57670.602     5.754     0.43    2.25
  57960.208     6.133     1.31    2.43
  58249.798     6.351     0.75    2.25
  58539.374     6.756     1.40    2.25
  58828.935     7.142     1.33    2.28
  59118.481     7.485     1.19    1.93
  59408.013     7.723     0.82    1.64
  59697.530     7.629    -0.32    1.69
  59987.032     7.946     1.09    1.79
  60276.519     8.108     0.56    1.80
  60565.991     8.075    -0.11    1.71
  60855.449     7.990    -0.29    1.70
  61144.892     8.177     0.65    1.60
  61434.321     8.026    -0.52    1.61
  61723.734     8.198     0.60    1.62
  62013.133     8.411     0.73    1.83
  62302.517     8.515     0.36    1.82
  62591.887     8.699     0.64    1.81
  62881.242     8.901     0.70    1.79
  63170.582     9.045     0.50    1.89
  63459.907     9.142     0.34    1.76
  63749.218     8.935    -0.72    1.69
  64038.513     8.564    -1.28    1.43
  64327.795     8.520    -0.15    1.36
  64617.061     8.399    -0.42    1.15
  64906.313     8.685     0.99    1.42
  65195.550     9.172     1.68    1.73
  65484.773     9.373     0.69    1.71
  65773.980     9.642     0.93    1.90
  66063.173     9.505    -0.47    2.02
  66352.352     9.431    -0.25    2.05
  66641.516     9.185    -0.85    2.07
  66930.665     8.873    -1.08    1.87
  67219.799     8.541    -1.15    1.79
  67508.919     8.534    -0.02    1.78
  67798.024     8.390    -0.50    1.52
  68087.114     8.520     0.45    1.54
  68376.190     8.567     0.17    1.60
  68665.251     8.560    -0.03    1.51
  68954.297     8.485    -0.26    1.37
  69243.329     8.491     0.02    1.29
  69532.346     8.696     0.71    1.34
  69821.349     8.952     0.89    1.46
  70110.336     9.193     0.83    1.81
  70399.310     9.553     1.25    1.86
  70688.268     9.874     1.11    1.87
  70977.212     9.920     0.16    1.90
  71266.141    10.238     1.10    1.98
  71555.056    10.217    -0.07    2.05
  71843.956    10.238     0.07    2.05
  72132.841    10.446     0.72    2.38
  72421.712    10.784     1.17    2.42
  72710.568    11.045     0.90    2.50
  72999.410    11.093     0.17    2.54
  73288.237    11.306     0.74    2.71
  73577.049    11.260    -0.16    2.44
  73865.847    11.344     0.29    2.37
  74154.630    11.137    -0.72    1.80
  74443.399    11.157     0.07    1.81
  74732.153    11.351     0.67    1.72
  75020.892    11.553     0.70    1.78
  75309.617    11.365    -0.65    1.88
  75598.327    11.368     0.01    2.04
  75887.022    11.593     0.78    2.25
  76175.703    11.829     0.82    2.37
  76464.370    11.918     0.31    2.33
  76753.022    11.978     0.21    2.35
  77041.659    11.814    -0.57    2.18
  77330.282    11.915     0.35    2.16
  77618.890    11.769    -0.51    1.92
  77907.483    11.740    -0.10    1.86
  78196.062    11.845     0.36    1.95
  78484.627    12.049     0.71    2.06
  78773.177    12.137     0.31    2.19
  79061.712    12.118    -0.07    2.09
  79350.233    12.038    -0.28    2.10
  79638.739    11.798    -0.83    2.24
  79927.231    11.476    -1.12    2.12
  80215.708    11.091    -1.33    1.92
  80504.170    11.108     0.06    1.78
  80792.618    11.046    -0.22    1.58
  81081.052    11.127     0.28    1.51
  81369.471    11.694     1.97    1.63
  81657.875    11.952     0.89    1.70
  81946.265    12.343     1.36    1.91
  82234.641    12.860     1.79    2.33
  82523.002    13.526     2.31    2.73
  82811.348    13.637     0.39    2.73
  83099.680    14.038     1.39    2.68
  83387.997    14.152     0.40    2.68
  83676.300    14.390     0.82    2.61
  83964.589    13.873    -1.79    2.51
  84252.862    13.693    -0.63    2.32
  84541.122    13.352    -1.18    1.96
  84829.367    13.127    -0.78    1.79
  85117.597    12.993    -0.47    1.72
  85405.813    12.785    -0.72    1.68
  85694.014    12.711    -0.26    1.68
  85982.201    12.583    -0.44    1.63
  86270.374    12.177    -1.41    1.53
  86558.532    12.087    -0.32    1.49
  86846.675    11.844    -0.84    1.42
  87134.804    11.844     0.00    1.29
  87422.919    11.712    -0.46    1.30
  87711.019    11.422    -1.01    1.32
  87999.104    11.314    -0.38    1.29
  88287.175    11.142    -0.60    1.16
  88575.232    11.173     0.11    1.15
  88863.274    11.249     0.26    1.12
  89151.302    11.137    -0.39    1.11
  89439.315    11.199     0.22    1.21
  89727.314    11.234     0.12    1.25
  90015.298    11.187    -0.16    1.23
  90303.268    11.196     0.03    1.17
  90591.224    11.147    -0.17    1.19
  90879.165    11.172     0.09    1.16
  91167.092    11.379     0.72    1.29
  91455.004    11.495     0.40    1.30
  91742.902    11.814     1.11    1.42
  92030.785    12.064     0.87    1.52
  92318.654    12.093     0.10    1.53
  92606.508    12.136     0.15    1.52
  92894.349    12.053    -0.29    1.45
  93182.174    12.108     0.19    1.39
  93469.986    11.976    -0.46    1.28
  93757.782    11.872    -0.36    1.11
  94045.565    11.963     0.32    1.14
  94333.333    11.963     0.00    1.38
  94621.087    12.106     0.50    1.43
  94908.826    12.193     0.30    1.44
  95196.551    12.202     0.03    1.45
  95484.261    12.108    -0.33    1.53
  95771.957    12.046    -0.22    1.72
  96059.639    11.620    -1.48    1.87
  96347.306    11.167    -1.57    1.99
  96634.959    10.845    -1.12    2.21
  96922.598    10.602    -0.84    2.30
  97210.222    10.511    -0.32    2.31
  97497.832    10.426    -0.30    2.52
  97785.427    10.814     1.35    2.52
  98073.008    10.918     0.36    2.54
  98360.575    11.314     1.38    2.35
  98648.127    11.706     1.36    1.79
  98935.665    12.014     1.07    1.52
  99223.189    12.023     0.03    1.61
  99510.698    12.275     0.88    1.76
  99798.193    12.426     0.52    1.79
 100085.674    12.575     0.52    1.72
 100373.140    12.770     0.68    1.69
 100660.592    12.770    -0.00    1.60
 100948.029    12.952     0.64    1.63
 101235.453    12.755    -0.69    1.66
 101522.862    12.704    -0.18    1.48
 101810.256    12.784     0.28    1.49
 102097.636    13.755     3.38    3.30
 102385.002    15.017     4.39    5.14
 102672.354    16.739     5.99    6.33
 102959.691    18.470     6.02    6.86
 103247.014    20.270     6.26    7.01
 103534.323    22.091     6.34    6.71
 103821.617    23.328     4.31    6.04
 104108.897    24.263     3.25    5.07
 104396.163    25.196     3.25    3.88
 104683.414    25.393     0.69    3.50
 104970.651    25.660     0.93    3.03
 105257.874    25.314    -1.21    3.38
 105545.083    26.060     2.60    3.77
 105832.277    26.275     0.75    4.42
 106119.457    27.365     3.79    4.79
 106406.622    28.605     4.32    4.76
 106693.774    29.988     4.82    4.72
 106980.911    31.217     4.28    4.36
 107268.034    32.193     3.40    4.16
 107555.142    33.177     3.43    3.27
 107842.236    32.906    -0.95    3.86
 108129.316    32.990     0.29    3.90
 108416.382    32.770    -0.77    4.22
 108703.434    32.414    -1.24    4.39
 108990.471    31.917    -1.73    4.48
 109277.494    31.726    -0.67    4.82
 109564.502    32.091     1.27    4.46
 109851.497    32.253     0.57    4.46
 110138.477    32.575     1.12    3.90
 110425.443    33.157     2.03    3.73
 110712.395    33.681     1.83    3.32
 110999.332    34.082     1.40    3.20
 111286.255    34.255     0.60    3.39
 111573.164    34.738     1.68    2.74
 111861.780    34.783     0.16    2.56
 112151.778    34.858     0.26    2.01
 112441.761    34.952     0.33    1.94
 112731.729    34.727    -0.78    1.84
 113021.683    34.530    -0.68    1.76
 113311.622    34.171    -1.24    1.62
 113601.547    34.223     0.18    1.81
 113891.457    34.029    -0.67    1.75
 114181.352    33.784    -0.84    1.73
 114471.233    33.429    -1.23    1.83
 114761.100    33.162    -0.92    1.76
 115050.951    33.226     0.22    1.77
 115340.788    33.284     0.20    1.81
 115630.611    33.299     0.05    1.65
 115920.419    33.201    -0.34    1.18
 116210.213    33.314     0.39    1.03
 116499.992    33.426     0.39    0.94
 116789.756    33.422    -0.01    0.97
 117079.506    33.654     0.80    1.11
 117369.241    33.711     0.19    1.15
 117658.962    33.784     0.25    1.15
 117948.668    33.876     0.32    1.17
 118238.360    33.858    -0.06    1.21
 118528.037    33.873     0.05    1.11
 118817.700    33.872    -0.01    1.10
 119107.348    33.872     0.00    1.10
 119396.981    33.993     0.42    1.09
 119686.600    34.005     0.04    1.16
 119976.205    34.036     0.11    1.31
 120265.795    34.068     0.11    1.36
 120555.370    34.249     0.63    1.45
 120844.931    34.336     0.30    1.46
 121134.478    34.387     0.18    1.45
 121424.010    34.605     0.75    1.41
 121713.527    34.770     0.57    1.30
 122003.030    34.878     0.38    1.21
 122292.519    34.950     0.25    1.08
 122581.993    34.799    -0.52    1.18
 122871.452    34.698    -0.35    1.17
 123160.897    34.814     0.40    1.18
 123450.328    34.845     0.11    1.21
 123739.744    34.902     0.20    1.27
 124029.146    34.766    -0.47    1.26
 124318.533    34.602    -0.57    1.28
 124607.905    34.191    -1.42    1.19
 124897.264    34.112    -0.27    1.15
 125186.607    33.959    -0.53    1.00
 125475.936    33.968     0.03    0.97
 125765.251    33.931    -0.13    0.99
 126054.552    33.937     0.02    0.98
 126343.837    34.029     0.32    0.96
 126633.109    33.971    -0.20    0.96
 126922.366    34.008     0.13    1.00
 127211.608    34.020     0.04    1.00
 127500.836    34.060     0.14    0.92
 127790.050    33.978    -0.28    0.95
 128079.249    34.045     0.23    0.93
 128368.434    33.905    -0.48    0.97
 128657.604    33.961     0.19    1.22
 128946.760    33.903    -0.20    1.19
 129235.901    33.814    -0.31    1.00
 129525.029    33.798    -0.05    0.99
 129814.141    33.859     0.21    0.81
 130103.239    33.890     0.11    0.75
 130392.323    33.965     0.26    0.77
 130681.392    34.005     0.14    0.83
 130970.447    34.068     0.22    1.03
 131259.488    34.108     0.14    1.05
 131548.514    34.075    -0.11    1.03
 131837.526    34.157     0.28    0.98
 132126.523    34.117    -0.14    0.94
 132415.506    34.075    -0.14    0.97
 132704.475    34.247     0.59    1.03
 132993.429    34.617     1.28    1.61
 133282.368    35.211     2.06    2.34
 133571.294    35.799     2.03    2.88
 133860.205    36.496     2.41    2.97
 134149.101    36.844     1.21    2.84
 134437.984    37.521     2.34    2.97
 134726.852    37.948     1.48    2.80
 135015.705    37.662    -0.99    2.65
 135304.544    37.078    -2.02    2.40
 135593.369    36.754    -1.12    1.99
 135882.179    36.445    -1.07    1.82
 136170.975    36.329    -0.40    1.70
 136459.757    36.075    -0.88    1.44
 136748.524    35.903    -0.60    1.23
 137037.277    36.038     0.47    1.18
 137326.016    36.147     0.38    1.31
 137614.740    36.284     0.48    1.52
 137903.450    36.321     0.13    1.58
 138192.146    36.132    -0.66    1.60
 138480.827    35.937    -0.68    1.58
 138769.494    35.665    -0.94    1.51
 139058.147    35.575    -0.31    1.30
 139346.785    35.471    -0.36    0.98
 139635.409    35.623     0.53    1.01
 139924.018    35.798     0.61    0.98
 140212.614    36.041     0.84    1.09
 140501.195    36.214     0.60    1.12
 140789.761    36.396     0.63    1.10
 141078.314    36.441     0.16    1.03
 141366.852    36.567     0.44    1.10
 141655.375    36.814     0.85    1.17
 141943.885    37.075     0.91    1.44
 142232.380    37.208     0.46    1.66
 142520.861    37.560     1.22    1.87
 142809.327    37.505    -0.19    1.84
 143097.780    37.515     0.04    1.83
 143386.218    37.683     0.58    1.81
 143674.641    37.654    -0.10    1.84
 143963.051    37.905     0.87    2.13
 144251.446    38.202     1.03    2.15
 144539.827    38.385     0.64    2.30
 144828.193    37.887    -1.73    2.93
 145116.545    37.240    -2.24    3.62
 145404.883    36.414    -2.87    4.01
 145693.207    35.637    -2.69    3.79
 145981.517    34.739    -3.11    3.43
 146269.812    34.366    -1.29    3.20
 146558.093    34.496     0.45    3.21
 146846.359    34.336    -0.56    3.15
 147134.612    34.255    -0.28    2.99
 147422.850    34.257     0.01    2.94
 147711.074    34.336     0.27    2.82
 147999.284    34.217    -0.41    2.85
 148287.479    34.247     0.10    2.79
 148575.660    34.163    -0.29    2.55
 148863.827    34.470     1.07    2.53
 149151.980    34.328    -0.49    2.28
 149440.119    34.428     0.35    2.33
 149728.243    34.480     0.18    2.32
 150016.353    34.709     0.79    2.31
 150304.449    34.620    -0.31    2.30
 150592.530    34.501    -0.41    2.26
 150880.598    34.545     0.15    2.38
 151168.651    34.665     0.41    2.39
 151456.690    34.843     0.62    2.36
 151744.715    34.741    -0.35    2.37
 152032.725    34.873     0.46    2.28
 152320.722    35.068     0.68    2.09
 152608.704    35.211     0.50    1.76
 152896.672    35.142    -0.24    1.64
 153184.625    34.946    -0.68    1.52
 153472.565    34.669    -0.96    1.48
 153760.490    34.828     0.55    1.55
 154048.402    34.873     0.15    1.40
 154336.299    34.903     0.11    1.40
 154624.181    34.973     0.24    1.41
 154912.050    35.053     0.28    1.47
 155199.904    35.023    -0.10    1.40
 155487.745    34.784    -0.83    1.49
 155775.571    34.514    -0.94    1.38
 156063.383    34.270    -0.85    1.24
 156351.181    34.247    -0.08    1.17
 156638.964    34.173    -0.26    1.19
 156926.734    34.351     0.62    1.31
 157214.489    34.706     1.23    1.59
 157502.230    34.873     0.58    1.59
 157789.957    35.017     0.50    1.54
 158077.670    35.187     0.59    1.47
 158365.369    35.441     0.88    1.34
 158653.053    35.548     0.37    1.29
 158940.724    35.587     0.13    1.21
 159228.380    35.629     0.15    1.30
 159516.022    35.726     0.34    1.23
 159803.650    35.770     0.15    1.16
 160091.264    35.829     0.21    1.16
 160378.864    35.753    -0.26    1.18
 160666.450    35.598    -0.54    0.99
 160954.021    35.456    -0.50    0.96
 161241.579    35.275    -0.63    1.02
 161529.122    35.253    -0.08    0.95
 161816.651    35.191    -0.22    0.86
 162104.166    35.168    -0.08    0.84
 162391.667    35.223     0.19    0.86
 162679.154    35.260     0.13    0.83
 162966.627    35.262     0.01    0.72
 163254.085    35.374     0.39    0.83
 163541.530    35.460     0.30    0.82
 163828.961    35.456    -0.02    0.90
 164116.377    35.435    -0.07    0.87
 164403.779    35.564     0.45    0.94
 164691.167    35.575     0.04    1.00
 164978.542    35.556    -0.07    1.03
 165265.902    35.632     0.26    0.98
 165553.248    35.737     0.36    0.96
 165840.579    35.726    -0.04    1.00
 166127.897    35.739     0.05    1.05
 166415.201    35.742     0.01    1.04
 166702.491    35.769     0.09    1.04
 166989.766    35.709    -0.21    1.02
 167277.028    35.737     0.10    1.00
 167564.275    35.721    -0.05    0.93
 167851.509    35.814     0.32    0.89
 168138.728    35.873     0.21    0.89
 168425.934    35.930     0.20    0.95
 168713.125    35.903    -0.09    0.92
 169000.302    35.961     0.20    1.00
 169287.466    36.106     0.51    1.04
 169574.615    36.193     0.30    1.00
 169861.750    36.217     0.08    1.03
 170148.871    36.329     0.39    1.06
 170435.978    36.549     0.77    1.00
 170723.071    36.874     1.13    1.09
 171010.150    36.814    -0.21    1.13
 171297.215    37.117     1.06    1.19
 171584.266    37.168     0.18    1.10
 171871.303    37.485     1.11    1.28
 172158.326    37.568     0.29    1.43
 172445.335    37.571     0.01    1.44
 172732.330    37.526    -0.16    1.43
 173019.311    37.784     0.90    1.47
 173306.278    37.843     0.20    1.46
 173593.231    37.829    -0.05    1.36
 173880.601    37.814    -0.05    1.24
 174170.590    37.908     0.32    1.20
 174460.565    37.905    -0.01    1.29
 174750.525    37.844    -0.21    1.26
 175040.471    37.843    -0.00    1.27
 175330.402    37.858     0.05    1.24
 175620.319    37.845    -0.05    1.29
 175910.222    37.859     0.05    1.25
 176200.111    37.952     0.32    1.29
 176489.985    37.965     0.05    1.27
 176779.845    38.106     0.49    1.34
 177069.690    38.133     0.09    1.48
 177359.521    38.102    -0.11    1.39
 177649.338    38.045    -0.20    1.23
 177939.141    38.026    -0.06    1.18
 178228.929    37.968    -0.20    1.08
 178518.703    37.996     0.10    1.08
 178808.463    37.906    -0.31    1.04
 179098.208    37.784    -0.42    1.10
 179387.939    37.859     0.26    1.12
 179677.656    37.677    -0.63    1.18
 179967.358    37.545    -0.46    1.16
 180257.046    37.306    -0.83    1.13
 180546.720    37.431     0.43    1.04
 180836.380    37.556     0.43    1.04
 181126.025    37.560     0.01    1.02
 181415.656    37.583     0.08    0.96
 181705.273    37.556    -0.09    0.95
 181994.876    37.620     0.22    0.94
 182284.464    37.768     0.51    0.95
 182574.038    37.726    -0.15    0.84
 182863.598    37.723    -0.01    0.92
 183153.143    37.694    -0.10    0.88
 183442.674    37.783     0.31    0.95
 183732.191    37.693    -0.31    0.97
 184021.694    37.602    -0.31    1.02
 184311.182    37.620     0.06    1.08
 184600.657    37.593    -0.09    1.09
 184890.116    37.709     0.40    1.03
 185179.562    37.637    -0.25    1.01
 185468.994    37.768     0.45    1.11
 185758.411    38.102     1.15    1.43
 186047.814    38.177     0.26    1.51
 186337.203    38.417     0.83    1.61
 186626.577    38.553     0.47    1.58
 186915.937    38.724     0.59    1.52
 187205.284    38.858     0.46    1.48
 187494.615    38.952     0.33    1.51
 187783.933    39.087     0.46    1.62
 188073.237    39.106     0.07    1.73
 188362.526    39.152     0.16    1.69
 188651.801    39.133    -0.07    1.63
 188941.062    39.172     0.14    1.63
 189230.308    38.976    -0.68    1.69
 189519.541    38.891    -0.29    1.67
 189808.759    38.965     0.26    1.76
 190097.963    38.829    -0.47    1.80
 190387.153    38.637    -0.66    1.81
 190676.328    38.564    -0.25    1.86
 190965.490    38.351    -0.74    1.74
 191254.637    38.299    -0.18    1.71
 191543.770    37.952    -1.20    1.32
 191832.889    37.905    -0.16    1.08
 192121.994    37.859    -0.16    0.94
 192411.085    37.961     0.35    1.01
 192700.161    38.078     0.41    1.11
 192989.223    37.978    -0.35    1.34
 193278.271    38.123     0.50    1.36
 193567.305    38.260     0.48    1.40
 193856.325    38.299     0.13    1.47
 194145.331    38.283    -0.05    1.59
 194434.322    38.255    -0.10    1.51
 194723.299    38.123    -0.46    1.54
 195012.263    37.993    -0.45    1.49
 195301.212    37.740    -0.87    1.62
 195590.147    37.533    -0.72    1.75
 195879.067    37.223    -1.07    1.78
 196167.974    36.950    -0.94    1.64
 196456.866    36.740    -0.73    1.51
 196745.745    36.681    -0.20    1.52
 197034.609    36.650    -0.11    1.57
 197323.459    36.667     0.06    1.56
 197612.295    36.639    -0.10    1.64
 197901.117    36.723     0.29    1.67
 198189.925    36.511    -0.73    1.84
 198478.718    36.637     0.44    1.84
 198767.498    36.549    -0.31    1.83
 199056.263    36.456    -0.32    1.81
 199345.014    36.284    -0.59    1.74
 199633.752    36.401     0.40    1.74
 199922.475    36.374    -0.09    1.59
 200211.184    36.177    -0.68    1.57
 200499.879    36.611     1.50    1.89
 200788.560    36.784     0.60    2.04
 201077.226    37.351     1.96    2.35
 201365.879    37.299    -0.18    2.51
 201654.517    36.750    -1.90    3.34
 201943.142    36.147    -2.09    3.57
 202231.752    35.950    -0.68    3.58
 202520.349    35.667    -0.98    3.27
 202808.931    35.611    -0.19    3.04
 203097.499    35.456    -0.54    2.77
 203386.053    35.887     1.50    2.53
 203674.593    36.306     1.45    1.85
 203963.119    36.500     0.67    1.88
 204251.631    36.905     1.40    1.73
 204540.129    37.020     0.40    1.78
 204828.613    37.257     0.82    1.75
 205117.083    37.226    -0.11    1.66
 205405.538    37.270     0.15    1.66
 205693.980    37.338     0.24    1.65
 205982.408    37.291    -0.16    1.78
 206270.821    37.267    -0.08    1.60
 206559.221    37.232    -0.12    1.50
 206847.606    37.271     0.14    1.49
 207135.978    37.211    -0.21    1.50
 207424.335    37.108    -0.36    1.50
 207712.679    37.220     0.39    1.49
 208001.008    36.976    -0.85    1.51
 208289.324    36.830    -0.51    1.53
 208577.625    36.770    -0.21    1.47
 208865.912    36.671    -0.34    1.49
 209154.186    36.844     0.60    1.59
 209442.445    36.755    -0.31    1.45
 209730.691    36.658    -0.34    1.58
 210018.922    36.799     0.49    1.59
 210307.139    36.783    -0.06    1.48
 210595.343    36.769    -0.05    1.55
 210883.532    36.637    -0.46    1.52
 211171.707    36.306    -1.15    1.49
 211459.869    36.402     0.33    1.24
 211748.016    36.439     0.13    1.28
 212036.149    36.284    -0.54    1.32
 212324.269    36.079    -0.71    1.31
 212612.374    35.976    -0.36    1.31
 212900.466    36.123     0.51    1.36
 213188.543    36.152     0.10    1.45
 213476.607    36.142    -0.03    1.58
 213764.656    36.564     1.46    1.67
 214052.692    36.417    -0.51    1.68
 214340.713    36.548     0.46    1.70
 214628.721    37.049     1.74    1.77
 214916.715    37.172     0.43    1.86
 215204.695    37.191     0.06    1.90
 215492.660    37.217     0.09    1.94
 215780.612    37.142    -0.26    2.02
 216068.550    37.196     0.19    1.95
 216356.474    37.020    -0.61    1.92
 216644.384    36.917    -0.36    1.79
 216932.280    36.873    -0.15    1.79
 217220.162    36.871    -0.01    1.70
 217508.030    36.961     0.31    1.62
 217795.885    36.814    -0.51    1.60
 218083.725    36.590    -0.78    1.89
 218371.552    35.894    -2.42    2.46
 218659.364    34.770    -3.91    3.13
 218947.163    34.123    -2.25    3.18
 219234.947    33.542    -2.02    3.19
 219522.718    33.181    -1.25    3.17
 219810.475    32.890    -1.01    3.33
 220098.218    32.933     0.15    3.43
 220385.947    32.814    -0.41    3.38
 220673.662    33.053     0.83    3.34
 220961.363    33.142     0.31    3.45
 221249.050    33.408     0.92    3.34
 221536.724    34.020     2.13    3.66
 221824.383    34.351     1.15    3.59
 222112.029    34.632     0.98    3.48
 222399.661    34.894     0.91    3.33
 222687.279    35.034     0.49    3.30
 222974.883    35.918     3.07    2.64
 223262.473    36.520     2.09    2.09
 223550.049    36.724     0.71    1.70
 223837.611    36.859     0.47    1.53
 224125.160    36.845    -0.05    1.53
 224412.695    36.750    -0.33    1.44
 224700.215    36.754     0.01    1.66
 224987.722    36.583    -0.59    1.62
 225275.215    36.545    -0.13    1.58
 225562.694    36.724     0.62    1.53
 225850.160    36.784     0.21    1.53
 226137.611    36.814     0.10    1.62
 226425.049    36.737    -0.27    1.70
 226712.473    36.515    -0.77    1.61
 226999.883    36.352    -0.57    1.40
 227287.279    36.374     0.08    1.45
 227574.661    36.329    -0.16    1.38
 227862.029    36.328    -0.00    1.31
 228149.384    36.291    -0.13    1.24
 228436.725    36.214    -0.27    1.21
 228724.052    36.238     0.08    1.30
 229011.365    36.189    -0.17    1.27
 229298.664    36.159    -0.11    1.34
 229585.949    36.133    -0.09    1.34
