-264858.100   104.183     0.00    1.70
-264568.357   104.080    -0.35    1.74
-264278.632   104.189     0.37    1.67
-263988.923   104.340     0.52    1.78
-263699.231   104.429     0.31    1.77
-263409.555   104.215    -0.74    1.79
-263119.897   103.900    -1.09    2.04
-262830.256   103.566    -1.15    2.11
-262540.632   102.968    -2.07    2.39
-262251.024   102.420    -1.89    2.41
-261961.434   101.405    -3.50    2.48
-261671.861   100.617    -2.72    2.63
-261382.304    99.500    -3.86    3.02
-261092.764    98.286    -4.19    3.04
-260803.241    97.314    -3.36    2.97
-260513.735    96.671    -2.22    2.72
-260224.246    95.729    -3.26    2.75
-259934.774    95.029    -2.42    2.37
-259645.319    94.670    -1.24    2.60
-259355.881    94.699     0.10    2.56
-259066.459    94.419    -0.97    2.69
-258777.055    93.954    -1.61    2.88
-258487.667    93.617    -1.16    2.94
-258198.296    93.631     0.05    2.89
-257908.942    93.757     0.43    3.07
-257619.605    94.371     2.12    3.32
-257330.285    94.943     1.98    3.42
-257040.982    95.773     2.87    3.34
-256751.695    96.786     3.51    2.88
-256462.426    97.812     3.55    2.37
-256173.173    98.161     1.21    2.39
-255883.937    98.201     0.14    2.47
-255594.718    98.236     0.12    2.58
-255305.515    97.993    -0.84    2.55
-255016.330    98.229     0.81    2.47
-254727.161    98.529     1.04    2.39
-254438.010    99.214     2.37    2.20
-254148.875    99.659     1.54    2.30
-253859.757   100.334     2.34    2.62
-253570.655   101.098     2.64    2.61
-253281.571   101.715     2.13    2.75
-252992.503   101.989     0.95    2.66
-252703.452   101.640    -1.21    2.74
-252414.418   101.343    -1.03    2.59
-252125.401   100.869    -1.64    2.85
-251836.401   100.159    -2.46    2.69
-251547.417    99.701    -1.59    2.34
-251258.450    99.276    -1.47    2.05
-250969.500    98.898    -1.31    1.84
-250680.567    98.447    -1.56    1.90
-250391.650    97.934    -1.77    2.22
-250102.750    97.091    -2.92    2.32
-249813.867    96.503    -2.03    2.33
-249525.001    96.038    -1.61    2.33
-249236.152    95.545    -1.71    2.03
-248947.319    95.479    -0.23    1.84
-248658.503    95.584     0.36    1.99
-248369.704    96.000     1.44    1.97
-248080.922    96.091     0.31    1.89
-247792.156    96.420     1.14    1.86
-247503.407    97.067     2.24    1.78
-247214.675    97.841     2.68    3.34
-246925.959    98.742     3.12    4.34
-246637.261    99.256     1.78    4.27
-246348.579    99.743     1.68    4.16
-246059.914   100.120     1.31    4.19
-245771.265   100.243     0.43    4.06
-245482.633   100.346     0.36    3.32
-245194.018   100.014    -1.15    2.40
-244905.420   100.263     0.86    2.28
-244616.838   100.523     0.90    2.13
-244328.273   100.560     0.13    2.15
-244039.725   100.797     0.82    2.09
-243751.194   100.729    -0.24    1.97
-243462.679   100.714    -0.05    2.00
-243174.181   100.742     0.10    1.90
-242885.699   100.729    -0.05    1.96
-242597.235   101.024     1.03    1.97
-242308.787   101.451     1.48    2.00
-242020.355   101.634     0.64    1.95
-241731.941   101.965     1.15    1.78
-241443.543   102.029     0.22    1.79
-241155.161   101.964    -0.22    1.75
-240866.797   101.914    -0.17    1.76
-240578.449   101.598    -1.10    1.89
-240290.117   101.602     0.01    1.93
-240001.803   101.617     0.05    2.01
-239713.504   101.562    -0.19    1.99
-239425.223   101.386    -0.61    1.93
-239136.958   101.208    -0.62    1.96
-238848.710   100.890    -1.10    1.77
-238560.479   100.420    -1.63    1.73
-238272.264    99.971    -1.56    1.66
-237984.066    99.729    -0.84    1.64
-237695.884    99.278    -1.56    1.82
-237407.719    99.014    -0.91    1.80
-237119.571    98.512    -1.74    1.99
-236831.439    97.909    -2.09    2.00
-236543.324    97.482    -1.48    1.96
-236255.226    96.949    -1.85    2.09
-235967.144    96.423    -1.83    2.13
-235679.079    96.192    -0.80    2.13
-235391.030    96.024    -0.58    2.03
-235102.998    96.006    -0.06    2.00
-234814.983    96.250     0.85    2.22
-234526.984    96.560     1.08    2.41
-234239.002    97.081     1.81    2.36
-233951.036    97.920     2.91    2.05
-233663.087    98.199     0.97    2.11
-233375.155    98.343     0.50    1.88
-233087.239    98.278    -0.23    1.65
-232799.339    98.348     0.24    2.05
-232511.457    98.067    -0.98    2.03
-232223.591    97.852    -0.75    2.05
-231935.741    97.243    -2.12    2.49
-231647.908    96.555    -2.39    2.64
-231360.091    95.920    -2.21    2.84
-231072.291    95.292    -2.18    2.49
-230784.508    94.946    -1.20    2.25
-230496.741    94.857    -0.31    2.30
-230208.991    94.926     0.24    2.22
-229921.257    95.081     0.54    2.22
-229633.540    95.447     1.27    1.98
-229345.839    95.940     1.71    1.56
-229058.155    96.149     0.73    1.53
-228770.487    96.243     0.33    1.54
-228482.836    96.571     1.14    1.65
-228195.202    96.940     1.28    1.70
-227907.583    97.343     1.40    1.63
-227619.982    97.729     1.34    1.82
-227332.397    98.095     1.27    1.79
-227044.828    98.400     1.06    1.55
-226757.276    98.729     1.14    1.49
-226469.741    98.979     0.87    1.45
-226182.222    99.062     0.29    1.44
-225894.719    99.271     0.73    1.45
-225607.233    99.329     0.20    1.37
-225319.763    99.586     0.89    1.32
-225032.310    99.786     0.70    1.23
-224744.874    99.929     0.50    1.28
-224457.453   100.250     1.12    1.26
-224170.050   100.395     0.51    1.20
-223882.663   100.155    -0.84    1.34
-223595.292    99.957    -0.69    1.50
-223307.938    99.574    -1.33    1.78
-223020.600    99.214    -1.25    1.86
-222733.278    98.574    -2.23    1.91
-222445.974    98.362    -0.74    1.89
-222158.685    98.300    -0.22    1.85
-221871.413    98.405     0.36    1.80
-221584.157    98.611     0.72    1.62
-221296.918    98.685     0.26    1.63
-221009.696    99.100     1.44    1.56
-220722.489    99.236     0.47    1.63
-220435.300    99.400     0.57    1.63
-220148.126    99.629     0.80    1.67
-219860.969    99.900     0.95    1.65
-219573.829   100.067     0.58    1.52
-219286.705   100.337     0.94    1.55
-218999.597   100.523     0.65    1.52
-218712.506   100.714     0.67    1.42
-218425.431   100.926     0.74    1.27
-218138.372   101.179     0.88    1.13
-217851.330   101.386     0.72    1.15
-217564.304   101.423     0.13    1.06
-217277.295   101.329    -0.33    1.15
-216990.302   101.314    -0.05    1.17
-216703.326   101.243    -0.25    1.23
-216416.365   101.134    -0.38    1.30
-216129.422   100.844    -1.01    1.28
-215842.494   100.613    -0.81    1.23
-215555.583   100.278    -1.17    1.22
-215268.689   100.057    -0.77    1.30
-214981.810    99.715    -1.19    1.40
-214694.948    99.270    -1.55    1.32
-214408.103    99.014    -0.89    1.42
-214121.274    98.787    -0.79    1.41
-213834.461    98.686    -0.35    1.54
-213547.664    98.514    -0.60    1.60
-213260.884    98.574     0.21    1.63
-212974.120    98.604     0.10    1.59
-212687.373    98.437    -0.58    1.56
-212400.642    98.362    -0.26    1.49
-212113.927    98.320    -0.15    1.49
-211827.228    98.184    -0.47    1.27
-211540.546    98.214     0.10    1.35
-211253.880    98.076    -0.48    1.54
-210967.231    97.900    -0.62    1.59
-210680.598    97.742    -0.55    1.69
-210393.981    97.757     0.05    1.64
-210107.380    97.742    -0.05    1.37
-209820.796    97.893     0.53    1.33
-209534.228    98.114     0.77    1.39
-209247.677    98.199     0.30    1.34
-208961.141    98.193    -0.02    1.29
-208674.622    97.946    -0.86    1.38
-208386.064    97.489    -1.58    1.68
-208096.009    96.923    -1.95    1.73
-207805.971    96.312    -2.11    1.79
-207515.950    95.757    -1.91    1.90
-207225.946    95.137    -2.14    1.95
-206935.958    94.684    -1.56    1.98
-206645.987    93.786    -3.10    2.26
-206356.033    93.337    -1.55    2.31
-206066.095    92.773    -1.95    2.46
-205776.174    92.264    -1.76    2.29
-205486.270    91.943    -1.11    2.26
-205196.383    91.658    -0.98    2.18
-204906.513    91.265    -1.36    1.94
-204616.659    91.214    -0.18    1.82
-204326.822    90.949    -0.91    1.75
-204037.002    90.771    -0.62    1.56
-203747.198    90.479    -1.01    1.22
-203457.411    90.306    -0.60    1.25
-203167.641    90.201    -0.36    1.27
-202877.888    90.165    -0.12    1.33
-202588.151    90.086    -0.27    1.32
-202298.431    90.186     0.35    1.25
-202008.728    90.258     0.25    1.28
-201719.042    90.574     1.09    1.25
-201429.372    90.700     0.44    1.43
-201139.719    90.945     0.84    1.44
-200850.082    91.207     0.91    1.43
-200560.462    91.543     1.16    1.50
-200270.859    91.934     1.35    1.43
-199981.273    92.306     1.28    1.42
-199691.703    92.642     1.16    1.33
-199402.150    93.123     1.66    1.31
-199112.614    93.576     1.56    1.37
-198823.094    93.965     1.34    1.33
-198533.591    94.165     0.69    1.27
-198244.105    94.531     1.27    1.21
-197954.635    95.081     1.90    1.32
-197665.182    95.511     1.48    1.35
-197375.746    95.861     1.21    1.52
-197086.326    96.346     1.68    1.57
-196796.923    96.757     1.42    1.62
-196507.537    97.292     1.85    1.68
-196218.167    97.857     1.95    1.78
-195928.814    98.371     1.78    1.65
-195639.477    98.993     2.15    1.63
-195350.158    99.493     1.73    1.68
-195060.854    99.883     1.35    1.55
-194771.568   100.109     0.78    1.37
-194482.298   100.292     0.63    1.38
-194193.044   100.376     0.29    1.29
-193903.808   100.278    -0.34    1.36
-193614.587    99.964    -1.09    1.38
-193325.384    99.557    -1.41    1.37
-193036.197    99.258    -1.03    1.53
-192747.027    98.686    -1.98    1.65
-192457.873    98.123    -1.95    1.71
-192168.736    97.701    -1.46    1.57
-191879.615    97.095    -2.10    1.50
-191590.511    96.814    -0.97    1.54
-191301.424    96.611    -0.70    1.46
-191012.353    96.457    -0.53    1.43
-190723.299    96.331    -0.43    1.48
-190434.261    96.257    -0.26    1.58
-190145.240    96.062    -0.68    1.91
-189856.235    95.893    -0.58    1.98
-189567.247    95.657    -0.82    2.33
-189278.276    95.531    -0.44    2.56
-188989.321    95.346    -0.64    2.75
-188700.383    95.250    -0.33    2.86
-188411.461    94.873    -1.30    3.07
-188122.556    94.371    -1.74    3.46
-187833.667    93.898    -1.64    3.32
-187544.795    93.221    -2.34    3.26
-187255.940    92.447    -2.68    3.07
-186967.101    91.813    -2.19    3.07
-186678.278    90.861    -3.30    2.75
-186389.472    90.081    -2.70    2.71
-186100.683    89.300    -2.71    2.50
-185811.910    88.514    -2.72    2.29
-185523.153    87.560    -3.31    2.11
-185234.413    86.929    -2.19    2.01
-184945.690    86.296    -2.19    1.95
-184656.983    85.714    -2.02    1.84
-184368.293    85.111    -2.09    1.94
-184079.619    84.434    -2.34    2.05
-183790.961    83.514    -3.19    2.36
-183502.320    82.586    -3.22    2.46
-183213.696    81.813    -2.68    2.19
-182925.088    81.852     0.13    2.15
-182636.496    82.214     1.26    2.57
-182347.921    83.419     4.17    3.18
-182059.363    84.729     4.54    3.38
-181770.821    86.170     5.00    3.09
-181482.295    87.772     5.55    2.71
-181193.786    88.771     3.46    2.49
-180905.294    89.786     3.52    2.41
-180616.817    90.786     3.47    2.52
-180328.358    91.729     3.27    2.36
-180039.915    92.475     2.59    2.32
-179751.488    93.091     2.14    2.12
-179463.077    93.567     1.65    1.83
-179174.683    93.890     1.12    1.31
-178886.306    93.968     0.27    1.27
-178597.945    93.743    -0.78    1.27
-178309.600    93.461    -0.98    1.34
-178021.272    92.926    -1.86    1.46
-177732.960    92.433    -1.71    1.30
-177444.665    92.023    -1.42    1.19
-177156.386    91.743    -0.97    1.18
-176868.123    91.596    -0.51    1.35
-176579.877    91.343    -0.88    1.28
-176291.648    91.151    -0.67    1.12
-176003.434    91.126    -0.09    1.11
-175715.238    90.996    -0.45    1.25
-175427.057    90.799    -0.68    1.25
-175138.893    90.557    -0.84    1.15
-174850.745    90.343    -0.74    1.11
-174562.614    90.258    -0.29    1.18
-174274.499    90.033    -0.78    1.29
-173986.401    89.826    -0.72    1.26
-173698.318    89.496    -1.15    1.22
-173410.253    89.286    -0.73    1.16
-173122.203    89.123    -0.57    1.10
-172834.170    88.929    -0.67    1.10
-172546.154    88.786    -0.50    1.06
-172258.153    88.523    -0.91    1.15
-171970.169    88.361    -0.56    1.16
-171682.202    88.137    -0.78    1.21
-171394.250    88.043    -0.33    1.23
-171106.316    87.854    -0.66    1.44
-170818.397    87.659    -0.68    1.59
-170530.495    87.414    -0.85    1.57
-170242.609    87.308    -0.37    1.87
-169954.739    87.071    -0.82    1.97
-169666.886    86.920    -0.53    2.10
-169379.049    86.743    -0.61    2.20
-169091.229    86.376    -1.27    2.29
-168803.425    86.066    -1.08    2.22
-168515.637    85.729    -1.17    2.24
-168227.865    85.314    -1.44    2.10
-167940.110    84.934    -1.32    1.90
-167652.371    84.771    -0.57    1.82
-167364.648    84.493    -0.97    1.59
-167076.942    84.371    -0.42    1.32
-166789.252    84.095    -0.96    1.21
-166501.578    84.071    -0.08    1.16
-166213.921    83.917    -0.54    1.09
-165926.280    83.881    -0.12    0.94
-165638.655    83.905     0.08    0.98
-165351.046    84.165     0.90    0.98
-165063.454    84.265     0.35    1.15
-164775.878    84.581     1.10    1.24
-164488.318    84.867     0.99    1.34
-164200.775    85.186     1.11    1.34
-163913.247    85.520     1.16    1.34
-163625.736    85.701     0.63    1.19
-163338.242    85.800     0.35    1.18
-163050.763    85.873     0.26    1.10
-162763.301    85.971     0.34    0.98
-162475.855    85.964    -0.03    1.08
-162188.426    85.857    -0.37    1.10
-161901.012    85.672    -0.64    1.17
-161613.615    85.499    -0.60    1.10
-161326.234    85.306    -0.67    1.10
-161038.869    85.100    -0.72    1.08
-160751.521    84.846    -0.88    1.02
-160464.188    84.843    -0.01    1.10
-160176.872    84.640    -0.70    1.09
-159889.573    84.600    -0.14    1.12
-159602.289    84.503    -0.34    1.15
-159315.022    84.290    -0.74    1.09
-159027.770    84.236    -0.19    1.08
-158740.535    84.193    -0.15    1.14
-158453.317    84.214     0.07    1.14
-158166.114    84.243     0.10    1.18
-157878.928    84.346     0.36    1.17
-157591.758    84.390     0.15    1.18
-157304.604    84.545     0.54    1.05
-157017.466    84.657     0.39    1.01
-156730.344    84.881     0.78    1.10
-156443.239    85.131     0.87    1.38
-156156.150    85.306     0.61    1.37
-155869.077    85.581     0.96    1.44
-155582.020    85.905     1.13    1.44
-155294.979    86.111     0.72    1.38
-155007.954    86.294     0.64    1.37
-154720.946    86.461     0.58    1.33
-154433.954    86.400    -0.21    1.33
-154146.978    86.433     0.11    1.44
-153860.018    86.433     0.00    1.59
-153573.074    86.221    -0.74    1.78
-153286.146    86.071    -0.52    2.01
-152999.235    85.993    -0.27    2.06
-152712.340    85.482    -1.78    2.32
-152425.460    85.264    -0.76    2.51
-152138.597    84.742    -1.82    2.59
-151851.750    84.343    -1.39    2.70
-151564.920    83.996    -1.21    3.10
-151278.105    83.308    -2.40    3.23
-150991.306    82.497    -2.83    3.40
-150704.524    82.037    -1.60    3.51
-150417.758    80.905    -3.95    4.15
-150131.007    80.123    -2.73    4.44
-149844.273    79.517    -2.11    4.64
-149557.555    79.186    -1.16    5.02
-149270.853    79.257     0.25    5.07
-148984.168    79.214    -0.15    5.16
-148697.498    79.381     0.58    4.81
-148410.844    79.287    -0.33    4.48
-148124.207    78.567    -2.51    4.16
-147837.585    77.420    -4.00    3.85
-147550.980    76.014    -4.90    3.80
-147264.391    74.207    -6.31    4.14
-146977.817    72.043    -7.55    4.52
-146691.260    70.109    -6.75    4.76
-146404.342    67.571    -8.84    5.38
-146114.283    65.076    -8.60    5.14
-145824.242    62.934    -7.39    5.00
-145534.216    60.846    -7.20    4.38
-145244.208    59.033    -6.25    3.97
-144954.215    57.419    -5.57    3.36
-144664.240    56.067    -4.66    3.05
-144374.280    54.799    -4.37    3.34
-144084.338    53.439    -4.69    3.37
-143794.412    52.157    -4.42    3.50
-143504.502    50.714    -4.98    3.69
-143214.609    49.569    -3.95    3.88
-142924.732    47.798    -6.11    3.78
-142634.872    46.715    -3.74    3.55
-142345.029    45.656    -3.65    3.21
-142055.202    44.545    -3.83    3.26
-141765.391    43.273    -4.39    2.71
-141475.597    42.567    -2.44    2.54
-141185.819    41.801    -2.64    2.18
-140896.058    41.337    -1.60    1.78
-140606.314    40.799    -1.86    1.44
-140316.586    40.644    -0.53    1.32
-140026.874    40.457    -0.65    1.32
-139737.179    40.475     0.06    1.33
-139447.500    40.346    -0.44    1.35
-139157.838    40.523     0.61    1.47
-138868.192    40.743     0.76    1.63
-138578.562    40.971     0.79    2.09
-138288.949    41.841     3.00    3.16
-137999.353    43.043     4.15    4.11
-137709.773    44.334     4.46    4.95
-137420.209    46.257     6.64    6.37
-137130.662    48.449     7.57    7.24
-136841.132    49.802     4.67    7.67
-136551.617    52.424     9.06    7.30
-136262.120    54.320     6.55    7.09
-135972.638    56.526     7.62    6.43
-135683.173    58.229     5.88    6.01
-135393.725    59.140     3.15    4.91
-135104.293    59.700     1.93    3.90
-134814.877    59.743     0.15    3.77
-134525.478    58.552    -4.12    4.41
-134236.095    57.414    -3.93    4.49
-133946.728    55.475    -6.70    4.47
-133657.378    53.588    -6.52    4.23
-133368.044    52.052    -5.31    3.82
-133078.727    50.931    -3.88    3.58
-132789.426    50.184    -2.58    3.77
-132500.142    50.287     0.36    3.99
-132210.874    50.140    -0.51    4.21
-131921.622    50.643     1.74    4.53
-131632.387    50.883     0.83    4.22
-131343.168    50.645    -0.82    3.69
-131053.965    50.545    -0.35    3.44
-130764.779    50.531    -0.05    3.21
-130475.609    50.361    -0.59    3.15
-130186.455    50.671     1.07    3.12
-129897.318    51.214     1.88    3.12
-129608.197    51.329     0.40    2.96
-129319.093    51.343     0.05    2.68
-129030.005    50.931    -1.42    2.74
-128740.933    50.912    -0.07    2.61
-128451.877    50.395    -1.79    3.21
-128162.838    49.949    -1.54    3.24
-127873.816    49.629    -1.11    3.41
-127584.809    49.287    -1.18    3.58
-127295.819    49.000    -0.99    3.84
-127006.845    49.489     1.69    4.26
-126717.888    49.948     1.59    4.65
-126428.947    50.644     2.41    4.43
-126140.022    51.395     2.60    4.22
-125851.114    51.846     1.56    3.71
-125562.221    52.091     0.85    3.39
-125273.345    52.105     0.05    3.49
-124984.486    51.869    -0.82    3.89
-124695.643    51.109    -2.63    4.24
-124406.816    49.869    -4.29    4.92
-124118.005    48.214    -5.73    5.14
-123829.210    47.096    -3.87    5.13
-123540.432    46.096    -3.46    4.91
-123251.671    45.037    -3.67    4.64
-122962.925    45.004    -0.12    4.40
-122674.196    44.686    -1.10    4.36
-122385.483    44.957     0.94    3.85
-122096.786    45.714     2.62    3.99
-121808.105    47.095     4.78    4.01
-121519.441    48.829     6.01    4.14
-121230.793    50.508     5.82    4.03
-120942.162    52.149     5.69    3.74
-120653.546    53.229     3.74    3.26
-120364.947    53.771     1.88    3.17
-120076.364    53.543    -0.79    3.44
-119787.797    52.644    -3.12    3.93
-119499.247    51.250    -4.83    3.77
-119210.713    49.800    -5.03    3.24
-118922.195    48.287    -5.24    2.78
-118633.693    47.331    -3.31    2.31
-118345.207    46.500    -2.88    1.80
-118056.738    45.940    -1.94    1.63
-117768.285    45.986     0.16    1.80
-117479.848    46.471     1.68    2.27
-117191.427    47.329     2.97    2.76
-116903.023    48.340     3.51    2.91
-116614.635    49.596     4.35    3.18
-116326.263    50.979     4.79    3.16
-116037.907    52.700     5.97    2.73
-115749.567    54.071     4.76    2.56
-115461.244    55.357     4.46    2.69
-115172.936    56.489     3.93    2.64
-114884.645    57.482     3.44    2.52
-114596.370    58.464     3.41    2.50
-114308.112    59.008     1.89    2.32
-114019.869    59.552     1.89    2.06
-113731.643    59.886     1.16    1.71
-113443.433    59.996     0.38    1.55
-113155.239    59.992    -0.01    1.45
-112867.061    59.869    -0.43    1.34
-112578.899    59.658    -0.73    1.30
-112290.754    59.134    -1.82    1.35
-112002.624    58.655    -1.66    1.56
-111714.511    58.258    -1.38    1.60
-111426.414    57.555    -2.44    1.48
-111138.333    56.954    -2.09    1.73
-110850.268    56.215    -2.57    1.94
-110562.220    55.489    -2.52    1.90
-110274.187    54.929    -1.95    1.86
-109986.171    53.993    -3.25    1.83
-109698.170    53.457    -1.86    1.78
-109410.186    52.817    -2.22    1.70
-109122.218    52.105    -2.47    1.90
-108834.266    51.672    -1.50    1.74
-108546.331    51.120    -1.92    1.67
-108258.411    50.588    -1.85    1.52
-107970.507    50.314    -0.95    1.72
-107682.620    49.993    -1.12    1.83
-107394.749    49.814    -0.62    1.72
-107106.893    49.493    -1.12    1.73
-106819.054    49.062    -1.50    2.01
-106531.231    48.376    -2.38    2.17
-106243.424    47.797    -2.01    1.98
-105955.633    47.250    -1.90    2.06
-105667.858    46.657    -2.06    2.01
-105380.100    45.846    -2.82    1.48
-105092.357    45.329    -1.80    1.65
-104804.631    44.596    -2.55    1.94
-104516.920    43.757    -2.92    2.27
-104229.226    42.968    -2.74    2.26
-103941.547    42.256    -2.47    1.88
-103653.885    41.757    -1.73    1.64
-103366.239    41.489    -0.93    1.45
-103078.609    41.258    -0.80    1.48
-102790.994    41.214    -0.15    1.45
-102503.396    41.273     0.20    1.42
-102215.814    41.126    -0.51    1.58
-101928.248    40.982    -0.50    1.58
-101640.698    40.771    -0.73    1.53
-101353.164    40.560    -0.73    1.54
-101065.646    40.292    -0.93    1.48
-100778.145    40.214    -0.27    1.44
-100490.659    39.979    -0.82    1.31
-100203.189    40.199     0.77    1.66
 -99915.735    40.096    -0.36    1.74
 -99628.297    40.143     0.16    1.77
 -99340.876    40.014    -0.45    1.56
 -99053.470    39.798    -0.75    1.49
 -98766.080    39.743    -0.19    1.52
 -98478.706    39.598    -0.50    1.69
 -98191.349    39.243    -1.24    1.42
 -97904.007    39.199    -0.15    1.41
 -97616.681    38.890    -1.07    1.32
 -97329.371    38.743    -0.51    1.32
 -97042.077    38.574    -0.59    1.33
 -96754.800    38.437    -0.48    1.29
 -96467.538    38.236    -0.70    1.24
 -96180.292    38.151    -0.29    1.25
 -95893.062    38.081    -0.24    1.16
 -95605.848    38.018    -0.22    1.15
 -95318.650    37.949    -0.24    1.10
 -95031.468    37.729    -0.77    1.20
 -94744.302    37.588    -0.49    1.26
 -94457.152    37.482    -0.37    1.28
 -94170.018    37.334    -0.51    1.28
 -93882.900    37.257    -0.27    1.28
 -93595.798    37.250    -0.02    1.21
 -93308.712    37.129    -0.42    1.13
 -93021.641    37.111    -0.06    1.43
 -92734.587    36.979    -0.46    1.46
 -92447.548    36.586    -1.37    1.57
 -92160.526    36.071    -1.79    1.95
 -91873.519    35.314    -2.64    1.91
 -91586.529    34.517    -2.78    1.84
 -91299.554    33.857    -2.30    2.01
 -91012.595    33.214    -2.24    1.89
 -90725.652    32.831    -1.33    1.66
 -90438.725    32.323    -1.77    1.52
 -90151.814    32.134    -0.66    1.38
 -89864.919    31.771    -1.27    1.48
 -89578.040    31.614    -0.55    1.49
 -89291.177    31.514    -0.35    1.59
 -89004.329    31.371    -0.50    1.58
 -88717.498    31.129    -0.85    1.65
 -88430.682    31.008    -0.42    1.70
 -88143.882    30.861    -0.51    1.70
 -87857.098    30.743    -0.41    1.65
 -87570.330    30.265    -1.67    1.35
 -87283.578    29.801    -1.62    1.41
 -86996.842    29.453    -1.21    1.34
 -86710.121    29.366    -0.30    1.28
 -86423.417    29.120    -0.86    1.25
 -86136.728    29.008    -0.39    1.23
 -85850.055    28.949    -0.21    1.18
 -85563.399    28.814    -0.47    1.24
 -85276.757    28.700    -0.40    1.25
 -84990.132    28.757     0.20    1.15
 -84703.523    28.714    -0.15    1.08
 -84416.929    28.742     0.10    1.16
 -84128.095    28.883     0.49    1.24
 -83838.066    28.917     0.12    1.23
 -83548.053    29.067     0.52    1.27
 -83258.057    29.157     0.31    1.02
 -82968.077    29.376     0.76    1.24
 -82678.113    29.757     1.31    1.57
 -82388.165    30.129     1.28    1.68
 -82098.233    30.523     1.36    1.66
 -81808.318    30.685     0.56    1.51
 -81518.420    30.861     0.61    1.48
 -81228.537    30.861     0.00    1.44
 -80938.671    30.629    -0.80    1.31
 -80648.821    30.486    -0.49    1.32
 -80358.987    30.400    -0.30    1.21
 -80069.169    30.278    -0.42    1.22
 -79779.368    30.352     0.25    1.34
 -79489.583    30.449     0.34    1.38
 -79199.814    30.534     0.29    1.37
 -78910.062    30.523    -0.04    1.34
 -78620.326    30.214    -1.06    1.48
 -78330.606    30.071    -0.49    1.42
 -78040.902    29.898    -0.60    1.43
 -77751.214    29.486    -1.42    1.63
 -77461.543    28.758    -2.51    1.92
 -77171.888    28.317    -1.52    2.01
 -76882.249    27.317    -3.45    2.66
 -76592.626    26.086    -4.25    3.41
 -76303.020    24.799    -4.44    3.83
 -76013.430    23.614    -4.09    3.87
 -75723.856    22.557    -3.65    4.07
 -75434.298    21.294    -4.36    3.90
 -75144.756    20.008    -4.44    3.65
 -74855.231    19.449    -1.93    3.65
 -74565.722    18.229    -4.22    3.04
 -74276.229    17.526    -2.43    2.72
 -73986.752    16.855    -2.32    2.30
 -73697.291    16.129    -2.51    2.05
 -73407.847    15.540    -2.03    1.78
 -73118.418    15.257    -0.98    1.56
 -72829.006    14.802    -1.57    1.47
 -72539.610    14.523    -0.97    1.52
 -72250.231    14.395    -0.44    1.51
 -71960.867    14.434     0.14    1.68
 -71671.520    14.250    -0.64    1.61
 -71382.189    14.100    -0.52    1.67
 -71092.873    13.954    -0.50    1.61
 -70803.575    14.029     0.26    1.62
 -70514.292    13.846    -0.63    1.46
 -70225.025    13.861     0.05    1.56
 -69935.775    13.743    -0.41    1.50
 -69646.540    13.644    -0.34    1.54
 -69357.322    13.400    -0.84    1.58
 -69068.120    12.968    -1.49    1.53
 -68778.934    12.569    -1.38    1.50
 -68489.764    12.157    -1.42    1.60
 -68200.611    11.817    -1.18    1.43
 -67911.473    11.598    -0.76    1.42
 -67622.352    11.586    -0.04    1.43
 -67333.246    11.920     1.16    1.59
 -67044.157    12.497     1.99    2.03
 -66755.084    13.419     3.19    2.72
 -66466.027    14.640     4.23    3.11
 -66176.986    15.814     4.06    3.22
 -65887.961    17.111     4.49    3.29
 -65598.953    18.279     4.04    3.03
 -65309.960    19.543     4.37    2.61
 -65020.984    20.660     3.87    1.97
 -64732.023    21.453     2.74    1.83
 -64443.079    21.786     1.15    1.52
 -64154.151    22.243     1.58    1.50
 -63865.239    22.686     1.53    1.75
 -63576.342    22.905     0.76    1.74
 -63287.462    22.957     0.18    1.75
 -62998.598    22.986     0.10    1.85
 -62709.751    22.798    -0.65    2.06
 -62420.919    22.236    -1.95    2.37
 -62132.103    21.629    -2.10    2.42
 -61843.303    20.684    -3.27    2.35
 -61554.520    19.886    -2.77    2.24
 -61265.752    19.067    -2.84    2.24
 -60977.000    17.800    -4.39    2.34
 -60688.265    16.843    -3.32    2.51
 -60399.545    15.770    -3.72    2.68
 -60110.842    14.588    -4.10    2.71
 -59822.154    13.482    -3.83    2.80
 -59533.483    11.817    -5.77    3.05
 -59244.828    10.596    -4.23    2.88
 -58956.188     9.714    -3.06    2.91
 -58667.565     8.400    -4.55    2.62
 -58378.958     7.386    -3.51    2.23
 -58090.366     6.659    -2.52    2.02
 -57801.791     5.926    -2.54    1.79
 -57513.232     5.424    -1.74    1.82
 -57224.689     5.081    -1.19    1.68
 -56936.161     4.699    -1.33    1.55
 -56647.650     4.192    -1.76    2.08
 -56359.155     3.329    -2.99    2.70
 -56070.675     2.486    -2.92    3.09
 -55782.212     1.757    -2.53    3.16
 -55493.765     1.057    -2.43    3.25
 -55205.333     0.331    -2.52    2.87
 -54916.918    -0.139    -1.63    2.63
 -54628.519    -0.391    -0.87    2.42
 -54340.135    -0.445    -0.19    2.31
 -54051.768    -0.114     1.15    2.51
 -53763.416    -0.214    -0.34    2.38
 -53475.081    -0.074     0.48    2.39
 -53186.761    -0.171    -0.34    2.25
 -52898.458     0.096     0.93    2.47
 -52610.170     0.346     0.87    2.44
 -52321.898     0.311    -0.12    2.52
 -52033.642     0.300    -0.04    2.33
 -51745.403     0.314     0.05    2.28
 -51457.179     0.460     0.51    2.47
 -51168.971     0.300    -0.55    2.45
 -50880.779     0.214    -0.30    2.59
 -50592.603     0.400     0.65    2.61
 -50304.442     0.581     0.63    2.60
 -50016.298     0.579    -0.01    2.61
 -49728.170     0.900     1.11    2.57
 -49440.057     1.271     1.29    2.32
 -49151.961     1.982     2.47    1.63
 -48863.880     2.109     0.44    1.48
 -48575.816     2.100    -0.03    1.59
 -48287.767     2.206     0.37    1.66
 -47999.734     2.331     0.44    1.53
 -47711.717     2.206    -0.44    1.43
 -47423.716     2.171    -0.12    1.50
 -47135.731     2.157    -0.05    1.53
 -46847.762     2.184     0.09    1.41
 -46559.808     2.151    -0.12    1.31
 -46271.871     1.843    -1.07    1.29
 -45983.949     1.833    -0.03    1.37
 -45696.043     1.684    -0.52    1.44
 -45408.153     1.788     0.36    1.62
 -45120.279     1.743    -0.16    1.60
 -44832.421     1.500    -0.84    1.70
 -44544.579     1.376    -0.43    1.80
 -44256.752     1.193    -0.63    1.80
 -43968.942     0.957    -0.82    1.80
 -43681.147     0.699    -0.90    1.51
 -43393.368     0.596    -0.36    1.58
 -43105.605     0.611     0.05    1.49
 -42817.858     0.629     0.06    1.48
 -42530.126     0.614    -0.05    1.35
 -42242.411     0.526    -0.31    1.33
 -41954.711     0.560     0.12    1.25
 -41667.027     0.671     0.39    1.25
 -41379.359     0.758     0.30    1.21
 -41091.707     0.831     0.25    1.19
 -40804.071     0.905     0.26    1.12
 -40516.450     0.871    -0.12    1.17
 -40228.845     0.843    -0.10    1.17
 -39941.257     0.844     0.01    1.24
 -39653.683     0.954     0.38    1.21
 -39366.126     0.743    -0.73    1.15
 -39078.585     0.923     0.63    1.25
 -38791.059     0.890    -0.11    1.33
 -38503.549     0.920     0.10    1.33
 -38216.055     0.800    -0.42    1.54
 -37928.576     0.600    -0.70    1.66
 -37641.114     0.686     0.30    1.76
 -37353.667     0.529    -0.55    1.85
 -37066.236     0.500    -0.10    1.88
 -36778.821     0.609     0.38    1.80
 -36491.421     0.699     0.31    1.81
 -36204.038     0.714     0.05    1.77
 -35916.670     0.686    -0.10    1.79
 -35629.318     0.557    -0.45    1.81
 -35341.981     0.743     0.65    1.84
 -35054.661     1.062     1.11    1.64
 -34767.356     1.343     0.98    1.42
 -34480.067     1.552     0.73    1.39
 -34192.793     1.729     0.61    1.21
 -33905.536     1.714    -0.05    1.16
 -33618.294     1.700    -0.05    1.19
 -33331.068     1.588    -0.39    1.19
 -33043.857     1.540    -0.17    1.29
 -32756.663     1.715     0.61    1.31
 -32469.484     1.714    -0.00    1.37
 -32182.321     1.729     0.05    1.53
 -31895.173     1.787     0.20    1.66
 -31608.041     1.700    -0.30    1.68
 -31320.925     1.714     0.05    1.62
 -31033.825     1.714     0.00    1.80
 -30746.740     1.424    -1.01    1.72
 -30459.672     1.020    -1.41    2.51
 -30172.618     0.457    -1.96    2.84
 -29885.581     0.004    -1.58    2.96
 -29598.559    -0.669    -2.34    3.16
 -29311.553    -0.900    -0.81    2.83
 -29024.562    -0.977    -0.27    2.78
 -28737.588    -0.371     2.11    2.91
 -28450.629     0.243     2.14    2.79
 -28163.685     1.126     3.08    2.41
 -27876.758     1.557     1.50    1.97
 -27589.846     2.105     1.91    1.28
 -27302.949     2.096    -0.03    1.41
 -27016.069     1.975    -0.42    1.44
 -26729.204     2.008     0.12    1.53
 -26442.354     2.029     0.07    1.48
 -26155.521     2.043     0.05    1.45
 -25868.703     2.020    -0.08    1.39
 -25581.900     2.086     0.23    1.20
 -25295.114     2.143     0.20    1.10
 -25008.343     2.302     0.56    1.18
 -24721.587     2.207    -0.33    1.34
 -24434.847     2.376     0.59    1.69
 -24148.123     2.250    -0.44    1.89
 -23861.415     1.954    -1.03    2.21
 -23574.722     1.659    -1.03    2.28
 -23288.045     1.357    -1.05    2.38
 -23001.383     1.257    -0.35    2.46
 -22714.737     1.319     0.22    2.44
 -22428.107     1.415     0.33    2.24
 -22140.824     1.905     1.71    2.12
 -21850.797     2.497     2.04    1.75
 -21560.786     2.757     0.90    1.71
 -21270.791     3.270     1.77    1.42
 -20980.812     3.757     1.68    1.59
 -20690.849     3.931     0.60    1.61
 -20400.902     4.012     0.28    1.59
 -20110.972     4.258     0.85    1.86
 -19821.057     4.420     0.56    1.91
 -19531.158     4.390    -0.10    1.58
 -19241.275     4.424     0.12    1.47
 -18951.409     4.700     0.95    1.77
 -18661.558     5.014     1.08    2.25
 -18371.724     5.773     2.62    2.63
 -18081.905     6.460     2.37    3.61
 -17792.102     6.183    -0.96    3.87
 -17502.316     5.771    -1.42    4.40
 -17212.545     5.471    -1.04    4.55
 -16922.791     5.171    -1.04    4.59
 -16633.052     4.843    -1.13    4.67
 -16343.330     4.236    -2.10    4.61
 -16053.623     3.699    -1.85    4.35
 -15763.933     2.848    -2.94    4.16
 -15474.258     2.105    -2.56    3.73
 -15184.599     1.265    -2.90    3.26
 -14894.957     0.613    -2.25    2.36
 -14605.330     0.143    -1.62    1.42
 -14315.720     0.243     0.35    1.55
 -14026.125     0.445     0.70    1.71
 -13736.546     0.979     1.84    2.22
 -13446.984     1.699     2.49    2.51
 -13157.437     2.400     2.42    2.70
 -12867.906     3.114     2.47    2.57
 -12578.391     3.787     2.32    2.34
 -12288.893     3.989     0.70    2.55
 -11999.410     4.453     1.60    2.36
 -11709.943     4.441    -0.04    2.62
 -11420.492     4.449     0.03    2.55
 -11131.057     4.376    -0.25    2.61
 -10841.638     4.419     0.15    2.67
 -10552.234     4.602     0.63    2.18
 -10262.847     4.514    -0.30    2.17
  -9973.476     4.308    -0.71    2.10
  -9684.121     4.281    -0.09    1.72
  -9394.781     4.198    -0.29    1.54
  -9105.458     4.258     0.21    1.54
  -8816.150     4.323     0.22    1.61
  -8526.858     4.271    -0.18    1.71
  -8237.583     4.574     1.04    1.84
  -7948.323     4.814     0.83    1.86
  -7659.079     5.052     0.82    1.93
  -7369.851     5.505     1.56    2.23
  -7080.639     5.863     1.24    2.60
  -6791.442     5.714    -0.51    3.03
  -6502.262     5.586    -0.44    3.05
  -6213.098     5.658     0.25    3.74
  -5923.949     5.671     0.05    3.88
  -5634.816     5.613    -0.20    4.06
  -5345.699     5.023    -2.04    3.95
  -5056.599     4.802    -0.76    3.92
  -4767.513     5.072     0.93    3.99
  -4478.444     4.975    -0.34    4.05
  -4189.391     5.178     0.70    3.94
  -3900.353     5.201     0.08    4.22
  -3611.332     5.419     0.75    4.48
  -3322.326     5.772     1.22    4.58
  -3033.336     5.979     0.71    5.04
  -2744.362     5.803    -0.61    5.09
  -2455.404     5.471    -1.15    4.95
  -2166.462     5.514     0.15    5.23
  -1877.535     5.134    -1.31    5.52
  -1588.625     4.372    -2.64    5.43
  -1299.730     3.657    -2.48    5.37
  -1010.851     3.214    -1.53    5.21
   -721.988     2.596    -2.14    5.29
   -433.140     2.057    -1.87    5.24
   -144.309     1.004    -3.65    4.09
    144.507    -0.229    -4.27    0.36
    433.307    -0.271    -0.15    0.00
    722.091     0.014     0.99    1.42
   1010.859    -0.007    -0.07    1.18
   1299.611     0.311     1.10    1.58
   1588.348     0.714     1.40    2.05
   1877.069     1.346     2.19    2.61
   2165.774     1.888     1.88    3.13
   2454.463     2.497     2.11    3.25
   2743.137     3.062     1.96    3.45
   3031.794     3.163     0.35    3.53
   3320.436     3.497     1.15    3.76
   3609.062     4.037     1.87    3.96
   3897.673     4.023    -0.05    3.95
   4186.267     3.964    -0.20    3.84
   4474.846     3.934    -0.10    3.81
   4763.409     4.178     0.84    3.68
   5051.956     4.163    -0.05    3.55
   5340.488     3.900    -0.91    3.21
   5629.003     3.957     0.20    2.76
   5917.503     4.096     0.48    2.76
   6205.987     4.355     0.90    2.74
   6494.456     4.184    -0.59    2.79
   6782.908     4.221     0.13    2.71
   7071.345     4.250     0.10    2.71
   7359.767     4.171    -0.27    2.77
   7648.172     4.186     0.05    2.84
   7936.562     3.890    -1.02    2.75
   8224.936     4.037     0.51    2.45
   8513.294     4.037     0.00    2.38
   8801.637     4.171     0.46    2.29
   9089.963     4.109    -0.22    2.19
   9378.275     3.993    -0.40    2.11
   9666.570     4.029     0.12    2.10
   9954.850     3.989    -0.14    2.01
  10243.114     4.062     0.25    2.13
  10531.362     3.846    -0.75    2.04
  10819.594     3.534    -1.08    2.15
  11107.811     3.457    -0.27    2.17
  11396.012     3.602     0.50    1.94
  11684.198     3.598    -0.01    2.02
  11972.368     3.352    -0.85    1.99
  12260.522     3.199    -0.53    2.17
  12548.660     3.400     0.70    2.36
  12836.783     3.655     0.88    2.77
  13124.890     3.685     0.10    3.04
  13412.981     3.514    -0.59    3.36
  13701.057     3.186    -1.14    3.59
  13989.117     2.857    -1.14    3.69
  14277.161     1.979    -3.05    3.29
  14565.190     1.281    -2.42    2.96
  14853.203     0.609    -2.33    2.32
  15141.200     0.214    -1.37    1.92
  15429.182    -0.036    -0.87    1.40
  15717.148     0.200     0.82    1.91
  16005.098     0.771     1.98    2.49
  16293.033     1.243     1.64    2.75
  16580.952     1.685     1.54    2.82
  16868.856     1.908     0.77    2.69
  17156.744     2.449     1.88    2.75
  17444.616     2.640     0.66    2.76
  17732.472     3.184     1.89    2.79
  18020.313     3.386     0.70    2.83
  18308.139     3.743     1.24    2.87
  18595.948     4.179     1.52    2.81
  18883.743     4.873     2.41    3.00
  19171.521     5.529     2.28    2.88
  19459.284     6.229     2.43    2.82
  19747.031     6.684     1.58    2.79
  20034.763     6.657    -0.09    2.58
  20322.479     6.586    -0.25    2.63
  20610.179     6.207    -1.32    2.67
  20897.864     5.643    -1.96    2.52
  21185.534     5.171    -1.64    2.41
  21473.187     4.699    -1.64    1.86
  21760.825     4.626    -0.25    1.70
  22048.448     4.385    -0.84    1.82
  22336.055     4.200    -0.64    1.82
  22623.646     4.114    -0.30    1.66
  22911.222     4.131     0.06    1.55
  23198.782     4.357     0.78    1.51
  23486.327     4.265    -0.32    1.66
  23773.856     4.335     0.24    1.85
  24061.370     4.537     0.71    2.01
  24348.868     4.669     0.46    1.95
  24636.350     4.971     1.05    1.99
  24923.817     5.329     1.24    2.19
  25211.268     5.743     1.44    1.74
  25498.704     5.888     0.50    1.61
  25786.124     5.989     0.35    1.54
  26073.529     5.773    -0.75    1.79
  26360.918     5.493    -0.97    2.01
  26648.292     5.047    -1.55    2.14
  26935.650     4.627    -1.46    2.16
  27222.993     4.018    -2.12    2.40
  27510.320     3.946    -0.25    2.42
  27797.631     4.192     0.86    2.39
  28084.927     4.346     0.54    2.30
  28372.208     4.434     0.31    2.18
  28659.473     4.655     0.77    2.17
  28946.722     4.549    -0.37    1.98
  29233.956     4.700     0.52    1.99
  29521.175     4.743     0.15    1.96
  29808.378     4.671    -0.25    1.74
  30095.565     4.786     0.40    1.60
  30382.737     5.087     1.05    1.60
  30669.894     5.611     1.83    1.76
  30957.035     5.668     0.20    1.82
  31244.160     5.893     0.78    1.87
  31531.270     5.960     0.24    2.02
  31818.365     6.352     1.36    2.08
  32105.444     6.700     1.21    2.30
  32392.508     6.743     0.15    2.22
  32679.556     6.655    -0.31    2.34
  32966.588     6.699     0.15    2.27
  33253.606     6.577    -0.43    2.16
  33540.607     6.456    -0.42    2.30
  33827.594     6.047    -1.42    2.25
  34114.565     5.714    -1.16    2.11
  34401.520     5.576    -0.48    1.72
  34688.460     5.543    -0.11    1.64
  34975.385     5.900     1.24    1.75
  35262.294     6.170     0.94    1.94
  35549.187     6.361     0.67    2.07
  35836.066     6.567     0.72    2.22
  36122.928     7.171     2.11    2.48
  36409.776     7.757     2.04    2.68
  36696.608     8.151     1.37    2.72
  36983.424     8.429     0.97    2.98
  37270.225     9.014     2.04    2.75
  37557.011     9.405     1.36    2.33
  37843.781     9.581     0.62    2.15
  38130.536     9.596     0.05    2.16
  38417.275     9.468    -0.45    2.28
  38704.000     8.954    -1.79    2.02
  38990.708     8.673    -0.98    2.14
  39277.401     8.627    -0.16    2.20
  39564.079     8.371    -0.89    2.13
  39850.742     8.259    -0.39    2.02
  40139.909     8.206    -0.18    1.78
  40429.911     8.655     1.55    2.08
  40719.898     8.611    -0.15    2.51
  41009.868     8.714     0.36    2.41
  41299.823     8.743     0.10    2.46
  41589.762     8.857     0.39    2.38
  41879.686     8.352    -1.74    2.71
  42169.593     8.311    -0.14    2.76
  42459.485     8.304    -0.02    2.96
  42749.361     8.258    -0.16    3.08
  43039.221     8.424     0.57    3.03
  43329.066     8.390    -0.12    2.99
  43618.894     8.471     0.28    2.85
  43908.707     8.786     1.09    2.25
  44198.504     8.537    -0.86    1.67
  44488.285     8.445    -0.32    1.62
  44778.051     8.335    -0.38    1.60
  45067.801     8.243    -0.32    1.59
  45357.535     8.140    -0.35    1.63
  45647.253     7.673    -1.61    1.68
  45936.955     7.569    -0.36    1.51
  46226.642     7.311    -0.89    1.49
  46516.313     7.052    -0.89    1.33
  46805.968     7.096     0.15    1.43
  47095.607     6.975    -0.42    1.42
  47385.231     6.743    -0.80    1.52
  47674.839     6.757     0.05    1.53
  47964.431     6.453    -1.05    1.50
  48254.008     6.361    -0.32    1.48
  48543.568     6.229    -0.46    1.45
  48833.113     6.281     0.18    1.42
  49122.643     6.317     0.12    1.44
  49412.156     6.214    -0.36    1.39
  49701.654     6.323     0.38    1.56
  49991.136     6.300    -0.08    1.55
  50280.603     6.361     0.21    1.59
  50570.054     6.415     0.19    1.65
  50859.489     6.655     0.83    1.77
  51148.908     6.848     0.67    1.60
  51438.311     6.929     0.28    1.50
  51727.699     7.038     0.38    1.48
  52017.072     6.960    -0.27    1.50
  52306.428     7.134     0.60    1.45
  52595.769     7.161     0.09    1.44
  52885.094     7.168     0.02    1.66
  53174.404     7.273     0.36    1.70
  53463.697     7.415     0.49    1.73
  53752.976     7.243    -0.60    1.65
  54042.238     7.157    -0.30    1.61
  54331.485     6.931    -0.78    1.57
  54620.716     6.986     0.19    1.32
  54909.931     6.986     0.00    1.26
  55199.131     7.087     0.35    1.29
  55488.315     7.122     0.12    1.20
  55777.484     7.314     0.66    1.21
  56066.637     7.312    -0.01    1.29
  56355.774     7.337     0.09    1.20
  56644.895     7.414     0.27    1.27
  56934.001     7.508     0.32    1.38
  57223.092     7.420    -0.31    1.35
  57512.166     7.405    -0.05    1.41
  57801.225     7.186    -0.76    1.51
  58090.269     7.357     0.59    1.49
  58379.296     7.395     0.13    1.44
  58668.309     7.308    -0.30    1.48
  58957.305     7.281    -0.10    1.45
  59246.286     7.229    -0.18    1.49
  59535.251     7.304     0.26    1.43
  59824.201     7.352     0.16    1.34
  60113.135     7.178    -0.60    1.25
  60402.054     7.114    -0.22    1.20
  60690.957     7.200     0.30    1.25
  60979.844     7.221     0.07    1.16
  61268.715     7.317     0.33    1.11
  61557.572     7.213    -0.36    1.19
  61846.412     7.102    -0.39    1.13
  62135.237     7.033    -0.24    1.22
  62424.046     7.047     0.05    1.28
  62712.840     7.081     0.12    1.33
  63001.618     7.193     0.39    1.38
  63290.381     7.302     0.38    1.44
  63579.128     7.464     0.56    1.42
  63867.860     7.449    -0.05    1.31
  64156.576     7.355    -0.32    1.28
  64445.276     7.137    -0.76    1.19
  64733.961     7.076    -0.21    1.17
  65022.630     7.131     0.19    1.19
  65311.284     7.287     0.54    1.14
  65599.922     7.259    -0.10    1.18
  65888.544     7.449     0.66    1.18
  66177.152     7.579     0.45    1.09
  66465.743     7.685     0.37    1.19
  66754.319     7.814     0.45    1.19
  67042.880     8.000     0.64    1.25
  67331.425     7.975    -0.09    1.23
  67619.954     7.937    -0.13    1.41
  67908.468     7.979     0.14    1.44
  68196.966     7.971    -0.03    1.40
  68485.449     8.072     0.35    1.40
  68773.917     8.111     0.14    1.39
  69062.368     8.323     0.73    1.38
  69350.805     8.278    -0.16    1.37
  69639.226     8.314     0.13    1.28
  69927.631     8.370     0.19    1.31
  70216.021     8.317    -0.19    1.19
  70504.395     8.460     0.50    1.24
  70792.754     8.500     0.14    1.21
  71081.097     8.486    -0.05    1.17
  71369.425     8.684     0.69    1.04
  71657.738     8.729     0.16    1.15
  71946.035     8.757     0.10    1.19
  72234.316     8.654    -0.36    1.21
  72522.582     8.523    -0.46    1.37
  72810.833     8.699     0.61    1.35
  73099.068     8.526    -0.60    1.36
  73387.287     8.468    -0.20    1.29
  73675.491     8.526     0.20    1.30
  73963.680     8.699     0.60    1.39
  74251.853     8.787     0.31    1.33
  74540.011     8.993     0.71    1.46
  74828.153     8.971    -0.08    1.45
  75116.280     8.934    -0.13    1.41
  75404.392     8.964     0.10    1.48
  75692.488     9.117     0.53    1.54
  75980.568     8.857    -0.90    1.53
  76268.633     8.686    -0.60    1.42
  76556.683     8.818     0.46    1.43
  76844.717     8.758    -0.21    1.34
  77132.736     8.865     0.37    1.33
  77420.739     8.943     0.27    1.35
  77708.727     9.014     0.25    1.30
  77996.700     9.191     0.61    1.37
  78284.657     9.221     0.10    1.36
  78572.599     9.424     0.70    1.36
  78860.525     9.653     0.79    1.34
  79148.436     9.714     0.21    1.33
  79436.332     9.890     0.61    1.32
  79724.212     9.931     0.14    1.37
  80012.077     9.975     0.15    1.33
  80299.926     9.857    -0.41    1.30
  80587.760     9.670    -0.65    1.34
  80875.579     9.493    -0.61    1.33
  81163.382     9.449    -0.15    1.47
  81451.170     9.425    -0.08    1.45
  81738.942     9.355    -0.24    1.48
  82026.700     9.243    -0.39    1.43
  82314.441     9.287     0.15    1.40
  82602.168     9.137    -0.52    1.25
  82889.879     9.200     0.22    1.25
  83177.574     9.258     0.20    1.25
  83465.255     9.287     0.10    1.16
  83752.920     9.456     0.59    1.17
  84040.569     9.445    -0.04    1.19
  84328.203     9.257    -0.65    1.09
  84615.822     9.415     0.55    1.14
  84903.426     9.447     0.11    1.12
  85191.014     9.627     0.63    1.29
  85478.587     9.639     0.04    1.30
  85766.145     9.743     0.36    1.19
  86053.687     9.876     0.46    1.25
  86341.214     9.946     0.24    1.28
  86628.725     9.914    -0.11    1.30
  86916.222     9.871    -0.15    1.37
  87203.703     9.616    -0.89    1.43
  87491.168     9.511    -0.36    1.55
  87778.618     9.331    -0.62    1.66
  88066.053     9.122    -0.73    1.75
  88353.473     8.880    -0.84    1.85
  88640.878     8.859    -0.07    1.86
  88928.267     8.758    -0.35    1.86
  89215.641     8.714    -0.15    1.65
  89502.999     8.986     0.94    1.62
  89790.342     9.018     0.11    1.50
  90077.670     8.993    -0.09    1.09
  90364.983     9.126     0.46    1.31
  90652.280     9.385     0.90    1.37
  90939.562     9.743     1.24    1.45
  91226.829    10.105     1.26    1.46
  91514.081    10.314     0.73    1.47
  91801.317    10.627     1.09    1.30
  92088.538    10.700     0.25    1.15
  92375.744    10.714     0.05    1.23
  92662.934    10.552    -0.56    1.12
  92950.110    10.449    -0.36    1.22
  93237.270    10.453     0.01    1.27
  93524.414    10.439    -0.05    1.34
  93811.544    10.489     0.18    1.31
  94098.658    10.424    -0.23    1.22
  94385.757    10.337    -0.30    1.07
  94672.841    10.410     0.25    1.01
  94959.909    10.562     0.53    1.05
  95246.963    10.640     0.27    1.00
  95534.001    10.714     0.26    1.04
  95821.024    10.829     0.40    0.99
  96108.031    10.929     0.35    0.94
  96395.024    11.029     0.35    0.97
  96682.001    10.989    -0.14    0.87
  96968.963    11.012     0.08    0.95
  97255.910    11.126     0.40    1.02
  97542.841    11.138     0.04    1.05
  97829.758    11.207     0.24    1.07
  98116.659    11.165    -0.15    1.13
  98403.545    11.042    -0.43    1.10
  98690.415    11.086     0.15    1.12
  98977.271    11.129     0.15    1.18
  99264.111    11.251     0.43    1.17
  99550.937    11.155    -0.33    1.20
  99837.747    11.206     0.18    1.16
 100124.541    11.257     0.18    1.13
 100411.321    11.286     0.10    1.24
 100698.086    11.355     0.24    1.14
 100984.835    11.493     0.48    1.25
 101271.569    11.464    -0.10    1.20
 101558.288    11.684     0.77    1.25
 101844.992    11.670    -0.05    1.16
 102132.694    11.878     0.72    1.14
 102422.694    11.975     0.33    1.13
 102712.679    12.207     0.80    1.15
 103002.648    12.424     0.75    1.15
 103292.602    12.395    -0.10    1.12
 103582.540    12.365    -0.10    1.16
 103872.462    12.214    -0.52    1.24
 104162.369    12.213    -0.00    1.23
 104452.260    12.071    -0.49    1.17
 104742.136    12.004    -0.23    1.20
 105031.996    11.949    -0.19    1.12
 105321.841    11.949     0.00    1.12
 105611.670    11.786    -0.56    1.08
 105901.483    11.759    -0.10    1.12
 106191.281    11.787     0.10    1.26
 106481.064    11.833     0.16    1.22
 106770.831    11.929     0.33    1.31
 107060.582    12.029     0.35    1.39
 107350.318    12.076     0.17    1.30
 107640.038    11.957    -0.41    1.45
 107929.743    11.863    -0.33    1.39
 108219.432    11.905     0.15    1.34
 108509.106    11.878    -0.09    1.29
 108798.765    12.091     0.74    1.33
 109088.407    12.271     0.62    1.29
 109378.035    12.613     1.18    1.45
 109667.646    12.757     0.50    1.35
 109957.243    13.072     1.09    1.39
 110246.824    13.198     0.44    1.46
 110536.389    13.287     0.31    1.55
 110825.939    12.830    -1.58    1.71
 111115.473    12.685    -0.50    1.67
 111404.992    12.257    -1.48    1.69
 111694.495    12.076    -0.62    1.64
 111983.983    11.920    -0.54    1.51
 112273.456    11.971     0.18    1.50
 112562.913    12.153     0.63    1.48
 112852.354    12.508     1.23    1.57
 113141.780    12.773     0.91    1.54
 113431.191    12.996     0.77    1.48
 113720.586    13.129     0.46    1.48
 114009.965    13.161     0.11    1.48
 114299.330    13.346     0.64    1.65
 114588.678    13.905     1.93    2.21
 114878.012    14.091     0.64    2.38
 115167.330    14.314     0.77    2.46
 115456.632    14.614     1.04    2.43
 115745.919    14.830     0.75    2.24
 116035.191    14.908     0.27    2.07
 116324.447    14.699    -0.72    1.54
 116613.688    14.456    -0.84    1.67
 116902.913    14.251    -0.71    1.66
 117192.123    14.087    -0.57    1.46
 117481.317    13.876    -0.73    1.28
 117770.496    13.814    -0.21    1.39
 118059.660    13.643    -0.59    1.37
 118348.808    13.698     0.19    1.41
 118637.941    13.876     0.61    1.55
 118927.058    13.803    -0.25    1.69
 119216.160    13.934     0.45    1.84
 119505.247    14.352     1.44    2.09
 119794.318    14.236    -0.40    2.03
 120083.374    14.140    -0.33    1.73
 120372.414    14.081    -0.20    1.53
 120661.440    13.905    -0.61    1.43
 120950.449    13.863    -0.15    1.37
 121239.444    13.626    -0.82    1.27
 121528.422    13.581    -0.15    1.16
 121817.386    13.819     0.82    1.11
 122106.334    13.900     0.28    1.10
 122395.267    13.917     0.06    1.09
 122684.185    13.865    -0.18    1.09
 122973.087    13.979     0.39    1.14
 123261.973    14.012     0.12    1.08
 123550.845    13.943    -0.24    1.13
 123839.701    14.100     0.54    1.14
 124128.542    14.163     0.22    1.17
 124417.367    14.155    -0.03    1.27
 124706.177    14.161     0.02    1.22
 124994.972    14.117    -0.16    1.21
 125283.751    14.057    -0.21    1.16
 125572.515    14.072     0.05    1.20
 125861.264    13.957    -0.40    1.23
 126149.997    13.873    -0.29    1.17
 126438.715    13.700    -0.60    1.04
 126727.418    13.714     0.05    1.02
 127016.105    13.729     0.05    0.92
 127304.778    13.714    -0.05    0.94
 127593.434    13.831     0.41    0.88
 127882.076    13.771    -0.21    0.98
 128170.702    13.954     0.63    0.91
 128459.313    13.861    -0.32    1.08
 128747.908    13.975     0.40    1.17
 129036.489    13.925    -0.17    1.22
 129325.054    13.895    -0.11    1.27
 129613.603    14.111     0.75    1.25
 129902.138    14.370     0.90    1.36
 130190.657    14.323    -0.16    1.49
 130479.161    14.482     0.55    1.47
 130767.649    14.433    -0.17    1.40
 131056.123    14.505     0.25    1.42
 131344.581    14.581     0.27    1.44
 131633.024    14.508    -0.25    1.38
 131921.451    14.714     0.71    1.19
 132209.863    14.757     0.15    1.18
 132498.260    14.785     0.10    1.27
 132786.642    15.018     0.81    1.11
 133075.009    15.052     0.12    1.14
 133363.360    15.274     0.77    1.28
 133651.696    15.259    -0.05    1.41
 133940.017    15.567     1.07    1.49
 134228.322    15.818     0.87    1.44
 134516.612    16.149     1.15    1.56
 134804.887    16.514     1.27    1.69
 135093.147    16.600     0.30    1.60
 135381.392    16.787     0.65    1.43
 135669.621    16.669    -0.41    1.49
 135957.835    16.567    -0.35    1.45
 136246.034    16.497    -0.24    1.50
 136534.218    16.129    -1.28    1.32
 136822.386    16.081    -0.17    1.35
 137110.539    15.989    -0.32    1.31
 137398.678    16.023     0.12    1.32
 137686.800    16.098     0.26    1.40
 137974.908    16.077    -0.07    1.48
 138263.000    15.979    -0.34    1.50
 138551.078    15.774    -0.71    1.55
 138839.140    15.814     0.14    1.43
 139127.187    15.957     0.50    1.43
 139415.218    15.700    -0.89    1.20
 139703.235    15.729     0.10    1.03
 139991.236    15.714    -0.05    1.21
 140279.222    15.743     0.10    1.17
 140567.193    15.789     0.16    1.20
 140855.149    15.846     0.20    1.26
 141143.090    15.986     0.48    1.27
 141431.015    16.214     0.79    1.42
 141718.926    16.250     0.13    1.35
 142006.821    16.471     0.77    1.27
 142294.701    16.441    -0.11    1.36
 142582.566    16.273    -0.58    1.39
 142870.415    16.072    -0.70    1.29
 143158.250    16.004    -0.24    1.37
 143446.069    15.814    -0.66    1.34
 143733.873    15.786    -0.10    1.42
 144021.663    15.902     0.41    1.42
 144309.437    15.982     0.28    1.30
 144597.195    15.934    -0.17    1.31
 144884.939    16.138     0.71    1.31
 145172.668    16.149     0.04    1.32
 145460.381    16.265     0.40    1.33
 145748.080    16.380     0.40    1.16
 146035.763    16.357    -0.08    1.19
 146323.431    16.395     0.13    1.24
 146611.084    16.335    -0.21    1.23
 146898.722    16.449     0.40    1.35
 147186.345    16.654     0.71    1.32
 147473.952    16.729     0.26    1.29
 147761.545    16.786     0.20    1.35
 148049.122    16.960     0.60    1.52
 148336.685    17.405     1.55    2.22
 148624.232    17.505     0.35    2.19
 148911.764    17.670     0.57    2.20
 149199.282    17.863     0.67    2.15
 149486.784    17.890     0.10    2.13
 149774.271    17.861    -0.10    2.14
 150061.742    17.699    -0.56    1.83
 150349.199    17.543    -0.54    1.35
 150636.641    17.314    -0.80    1.32
 150924.068    17.355     0.14    1.27
 151211.479    17.376     0.07    1.26
 151498.876    17.460     0.29    1.27
 151786.257    17.376    -0.29    1.26
 152073.624    17.500     0.43    1.37
 152360.975    17.511     0.04    1.29
 152648.312    17.569     0.20    1.30
 152935.633    17.490    -0.28    1.19
 153222.939    17.460    -0.10    1.25
 153510.231    17.501     0.14    1.17
 153797.507    17.549     0.17    1.19
 154084.768    17.482    -0.23    1.09
 154372.014    17.596     0.40    1.13
 154659.245    17.729     0.46    0.98
 154946.461    17.771     0.15    1.00
 155233.662    17.670    -0.35    0.93
 155520.848    17.611    -0.20    0.94
 155808.019    17.505    -0.37    1.01
 156095.175    17.355    -0.52    0.92
 156382.316    17.314    -0.14    0.89
 156669.442    17.287    -0.09    0.92
 156956.553    17.348     0.21    0.88
 157243.649    17.405     0.20    1.00
 157530.730    17.385    -0.07    0.95
 157817.796    17.456     0.25    0.92
 158104.847    17.605     0.52    1.04
 158391.883    17.670     0.22    1.05
 158678.904    17.846     0.61    1.02
 158965.910    17.841    -0.02    1.05
 159252.901    17.873     0.11    1.09
 159539.877    17.801    -0.25    1.09
 159826.839    17.831     0.11    1.11
 160113.785    17.804    -0.09    1.11
 160400.716    17.905     0.35    1.26
 160687.632    17.878    -0.09    1.12
 160974.533    17.989     0.39    1.12
 161261.420    18.000     0.04    1.10
 161548.291    17.934    -0.23    0.99
 161835.147    17.902    -0.11    0.80
 162121.989    18.016     0.40    0.89
 162408.815    18.016     0.00    0.89
 162695.627    18.023     0.02    0.92
 162982.423    18.047     0.08    0.91
 163269.205    18.052     0.02    0.91
 163555.972    18.129     0.27    0.94
 163842.723    18.076    -0.18    0.92
 164129.460    18.206     0.45    0.96
 164419.030    18.190    -0.06    1.43
 164709.006    17.861    -1.14    1.89
 164998.966    17.452    -1.41    2.30
 165288.911    17.033    -1.44    2.55
 165578.840    16.443    -2.03    2.94
 165868.754    16.096    -1.20    3.13
 166158.653    15.640    -1.57    3.13
 166448.536    15.129    -1.77    3.27
 166738.404    14.835    -1.01    3.50
 167028.257    14.449    -1.33    3.30
 167318.095    13.971    -1.65    2.74
 167607.917    13.511    -1.59    2.36
 167897.724    12.888    -2.15    1.56
 168187.516    12.943     0.19    1.45
 168477.292    12.876    -0.23    1.42
 168767.053    12.854    -0.08    1.44
 169056.799    12.787    -0.23    1.44
 169346.529    12.989     0.70    1.31
 169636.244    13.120     0.45    1.10
 169925.944    13.024    -0.33    1.11
 170215.629    12.873    -0.52    1.19
 170505.298    12.729    -0.50    1.27
 170794.953    12.577    -0.52    1.28
 171084.591    12.467    -0.38    1.25
 171374.215    12.199    -0.92    1.18
 171663.823    12.037    -0.56    1.31
 171953.417    12.048     0.04    1.39
 172242.994    12.029    -0.07    1.44
 172532.557    12.076     0.17    1.54
 172822.104    11.861    -0.74    1.65
 173111.636    11.908     0.16    1.65
 173401.153    12.111     0.70    1.68
 173690.655    12.642     1.83    1.52
 173980.141    12.957     1.09    1.31
 174269.613    13.221     0.91    1.01
 174559.068    13.365     0.50    0.89
 174848.509    13.390     0.09    0.96
 175137.935    13.213    -0.61    0.92
 175427.345    13.077    -0.47    0.97
 175716.740    12.949    -0.44    1.01
 176006.120    12.848    -0.35    1.05
 176295.484    12.800    -0.17    1.12
 176584.834    12.699    -0.35    1.05
 176874.168    12.668    -0.11    0.99
 177163.487    12.684     0.06    0.98
 177452.791    12.758     0.26    1.00
 177742.080    12.758    -0.00    0.96
 178031.353    12.787     0.10    0.93
 178320.611    12.888     0.35    0.96
 178609.854    13.033     0.50    1.00
 178899.082    13.042     0.03    1.06
 179188.295    13.140     0.34    1.10
 179477.493    13.221     0.28    1.17
 179766.675    13.381     0.55    1.14
 180055.842    13.243    -0.48    1.02
 180344.994    13.445     0.70    1.06
 180634.131    13.596     0.52    1.04
 180923.253    13.699     0.36    0.99
 181212.359    13.803     0.36    0.89
 181501.451    13.699    -0.36    0.94
 181790.527    13.639    -0.21    0.92
 182079.588    13.564    -0.26    0.93
 182368.634    13.653     0.31    0.88
 182657.665    13.629    -0.08    0.95
 182946.680    13.639     0.04    0.93
 183235.681    13.653     0.05    1.03
 183524.666    13.743     0.31    1.01
 183813.637    13.818     0.26    0.98
 184102.592    13.934     0.40    0.94
 184391.532    14.200     0.92    1.03
 184680.457    14.346     0.51    0.98
 184969.366    14.439     0.32    1.06
 185258.261    14.289    -0.52    1.19
 185547.141    14.170    -0.41    1.33
 185836.005    14.144    -0.09    1.26
 186124.854    14.023    -0.42    1.22
 186413.689    13.914    -0.38    1.01
 186702.508    13.846    -0.24    0.92
 186991.312    13.952     0.37    0.92
 187280.101    14.175     0.77    0.97
 187568.874    14.229     0.19    0.93
 187857.633    14.331     0.36    0.99
 188146.377    14.452     0.42    1.04
 188435.105    14.526     0.26    1.11
 188723.819    14.700     0.60    1.19
 189012.517    14.829     0.45    1.19
 189301.201    15.023     0.67    1.02
 189589.869    15.082     0.21    1.02
 189878.522    15.258     0.61    0.91
 190167.160    15.317     0.20    0.97
 190455.783    15.264    -0.18    1.07
 190744.391    15.292     0.10    1.12
 191032.984    15.096    -0.68    1.28
 191321.562    14.931    -0.57    1.44
 191610.125    14.759    -0.60    1.56
 191898.673    14.683    -0.26    1.56
 192187.206    14.788     0.36    1.62
 192475.723    15.012     0.78    1.53
 192764.226    15.314     1.05    1.55
 193052.714    15.420     0.37    1.36
 193341.186    15.671     0.87    1.13
 193629.644    15.698     0.09    1.11
 193918.086    15.501    -0.68    1.13
 194206.514    15.331    -0.59    1.17
 194494.926    15.311    -0.07    1.13
 194783.324    15.386     0.26    1.13
 195071.706    15.329    -0.20    1.22
 195360.074    15.178    -0.52    1.27
 195648.426    15.221     0.15    1.22
 195936.764    15.266     0.15    1.23
 196225.086    15.405     0.48    1.30
 196513.394    15.441     0.12    1.17
 196801.686    15.410    -0.11    1.13
 197089.964    15.643     0.81    1.05
 197378.226    15.758     0.40    0.98
 197666.474    15.757    -0.00    0.98
 197954.706    15.682    -0.26    0.94
 198242.924    15.729     0.16    0.99
 198531.126    15.743     0.05    0.91
 198819.314    15.925     0.63    0.95
 199107.486    16.076     0.52    1.00
 199395.644    16.257     0.63    0.91
 199683.786    16.343     0.30    0.89
 199971.914    16.405     0.22    0.91
 200260.027    16.400    -0.02    0.89
 200548.125    16.317    -0.29    0.93
 200836.207    16.117    -0.69    0.90
 201124.275    16.100    -0.06    0.95
 201412.328    16.165     0.23    0.97
 201700.366    16.214     0.17    0.98
 201988.389    16.176    -0.13    0.93
 202276.397    16.296     0.41    0.94
 202564.390    16.335     0.14    1.02
 202852.369    16.370     0.12    1.03
 203140.332    16.441     0.24    1.05
 203428.280    16.445     0.01    1.04
 203716.214    16.508     0.22    1.06
 204004.132    16.543     0.12    1.04
 204292.036    16.670     0.44    1.14
 204579.924    16.789     0.41    1.08
 204867.798    17.023     0.81    1.15
 205155.657    17.161     0.48    1.14
 205443.501    17.265     0.36    1.15
 205731.330    17.381     0.40    1.15
 206019.144    17.415     0.12    1.10
 206306.943    17.449     0.12    1.13
 206594.727    17.486     0.13    1.10
 206882.497    17.611     0.43    1.07
 207170.251    17.713     0.36    0.94
 207457.991    17.699    -0.05    0.93
 207745.716    17.729     0.10    0.95
 208033.426    17.668    -0.21    0.99
 208321.121    17.700     0.11    0.92
 208608.801    17.714     0.05    0.99
 208896.466    17.775     0.21    1.02
 209184.116    17.787     0.04    1.08
 209471.752    17.916     0.45    1.28
 209759.372    17.934     0.06    1.20
 210046.978    18.236     1.05    1.18
 210334.569    18.381     0.50    1.35
 210622.145    18.390     0.03    1.37
 210909.706    18.638     0.86    1.33
 211197.253    18.567    -0.25    1.25
 211484.784    18.544    -0.08    1.18
 211772.301    18.534    -0.03    1.25
 212059.803    18.626     0.32    1.20
 212347.290    18.773     0.51    1.16
 212634.762    18.729    -0.16    1.12
 212922.219    18.846     0.41    1.20
 213209.662    18.986     0.49    1.35
 213497.089    19.077     0.32    1.41
 213784.502    18.986    -0.32    1.45
 214071.900    18.920    -0.23    1.49
 214359.284    18.993     0.26    1.52
 214646.652    19.043     0.17    1.49
 214934.006    18.771    -0.94    1.36
 215221.344    18.729    -0.15    1.37
 215508.668    18.699    -0.10    1.33
 215795.977    18.699    -0.00    1.36
 216083.272    18.669    -0.10    1.28
 216370.551    18.600    -0.24    1.19
 216657.816    18.627     0.09    1.13
 216945.066    18.614    -0.04    1.08
 217232.301    18.684     0.24    1.13
 217519.522    18.713     0.10    1.10
 217806.727    18.668    -0.16    1.12
 218093.918    18.804     0.47    1.24
 218381.094    18.714    -0.32    1.22
 218668.255    18.758     0.15    1.26
 218955.402    18.986     0.79    1.16
 219242.534    19.008     0.08    1.14
 219529.651    19.229     0.77    1.16
 219816.753    19.425     0.69    0.94
 220103.840    19.622     0.69    0.95
 220390.913    19.670     0.16    0.91
 220677.971    19.669    -0.00    0.94
 220965.014    19.643    -0.09    0.91
 221252.043    19.543    -0.35    1.01
 221539.056    19.361    -0.63    1.06
 221826.055    19.184    -0.61    1.08
 222113.040    19.072    -0.39    1.14
 222400.009    19.067    -0.02    1.10
 222686.964    19.129     0.22    1.22
 222973.904    19.199     0.25    1.24
 223260.829    19.381     0.63    1.34
 223547.740    19.638     0.90    1.39
 223834.635    19.902     0.92    1.32
 224121.517    20.081     0.62    1.27
 224408.383    20.190     0.38    1.23
 224695.235    20.273     0.29    1.26
 224982.072    20.150    -0.43    1.28
 225268.894    20.160     0.04    1.24
 225555.701    20.229     0.24    1.22
