-133925.182    32.941     0.00    1.50
-133636.308    32.652    -1.00    1.78
-133347.417    32.417    -0.81    1.77
-133058.511    31.969    -1.55    2.09
-132769.589    31.661    -1.07    2.16
-132480.651    31.281    -1.31    2.28
-132191.697    30.647    -2.20    2.42
-131902.727    30.265    -1.32    2.42
-131613.742    29.785    -1.66    2.33
-131324.740    29.426    -1.24    2.26
-131035.723    29.087    -1.17    2.10
-130746.689    28.699    -1.34    2.18
-130457.640    28.633    -0.23    2.08
-130168.574    28.434    -0.69    2.08
-129879.493    28.337    -0.34    2.20
-129590.396    28.097    -0.83    2.29
-129301.282    27.557    -1.87    2.25
-129012.153    27.381    -0.61    2.16
-128723.008    26.925    -1.58    2.04
-128433.847    26.365    -1.94    1.72
-128144.670    26.250    -0.40    1.70
-127855.477    25.957    -1.01    1.87
-127566.268    25.837    -0.41    1.93
-127277.043    25.896     0.20    2.07
-126987.802    25.322    -1.98    2.03
-126698.546    25.352     0.10    1.91
-126409.273    25.165    -0.64    1.89
-126119.984    25.123    -0.15    2.08
-125830.679    25.365     0.84    2.42
-125541.358    26.108     2.57    3.39
-125252.022    26.249     0.48    3.34
-124962.669    26.513     0.91    3.75
-124673.300    26.057    -1.58    2.99
-124383.915    25.799    -0.89    2.79
-124094.514    25.656    -0.50    2.69
-123805.098    25.562    -0.32    2.67
-123515.665    25.051    -1.77    1.42
-123226.216    24.965    -0.30    1.48
-122936.751    24.830    -0.47    1.48
-122647.270    24.734    -0.33    1.39
-122357.774    24.601    -0.46    1.27
-122068.261    24.511    -0.31    1.29
-121778.732    24.293    -0.75    1.18
-121489.187    24.265    -0.10    1.27
-121199.626    24.151    -0.39    1.25
-120910.049    24.094    -0.20    1.20
-120620.456    24.116     0.08    1.20
-120330.847    24.072    -0.15    1.23
-120041.222    24.116     0.15    1.36
-119751.580    24.094    -0.08    1.35
-119461.923    23.957    -0.47    1.35
-119172.250    23.965     0.03    1.40
-118882.560    23.823    -0.49    1.28
-118592.855    23.591    -0.80    1.51
-118303.133    23.337    -0.88    1.46
-118013.396    23.190    -0.51    1.41
-117723.642    23.177    -0.04    1.45
-117433.872    23.041    -0.47    1.40
-117144.087    22.823    -0.75    1.50
-116854.285    22.837     0.05    1.39
-116564.467    22.794    -0.15    1.30
-116274.633    22.734    -0.21    1.38
-115984.783    22.469    -0.91    1.37
-115694.916    22.160    -1.07    1.42
-115405.034    22.013    -0.51    1.34
-115115.135    21.743    -0.93    1.45
-114825.221    21.379    -1.25    1.40
-114535.290    21.208    -0.59    1.42
-114245.343    20.778    -1.48    1.21
-113955.380    20.749    -0.10    1.22
-113665.401    20.650    -0.34    1.23
-113377.894    20.665     0.05    1.21
-113091.326    20.765     0.35    1.20
-112804.742    20.794     0.10    1.24
-112518.142    20.994     0.70    1.25
-112231.527    21.097     0.36    1.13
-111944.896    21.101     0.01    1.28
-111658.249    21.190     0.31    1.26
-111371.587    21.261     0.25    1.29
-111084.909    21.366     0.37    1.34
-110798.215    21.623     0.89    1.41
-110511.505    21.772     0.52    1.43
-110224.780    21.928     0.55    1.40
-109938.039    22.027     0.34    1.36
-109651.282    22.206     0.63    1.26
-109364.510    22.382     0.61    1.28
-109077.722    22.486     0.36    1.38
-108790.918    22.631     0.51    1.40
-108504.098    22.637     0.02    1.33
-108217.263    22.594    -0.15    1.30
-107930.412    22.698     0.36    1.30
-107643.546    22.623    -0.26    1.36
-107356.663    22.496    -0.44    1.43
-107069.765    22.469    -0.09    1.38
-106782.851    22.425    -0.15    1.31
-106495.921    22.543     0.41    1.38
-106208.976    22.631     0.31    1.34
-105922.015    22.773     0.50    1.30
-105635.038    22.656    -0.41    1.37
-105348.045    22.694     0.13    1.43
-105061.037    22.859     0.57    1.48
-104774.012    22.829    -0.10    1.50
-104486.972    23.116     1.00    1.43
-104199.917    23.249     0.46    1.45
-103912.845    23.381     0.46    1.42
-103625.758    23.548     0.58    1.37
-103338.655    23.449    -0.34    1.39
-103051.536    23.480     0.11    1.29
-102764.401    23.508     0.10    1.48
-102477.251    23.381    -0.44    1.40
-102190.084    23.620     0.83    1.54
-101902.902    23.572    -0.17    1.74
-101615.705    23.704     0.46    2.05
-101328.491    23.937     0.81    2.05
-101041.262    24.013     0.26    2.12
-100754.016    24.280     0.93    1.93
-100466.755    24.294     0.05    1.91
-100179.478    24.250    -0.15    1.76
 -99892.186    24.367     0.41    1.60
 -99604.877    24.249    -0.41    1.48
 -99317.553    23.964    -0.99    1.62
 -99030.213    24.294     1.15    1.93
 -98742.857    24.337     0.15    2.00
 -98455.485    24.380     0.15    1.91
 -98168.097    24.251    -0.45    2.28
 -97880.694    24.076    -0.61    2.17
 -97593.274    24.049    -0.09    1.87
 -97305.839    24.616     1.97    2.96
 -97018.388    24.889     0.95    2.89
 -96730.921    25.037     0.51    2.79
 -96443.439    24.751    -0.99    1.81
 -96155.940    24.690    -0.21    1.67
 -95868.426    24.689    -0.00    1.67
 -95580.895    24.873     0.64    1.52
 -95293.349    25.053     0.63    1.57
 -95005.787    25.146     0.32    1.47
 -94718.209    25.143    -0.01    1.41
 -94430.615    25.451     1.07    1.48
 -94143.005    25.680     0.79    1.56
 -93855.380    25.755     0.26    1.51
 -93567.738    25.637    -0.41    1.56
 -93280.081    25.765     0.45    1.70
 -92992.408    25.605    -0.56    1.84
 -92704.719    25.484    -0.42    1.86
 -92417.014    25.292    -0.67    2.11
 -92129.293    25.094    -0.69    2.02
 -91841.556    24.908    -0.65    1.95
 -91553.803    24.755    -0.53    1.82
 -91266.034    24.765     0.04    1.57
 -90978.250    24.851     0.30    1.59
 -90690.449    24.889     0.13    1.66
 -90402.633    25.219     1.15    1.60
 -90114.800    25.352     0.46    1.89
 -89826.952    25.323    -0.10    1.88
 -89539.088    25.265    -0.20    1.82
 -89251.208    25.396     0.46    1.77
 -88963.312    25.165    -0.80    1.48
 -88675.400    25.294     0.45    1.47
 -88387.472    25.098    -0.68    1.52
 -88099.528    24.646    -1.57    1.82
 -87811.568    23.785    -2.99    2.64
 -87523.592    22.551    -4.28    3.52
 -87235.600    20.999    -5.39    4.02
 -86947.592    18.960    -7.08    4.18
 -86659.569    17.394    -5.44    3.92
 -86371.529    15.994    -4.86    3.20
 -86083.473    14.778    -4.22    2.06
 -85795.402    14.116    -2.30    1.55
 -85507.314    14.043    -0.26    1.80
 -85219.211    14.537     1.71    2.23
 -84931.091    14.971     1.51    2.42
 -84642.956    16.080     3.85    2.43
 -84354.804    16.980     3.12    2.69
 -84066.636    18.280     4.51    2.87
 -83778.453    19.482     4.17    2.47
 -83490.253    20.410     3.22    2.13
 -83202.038    21.278     3.01    1.85
 -82913.806    22.008     2.53    1.50
 -82625.559    22.462     1.57    1.38
 -82337.295    22.808     1.20    1.18
 -82049.016    22.985     0.61    0.99
 -81760.720    23.111     0.44    1.04
 -81472.408    23.180     0.24    1.07
 -81184.081    22.954    -0.78    1.29
 -80895.737    22.734    -0.76    1.37
 -80607.377    22.565    -0.58    1.56
 -80319.002    22.296    -0.94    1.65
 -80030.610    21.980    -1.10    1.74
 -79742.202    21.886    -0.32    1.74
 -79453.778    21.631    -0.88    1.81
 -79165.338    21.194    -1.51    1.87
 -78876.882    20.601    -2.05    1.72
 -78588.410    20.293    -1.07    1.72
 -78299.922    19.844    -1.56    1.65
 -78011.418    19.392    -1.57    1.73
 -77722.898    18.823    -1.97    1.50
 -77434.362    18.576    -0.85    1.58
 -77145.810    18.425    -0.52    1.82
 -76857.241    18.537     0.39    1.92
 -76568.657    18.763     0.78    1.95
 -76280.056    19.395     2.19    2.01
 -75991.439    19.851     1.58    1.89
 -75702.807    20.077     0.78    1.89
 -75414.158    20.380     1.05    1.84
 -75125.493    20.594     0.74    1.79
 -74836.812    20.616     0.08    1.94
 -74548.115    20.708     0.32    1.77
 -74259.402    20.763     0.19    1.76
 -73970.672    20.888     0.43    1.73
 -73681.927    20.731    -0.54    1.77
 -73393.166    20.487    -0.84    2.04
 -73104.388    20.365    -0.42    1.96
 -72815.594    20.151    -0.74    2.14
 -72526.784    19.557    -2.06    2.26
 -72237.958    19.023    -1.85    2.41
 -71949.116    18.587    -1.51    2.33
 -71660.258    18.180    -1.41    2.12
 -71371.383    17.957    -0.77    2.07
 -71082.493    17.948    -0.03    2.24
 -70793.586    17.661    -0.99    2.51
 -70504.663    17.612    -0.17    2.63
 -70215.724    17.704     0.32    2.43
 -69926.769    17.794     0.31    2.39
 -69637.798    17.960     0.57    2.33
 -69348.811    18.083     0.43    2.54
 -69059.807    18.894     2.80    2.74
 -68770.787    19.170     0.96    2.61
 -68481.751    20.238     3.70    4.64
 -68192.699    20.641     1.39    4.83
 -67903.631    21.425     2.71    5.54
 -67614.547    22.763     4.63    6.75
 -67325.446    23.250     1.68    7.42
 -67036.329    24.111     2.98    8.00
 -66747.196    25.090     3.39    8.48
 -66458.047    25.661     1.97    8.11
 -66168.882    26.751     3.77    7.82
 -65879.700    27.337     2.03    7.50
 -65590.502    28.322     3.41    6.60
 -65301.288    28.367     0.15    5.08
 -65012.058    27.280    -3.76    4.49
 -64722.812    26.351    -3.21    4.09
 -64433.549    25.801    -1.90    4.20
 -64144.270    24.680    -3.87    3.56
 -63854.975    24.380    -1.04    3.36
 -63565.664    24.194    -0.64    3.44
 -63276.336    24.234     0.14    3.05
 -62986.993    24.513     0.97    2.92
 -62697.633    24.537     0.08    2.65
 -62408.257    24.268    -0.93    2.19
 -62118.864    24.651     1.32    2.35
 -61829.455    24.594    -0.20    2.41
 -61540.031    24.601     0.03    2.59
 -61250.589    24.480    -0.42    2.59
 -60961.132    23.925    -1.92    2.02
 -60671.658    23.525    -1.38    1.63
 -60382.168    23.435    -0.31    1.54
 -60092.662    23.499     0.22    1.57
 -59803.140    23.647     0.51    1.55
 -59513.601    23.651     0.02    1.56
 -59224.046    23.984     1.15    1.36
 -58934.475    23.908    -0.26    1.39
 -58644.887    23.896    -0.04    1.42
 -58355.283    23.794    -0.35    1.59
 -58065.663    23.703    -0.31    1.58
 -57776.027    23.857     0.53    1.29
 -57486.374    23.886     0.10    1.24
 -57196.705    23.772    -0.40    1.14
 -56907.020    23.807     0.12    1.11
 -56617.318    23.937     0.45    1.08
 -56327.600    24.013     0.26    1.00
 -56037.866    24.223     0.72    0.99
 -55748.115    24.295     0.25    0.98
 -55458.349    24.268    -0.09    0.86
 -55168.565    24.365     0.33    0.93
 -54878.766    24.528     0.56    0.95
 -54588.950    24.557     0.10    0.97
 -54299.118    24.601     0.15    1.07
 -54009.270    24.551    -0.17    1.15
 -53719.405    24.480    -0.25    1.23
 -53429.524    24.426    -0.18    1.36
 -53139.626    24.449     0.08    1.38
 -52849.712    24.438    -0.04    1.54
 -52559.782    24.499     0.21    1.57
 -52269.836    24.616     0.41    1.67
 -51979.873    24.656     0.14    1.73
 -51689.893    24.844     0.65    1.79
 -51400.753    24.934     0.31    1.73
 -51114.223    24.675    -0.90    1.65
 -50827.676    24.708     0.12    1.70
 -50541.113    24.699    -0.03    1.71
 -50254.534    24.565    -0.47    1.61
 -49967.940    24.646     0.28    1.75
 -49681.329    24.749     0.36    1.77
 -49394.703    24.865     0.41    1.78
 -49108.061    24.707    -0.55    1.70
 -48821.402    24.449    -0.90    1.75
 -48534.728    24.295    -0.54    1.65
 -48248.038    24.126    -0.59    1.40
 -47961.332    23.923    -0.71    1.30
 -47674.610    23.543    -1.32    1.55
 -47387.872    23.028    -1.79    1.90
 -47101.118    22.137    -3.11    2.53
 -46814.349    21.119    -3.55    3.10
 -46527.563    19.786    -4.65    3.27
 -46240.761    19.177    -2.12    2.97
 -45953.944    18.424    -2.63    2.37
 -45667.110    18.165    -0.90    2.25
 -45380.260    18.366     0.70    2.53
 -45093.395    18.969     2.10    3.02
 -44806.513    20.293     4.62    2.56
 -44519.616    21.123     2.89    2.54
 -44232.703    22.065     3.29    2.35
 -43945.773    22.894     2.89    2.12
 -43658.828    23.608     2.49    1.67
 -43371.866    24.208     2.09    2.06
 -43084.889    24.757     1.91    2.07
 -42797.896    23.734    -3.57    5.95
 -42510.886    22.380    -4.72    8.30
 -42223.861    21.083    -4.52   10.06
 -41936.820    19.590    -5.20   11.42
 -41649.762    18.080    -5.26   12.14
 -41362.689    15.940    -7.45   12.83
 -41075.599    14.151    -6.23   12.88
 -40788.494    13.160    -3.45   12.85
 -40501.373    11.778    -4.81   12.43
 -40214.235    10.994    -2.73   12.05
 -39927.082    10.608    -1.34   11.86
 -39639.912    10.351    -0.90   11.79
 -39352.727     9.337    -3.53   11.59
 -39065.525     8.434    -3.14   11.64
 -38778.308     7.971    -1.61   11.66
 -38491.074     7.908    -0.22   11.91
 -38203.824     7.072    -2.91   11.47
 -37916.559     5.807    -4.40   10.76
 -37629.277     5.396    -1.43   10.36
 -37341.979     5.394    -0.01   10.63
 -37054.665     5.126    -0.93   10.67
 -36767.335     5.210     0.29   10.85
 -36479.989     4.623    -2.04   10.87
 -36192.627     4.765     0.50   11.44
 -35905.249     3.954    -2.82   10.91
 -35617.855     1.851    -7.32    8.77
 -35330.445     2.175     1.13    8.70
 -35043.019     0.923    -4.36    7.24
 -34755.576     0.703    -0.76    6.95
 -34468.118     0.680    -0.08    7.07
 -34180.643     0.494    -0.65    6.71
 -33893.152     0.351    -0.50    6.11
 -33605.646     0.969     2.15    6.72
 -33318.123     0.396    -1.99    3.53
 -33030.584     1.065     2.33    3.70
 -32743.029     1.837     2.68    3.88
 -32455.458     2.562     2.52    3.88
 -32167.870     2.931     1.28    3.76
 -31880.267     3.104     0.60    3.47
 -31592.647     3.252     0.52    3.15
 -31305.012     3.380     0.44    2.95
 -31017.360     3.704     1.13    2.70
 -30729.692     3.680    -0.09    2.56
 -30442.008     4.072     1.36    2.17
 -30154.308     3.808    -0.92    1.82
 -29866.592     3.182    -2.18    2.35
 -29578.859     2.392    -2.75    2.60
 -29291.111     1.590    -2.78    2.90
 -29003.346     0.699    -3.10    2.67
 -28715.565     0.263    -1.51    2.85
 -28427.768     0.280     0.06    3.18
 -28139.955     0.554     0.95    3.51
 -27852.126     1.492     3.26    3.94
 -27564.280     2.351     2.98    3.99
 -27276.418     3.365     3.52    3.80
 -26988.541     4.083     2.50    3.22
 -26700.647     4.751     2.32    2.74
 -26412.736     4.866     0.40    2.40
 -26124.810     4.719    -0.51    2.38
 -25836.868     4.454    -0.92    2.54
 -25548.909     4.251    -0.71    2.50
 -25260.934     3.957    -1.02    2.54
 -24972.943     3.942    -0.05    2.39
 -24684.936     3.523    -1.46    2.16
 -24396.912     3.637     0.40    2.13
 -24108.872     3.749     0.39    2.01
 -23820.816     3.396    -1.23    2.54
 -23532.744     3.043    -1.23    2.82
 -23244.656     2.951    -0.32    2.86
 -22956.552     2.816    -0.47    2.98
 -22668.431     2.565    -0.87    2.80
 -22380.294     2.464    -0.35    2.76
 -22092.141     3.137     2.34    2.80
 -21803.971     3.601     1.61    2.37
 -21515.786     3.660     0.20    2.09
 -21227.584     3.623    -0.13    2.11
 -20939.366     3.453    -0.59    2.30
 -20651.131     3.196    -0.89    2.33
 -20362.881     2.951    -0.85    2.35
 -20074.614     2.604    -1.20    2.50
 -19786.331     2.196    -1.42    2.73
 -19498.031     1.540    -2.28    2.83
 -19209.716     0.969    -1.98    2.79
 -18921.384     0.651    -1.10    2.97
 -18633.036     0.295    -1.24    3.09
 -18344.671     0.808     1.78    4.49
 -18056.291     0.886     0.27    4.72
 -17767.894     1.238     1.22    6.13
 -17479.481     1.223    -0.05    7.30
 -17191.051     1.793     1.98    8.28
 -16902.605     1.528    -0.92    8.83
 -16614.143     1.484    -0.15    8.82
 -16325.665     0.965    -1.80    8.00
 -16037.170     0.238    -2.52    5.73
 -15748.659    -0.040    -0.96    5.01
 -15460.132    -0.006     0.12    4.44
 -15171.589     0.154     0.55    4.32
 -14883.029     0.451     1.03    4.22
 -14594.453     0.190    -0.91    3.27
 -14305.860     0.675     1.68    3.58
 -14017.251     0.494    -0.63    3.36
 -13728.626     0.104    -1.35    3.15
 -13439.985    -0.058    -0.56    2.99
 -13151.327     0.393     1.56    3.43
 -12862.653     0.815     1.46    3.55
 -12573.963     0.837     0.08    3.29
 -12285.256     1.131     1.02    3.20
 -11996.533     1.757     2.17    3.11
 -11707.793     1.781     0.08    2.82
 -11419.037     2.077     1.02    2.66
 -11130.265     2.151     0.26    2.37
 -10841.477     2.041    -0.38    2.20
 -10552.672     2.023    -0.06    2.08
 -10263.851     1.999    -0.08    2.00
  -9975.013     1.763    -0.81    2.01
  -9686.159     1.851     0.31    1.81
  -9397.289     1.590    -0.90    2.03
  -9108.402     1.923     1.15    2.32
  -8819.499     1.633    -1.00    2.44
  -8530.580     1.647     0.05    2.71
  -8241.644     1.438    -0.72    2.83
  -7952.692     1.293    -0.50    2.86
  -7663.723     1.043    -0.87    2.90
  -7374.738     0.601    -1.53    2.84
  -7085.737     0.087    -1.78    2.57
  -6796.719    -0.177    -0.91    2.46
  -6507.685    -0.485    -1.06    2.16
  -6218.635    -0.931    -1.54    1.71
  -5929.568    -1.257    -1.13    1.41
  -5640.484    -1.443    -0.64    1.10
  -5351.384    -1.535    -0.32    0.96
  -5062.268    -1.663    -0.44    0.00
  -4773.136    -1.663     0.00    0.00
  -4483.986    -1.663     0.00    0.00
  -4194.821    -1.663     0.00    0.00
  -3905.639    -1.663     0.00    0.00
  -3616.441    -1.663     0.00    0.00
  -3327.226    -1.663     0.00    0.00
  -3037.995    -1.363     1.04    1.43
  -2748.747    -1.015     1.20    2.06
  -2459.483    -0.235     2.70    3.93
  -2170.202     0.294     1.83    4.67
  -1880.905     1.280     3.41    6.18
  -1591.592     1.480     0.69    6.10
  -1302.262     2.366     3.06    7.19
  -1012.915     2.954     2.03    7.96
   -723.552     3.528     1.98    8.56
   -434.173     5.094     5.41    9.72
   -144.777     6.501     4.86   10.76
    144.635     6.680     0.62   10.62
    434.064     7.393     2.47   10.45
    723.509     7.717     1.12   10.00
   1012.971     8.294     1.99    9.54
   1302.449     8.793     1.72    9.30
   1591.944     8.279    -1.78    8.57
   1881.455     9.392     3.85    8.74
   2170.983     9.926     1.84    9.01
   2460.527    10.772     2.92    9.29
   2750.088    12.323     5.36    9.69
   3039.666    13.616     4.47    9.76
   3329.259    14.971     4.68    9.64
   3618.870    16.047     3.72    9.08
   3908.497    15.786    -0.90    8.79
   4198.140    15.858     0.25    8.08
   4487.800    15.045    -2.81    7.46
   4777.476    14.365    -2.35    6.26
   5067.169    13.420    -3.26    5.51
   5356.879    12.807    -2.12    3.91
   5646.605    12.945     0.48    3.28
   5936.347    13.646     2.42    2.80
   6226.107    14.665     3.52    3.23
   6515.882    15.971     4.50    3.01
   6805.675    17.251     4.42    3.19
   7095.483    18.337     3.75    3.02
   7385.309    19.365     3.55    2.81
   7675.151    20.293     3.20    2.78
   7965.009    20.484     0.66    2.53
   8254.884    20.851     1.27    2.21
   8544.776    20.985     0.46    1.97
   8834.684    21.037     0.18    1.82
   9124.609    21.224     0.65    1.69
   9414.550    21.337     0.39    1.76
   9704.508    21.557     0.76    1.69
   9994.483    21.989     1.49    1.78
  10284.474    22.499     1.76    1.72
  10574.482    23.154     2.26    1.59
  10861.782    23.421     0.93    1.57
  11148.280    23.892     1.64    1.29
  11434.794    24.267     1.31    1.36
  11721.325    24.534     0.93    1.36
  12007.871    24.837     1.06    1.21
  12294.434    24.923     0.30    1.31
  12581.013    25.028     0.37    1.34
  12867.608    25.087     0.21    1.33
  13154.219    25.080    -0.02    1.16
  13440.846    25.159     0.28    1.24
  13727.490    25.069    -0.31    1.18
  14014.149    25.013    -0.20    1.07
  14300.825    24.942    -0.25    1.05
  14587.517    25.094     0.53    1.03
  14874.225    25.043    -0.18    1.05
  15160.949    25.013    -0.10    1.03
  15447.690    24.858    -0.54    1.05
  15734.446    24.759    -0.34    1.14
  16021.219    24.565    -0.68    1.29
  16308.008    24.251    -1.10    1.49
  16594.813    23.823    -1.49    1.72
  16881.634    23.337    -1.69    1.99
  17168.472    22.902    -1.52    2.10
  17455.326    22.219    -2.38    2.38
  17742.196    21.694    -1.83    2.66
  18029.082    20.965    -2.54    2.72
  18315.984    20.111    -2.98    2.68
  18602.903    19.448    -2.31    2.50
  18889.837    18.590    -2.99    2.42
  19176.788    18.080    -1.78    2.14
  19463.756    17.960    -0.42    1.77
  19750.739    18.307     1.21    1.86
  20037.739    19.177     3.03    2.36
  20324.754    20.264     3.79    2.78
  20611.787    21.601     4.66    2.86
  20898.835    23.041     5.01    2.93
  21185.899    24.323     4.46    2.60
  21472.980    25.435     3.88    2.17
  21760.077    26.295     2.99    1.50
  22047.191    26.699     1.41    1.11
  22334.320    26.851     0.53    0.87
  22621.466    26.808    -0.15    0.99
  22908.628    26.661    -0.51    1.40
  23195.806    26.520    -0.49    1.49
  23483.001    26.437    -0.29    1.48
  23770.212    26.460     0.08    1.48
  24057.439    26.623     0.57    1.70
  24344.682    26.704     0.29    1.52
  24631.942    26.999     1.02    1.51
  24919.218    27.250     0.87    1.52
  25206.510    27.513     0.92    1.48
  25493.818    27.689     0.61    1.51
  25781.143    27.745     0.20    1.23
  26068.484    28.041     1.03    1.20
  26355.842    28.017    -0.08    1.21
  26643.215    28.165     0.52    1.27
  26930.605    28.381     0.75    1.31
  27218.012    28.499     0.41    1.43
  27505.434    29.008     1.77    1.58
  27792.873    29.580     1.99    1.75
  28080.329    30.083     1.75    1.91
  28367.800    30.551     1.63    1.79
  28655.288    30.940     1.35    1.89
  28942.792    31.295     1.23    1.68
  29230.313    31.641     1.21    1.70
  29517.850    31.910     0.94    1.62
  29805.403    32.180     0.94    1.57
  30092.972    32.508     1.14    1.61
  30380.558    32.886     1.31    1.51
  30668.160    33.073     0.65    1.47
  30955.779    33.350     0.97    1.66
  31243.414    33.393     0.15    1.48
  31531.065    33.523     0.45    1.59
  31818.733    33.660     0.48    1.63
  32106.417    33.627    -0.12    1.62
  32394.117    34.013     1.34    1.64
  32681.834    34.105     0.32    1.56
  32969.567    34.309     0.71    1.48
  33257.317    34.694     1.34    1.69
  33545.083    34.675    -0.07    1.70
  33832.865    34.937     0.91    1.71
  34120.664    35.160     0.78    1.80
  34408.479    34.999    -0.56    1.90
  34696.310    34.951    -0.16    2.09
  34984.158    34.689    -0.91    2.28
  35272.022    34.520    -0.59    2.42
  35559.903    34.154    -1.27    2.61
  35847.800    33.515    -2.22    2.76
  36135.713    32.637    -3.05    3.06
  36423.643    32.175    -1.60    3.43
  36711.589    31.499    -2.35    3.70
  36999.552    31.562     0.22    3.56
  37287.531    31.815     0.88    3.43
  37575.527    31.923     0.37    3.16
  37863.539    31.999     0.26    3.28
  38151.567    32.421     1.47    3.54
  38439.612    32.365    -0.20    4.18
  38727.673    31.780    -2.03    4.95
  39015.751    30.646    -3.94    5.11
  39303.845    28.612    -7.06    4.94
  39591.955    27.520    -3.79    4.44
  39880.083    26.194    -4.60    3.70
  40168.226    25.003    -4.13    2.35
  40456.386    24.365    -2.21    1.47
  40744.562    24.656     1.01    1.64
  41032.755    25.265     2.12    2.06
  41320.965    25.960     2.41    2.33
  41609.191    26.660     2.43    2.49
  41897.433    27.323     2.30    2.58
  42185.692    28.478     4.01    2.60
  42473.967    29.651     4.07    2.45
  42762.259    30.871     4.23    2.73
  43050.567    32.027     4.01    2.76
  43338.892    33.323     4.49    2.95
  43627.233    34.808     5.15    2.88
  43915.591    36.057     4.33    2.91
  44203.965    37.528     5.10    2.97
  44492.356    38.787     4.37    2.92
  44780.763    39.742     3.31    2.63
  45069.187    40.618     3.04    2.03
  45357.627    41.421     2.78    1.85
  45646.084    42.180     2.63    1.52
  45934.557    42.537     1.24    1.48
  46223.047    42.837     1.04    1.47
  46511.553    43.381     1.89    1.48
  46800.076    43.880     1.73    1.63
  47088.616    44.590     2.46    1.46
  47377.172    44.962     1.29    1.36
  47665.744    45.295     1.16    1.30
  47954.333    45.759     1.61    1.40
  48242.939    45.917     0.54    1.32
  48531.561    45.880    -0.13    1.34
  48820.200    45.896     0.06    1.36
  49108.855    45.651    -0.85    1.50
  49397.527    45.618    -0.11    1.59
  49686.215    45.256    -1.26    1.63
  49974.920    44.999    -0.89    1.51
  50263.642    44.865    -0.46    1.40
  50552.380    45.043     0.61    1.50
  50841.135    45.224     0.63    1.52
  51129.906    45.395     0.59    1.50
  51418.694    45.802     1.41    1.58
  51707.498    46.212     1.42    1.47
  51996.319    46.837     2.16    1.31
  52285.157    47.237     1.38    1.13
  52574.011    47.281     0.15    1.19
  52862.882    47.454     0.60    1.28
  53151.770    47.394    -0.21    1.31
  53440.674    47.250    -0.50    1.34
  53729.594    47.108    -0.49    1.32
  54018.532    47.003    -0.36    1.30
  54307.486    46.723    -0.97    1.40
  54596.456    46.282    -1.52    1.58
  54885.443    46.031    -0.87    1.65
  55174.447    45.960    -0.25    1.64
  55463.468    45.749    -0.73    1.66
  55752.505    45.794     0.16    1.51
  56041.558    45.802     0.03    1.38
  56330.629    45.751    -0.17    1.15
  56619.716    45.520    -0.80    1.32
  56908.819    44.576    -3.26    2.03
  57197.940    43.580    -3.45    2.50
  57487.077    42.661    -3.18    2.74
  57776.230    41.896    -2.65    2.68
  58065.401    40.945    -3.29    3.15
  58354.588    40.379    -1.96    3.13
  58643.791    40.186    -0.67    3.07
  58933.012    40.421     0.81    2.94
  59222.249    40.731     1.07    2.75
  59511.502    40.937     0.71    2.51
  59800.773    41.265     1.14    2.28
  60090.060    41.469     0.70    2.51
  60379.363    41.131    -1.17    2.81
  60668.684    40.140    -3.43    3.63
  60958.021    38.965    -4.06    3.61
  61247.375    37.990    -3.37    3.38
  61536.745    37.115    -3.02    3.19
  61826.133    36.224    -3.08    3.13
  62115.537    34.888    -4.62    3.64
  62404.957    34.480    -1.41    4.39
  62694.395    33.793    -2.37    4.40
  62983.849    32.623    -4.04    4.34
  63273.320    31.872    -2.59    4.16
  63562.807    31.418    -1.57    3.82
  63852.311    30.809    -2.10    3.02
  64141.832    30.945     0.47    2.53
  64431.370    32.101     3.99    3.26
  64720.925    33.393     4.46    4.07
  65010.496    34.728     4.61    4.48
  65300.084    36.210     5.12    4.43
  65589.689    38.008     6.21    4.27
  65879.310    39.520     5.22    3.87
  66168.949    40.548     3.55    3.57
  66458.604    41.323     2.67    3.56
  66748.275    41.749     1.47    3.52
  67037.964    42.830     3.73    4.02
  67327.669    43.590     2.63    4.13
  67617.391    44.351     2.63    3.94
  67907.130    44.680     1.13    3.49
  68196.886    44.928     0.86    3.16
  68486.659    45.047     0.41    2.64
  68776.448    45.308     0.90    2.57
  69066.254    45.163    -0.50    2.85
  69356.077    45.396     0.80    2.90
  69645.916    45.196    -0.69    2.94
  69935.773    45.421     0.78    2.82
  70225.646    45.698     0.95    2.48
  70515.536    45.837     0.48    2.43
  70805.443    45.787    -0.17    2.55
  71095.367    45.989     0.69    2.73
  71385.307    46.266     0.96    2.79
  71675.265    46.484     0.75    2.64
  71965.239    46.694     0.72    2.30
  72255.230    46.830     0.47    2.22
  72545.238    47.067     0.82    2.23
  72834.249    47.238     0.59    2.12
  73120.704    47.137    -0.35    2.13
  73407.175    47.293     0.54    2.03
  73693.662    47.900     2.12    2.25
  73980.166    48.080     0.63    2.36
  74266.686    48.180     0.35    2.65
  74553.222    47.990    -0.66    2.76
  74839.775    48.013     0.08    2.79
  75126.344    48.172     0.56    2.59
  75412.929    48.503     1.16    2.39
  75699.531    48.765     0.91    2.24
  75986.149    49.499     2.56    2.30
  76272.784    49.976     1.66    2.02
  76559.435    50.160     0.64    1.76
  76846.102    50.393     0.81    1.58
  77132.786    50.462     0.24    1.41
  77419.486    50.419    -0.15    1.39
  77706.202    50.465     0.16    1.39
  77992.935    50.240    -0.79    1.45
  78279.685    50.175    -0.23    1.50
  78566.450    50.351     0.61    1.70
  78853.233    50.308    -0.15    1.81
  79140.031    50.425     0.41    1.86
  79426.846    50.323    -0.36    1.84
  79713.678    50.252    -0.25    1.87
  80000.525    50.012    -0.84    1.99
  80287.390    49.802    -0.74    2.00
  80574.270    49.449    -1.23    1.98
  80861.168    49.013    -1.52    1.90
  81148.081    48.837    -0.62    1.88
  81435.011    48.587    -0.87    1.90
  81721.958    48.627     0.14    2.45
  82008.920    48.531    -0.33    3.25
  82295.900    48.049    -1.68    3.38
  82582.896    47.590    -1.60    2.76
  82869.908    47.073    -1.80    2.19
  83156.937    46.548    -1.83    1.79
  83443.982    46.194    -1.23    1.91
  83731.043    45.951    -0.85    1.95
  84018.121    45.719    -0.81    1.76
  84305.216    45.494    -0.78    1.77
  84592.327    45.003    -1.71    1.74
  84879.455    44.512    -1.71    1.67
  85166.599    44.210    -1.05    1.75
  85453.759    44.013    -0.69    1.66
  85740.936    43.888    -0.44    1.72
  86028.130    43.608    -0.97    1.76
  86315.340    43.601    -0.02    1.85
  86602.566    43.557    -0.15    2.13
  86889.809    43.615     0.20    2.10
  87177.069    43.751     0.48    2.10
  87464.345    43.587    -0.57    2.05
  87751.637    43.570    -0.06    2.12
  88038.946    43.689     0.42    2.01
  88326.272    43.337    -1.23    1.78
  88613.614    43.252    -0.29    1.55
  88900.973    43.043    -0.73    1.46
  89188.348    42.765    -0.97    1.55
  89475.740    42.545    -0.77    1.55
  89763.148    42.702     0.54    1.57
  90050.573    42.745     0.15    1.65
  90338.014    42.976     0.80    1.72
  90625.472    43.408     1.50    2.08
  90912.946    44.045     2.22    2.44
  91200.437    44.980     3.25    2.83
  91487.945    46.293     4.57    3.93
  91775.469    46.604     1.08    3.85
  92063.009    46.407    -0.69    3.48
  92350.567    45.748    -2.29    3.22
  92638.140    45.281    -1.62    2.54
  92925.731    45.182    -0.35    2.03
  93213.338    45.119    -0.22    1.59
  93500.961    45.351     0.81    1.57
  93788.601    45.513     0.56    1.50
  94076.258    45.823     1.08    1.45
  94363.931    46.156     1.16    1.51
  94651.621    46.529     1.29    1.39
  94939.328    46.604     0.26    1.52
  95227.051    46.583    -0.07    1.66
  95514.790    46.437    -0.51    1.80
  95802.547    46.221    -0.75    1.89
  96090.320    46.448     0.79    1.95
  96378.109    46.616     0.58    1.93
  96665.915    47.027     1.43    2.13
  96953.738    47.517     1.70    2.08
  97241.577    47.945     1.49    1.98
  97529.433    48.280     1.17    1.78
  97817.306    48.637     1.24    1.94
  98105.195    48.675     0.13    1.98
  98393.101    48.562    -0.39    2.17
  98681.024    48.569     0.02    2.54
  98968.963    48.051    -1.80    2.83
  99256.919    47.601    -1.56    2.82
  99544.891    47.210    -1.36    2.66
  99832.881    46.962    -0.86    2.43
 100120.886    47.059     0.34    2.20
 100408.909    47.251     0.67    1.92
 100696.948    47.931     2.36    2.33
 100985.004    48.745     2.83    2.39
 101273.076    49.543     2.77    2.26
 101561.165    50.423     3.05    2.19
 101849.271    50.928     1.76    2.29
 102137.394    51.053     0.43    2.28
 102425.533    51.097     0.15    1.88
 102713.689    51.126     0.10    1.76
 103001.862    51.249     0.43    1.63
 103290.051    51.365     0.40    1.74
 103578.257    51.210    -0.54    1.58
 103866.480    51.123    -0.30    1.69
 104154.719    51.142     0.07    1.68
 104442.975    50.923    -0.76    1.89
 104731.248    50.556    -1.27    2.24
 105019.537    49.912    -2.23    2.62
 105307.844    49.565    -1.20    2.53
 105596.167    49.146    -1.46    2.36
 105884.506    49.323     0.61    2.10
 106172.863    49.337     0.05    1.90
 106461.236    49.576     0.83    1.71
 106749.626    50.063     1.69    1.80
 107038.033    50.684     2.15    1.89
 107326.456    51.576     3.09    1.81
 107614.896    52.252     2.34    1.35
 107903.353    52.660     1.41    1.41
 108191.827    52.974     1.09    1.26
 108480.317    53.126     0.52    1.30
 108768.824    53.140     0.05    1.28
 109057.348    53.008    -0.46    1.32
 109345.889    52.680    -1.14    1.53
 109634.446    52.252    -1.48    1.83
 109923.021    51.851    -1.39    1.95
 110211.612    51.451    -1.39    2.01
 110500.219    51.234    -0.75    2.31
 110788.844    50.395    -2.91    2.57
 111077.485    49.759    -2.20    2.91
 111366.144    48.652    -3.84    3.54
 111654.819    48.111    -1.87    3.87
 111943.510    47.407    -2.44    4.00
 112232.219    46.851    -1.93    3.70
 112520.944    46.168    -2.37    3.56
 112809.686    45.675    -1.71    3.44
 113098.445    45.940     0.92    3.45
 113387.221    45.971     0.11    3.33
 113676.014    45.559    -1.43    3.19
 113964.823    45.045    -1.78    3.35
 114253.650    44.556    -1.69    3.59
 114542.493    44.280    -0.95    3.69
 114831.353    43.061    -4.22    3.54
 115120.229    42.252    -2.80    3.67
 115409.123    41.440    -2.81    3.55
 115698.033    41.165    -0.95    3.57
 115986.961    41.226     0.21    3.88
 116275.905    41.067    -0.55    4.15
 116564.866    40.994    -0.25    3.97
 116853.844    41.017     0.08    4.08
 117142.839    41.719     2.43    3.34
 117431.850    41.465    -0.88    3.24
 117720.879    41.059    -1.41    3.51
 118009.924    40.637    -1.46    4.20
 118298.986    40.170    -1.61    4.44
 118588.065    39.407    -2.64    4.85
 118877.161    38.080    -4.59    5.24
 119166.274    36.503    -5.45    5.61
 119455.404    34.656    -6.39    5.38
 119744.550    32.719    -6.70    4.33
 120033.714    30.962    -6.08    4.37
 120322.894    29.251    -5.92    5.00
 120612.092    27.914    -4.62    5.38
 120901.306    26.601    -4.54    5.49
 121190.537    24.816    -6.17    5.30
 121479.785    23.013    -6.23    5.48
 121769.050    20.851    -7.47    5.32
 122058.332    19.190    -5.74    4.60
 122347.631    17.557    -5.64    3.64
 122636.946    16.633    -3.20    2.60
 122926.279    16.379    -0.88    2.48
 123215.629    16.759     1.31    2.74
 123504.995    17.775     3.51    3.03
 123794.379    19.111     4.62    3.41
 124083.779    20.537     4.93    3.65
 124373.197    21.647     3.84    3.66
 124662.631    22.822     4.06    3.82
 124952.082    24.237     4.89    4.02
 125241.550    25.885     5.69    4.55
 125531.036    27.418     5.30    4.74
 125820.538    28.999     5.46    4.71
 126110.057    30.462     5.05    4.48
 126399.593    32.587     7.34    4.09
 126689.146    33.573     3.41    3.67
 126978.716    34.365     2.73    3.28
 127268.303    35.094     2.52    3.27
 127557.907    35.601     1.75    3.41
 127847.528    36.434     2.88    3.79
 128137.166    36.810     1.30    3.98
 128426.821    36.967     0.54    3.78
 128716.493    37.221     0.88    3.35
 129006.182    37.087    -0.46    2.93
 129295.888    37.407     1.11    3.13
 129585.611    37.580     0.60    3.26
 129875.351    37.675     0.33    3.29
 130165.108    38.104     1.48    2.97
 130454.882    38.480     1.30    2.77
 130744.673    38.773     1.01    2.67
 131034.481    38.794     0.07    2.94
 131324.307    38.793    -0.00    3.23
 131614.149    37.670    -3.87    4.60
 131904.008    37.003    -2.30    5.53
 132193.884    36.534    -1.62    5.68
 132483.778    35.906    -2.17    5.70
 132773.688    35.865    -0.14    5.27
 133063.615    35.773    -0.31    4.82
 133353.560    36.003     0.79    4.60
 133643.521    36.465     1.59    4.45
 133933.500    37.204     2.55    4.90
 134223.496    38.731     5.27    5.39
 134513.508    40.267     5.30    4.93
 134803.538    41.418     3.97    5.02
 135090.705    42.823     4.89    4.29
 135377.126    43.948     3.93    3.54
 135663.564    44.925     3.41    3.25
 135950.019    45.435     1.78    2.62
 136236.490    46.035     2.09    2.62
 136522.978    46.572     1.87    2.51
 136809.483    47.126     1.93    2.10
 137096.004    47.337     0.74    1.76
 137382.542    47.729     1.37    1.46
 137669.096    48.031     1.06    1.22
 137955.667    48.140     0.38    1.20
 138242.254    48.366     0.79    1.27
 138528.858    48.392     0.09    1.38
 138815.479    48.482     0.31    1.37
 139102.116    48.351    -0.45    1.48
 139388.770    48.323    -0.10    1.51
 139675.440    48.223    -0.35    1.46
 139962.128    48.364     0.49    1.43
 140248.831    48.240    -0.43    1.41
 140535.552    48.351     0.39    1.30
 140822.289    48.612     0.91    1.26
 141109.042    48.618     0.02    1.35
 141395.813    48.528    -0.32    1.37
 141682.600    48.453    -0.26    1.41
 141969.403    48.282    -0.60    1.56
 142256.223    48.055    -0.79    1.62
 142543.060    47.823    -0.81    1.73
 142829.914    47.487    -1.17    1.72
 143116.784    47.309    -0.62    1.67
 143403.671    46.937    -1.30    1.66
 143690.574    46.520    -1.45    1.72
 143977.494    46.278    -0.84    1.79
 144264.431    46.094    -0.64    1.88
 144551.385    45.953    -0.49    1.96
 144838.355    46.090     0.48    1.90
 145125.342    45.816    -0.96    1.81
 145412.345    45.912     0.34    1.84
 145699.366    45.928     0.06    1.77
 145986.403    45.865    -0.22    1.67
 146273.456    45.837    -0.10    1.57
 146560.526    45.660    -0.61    1.49
 146847.613    45.480    -0.63    1.68
 147134.717    45.420    -0.21    1.63
 147421.838    45.215    -0.71    1.61
 147708.975    45.351     0.47    1.63
 147996.129    45.281    -0.24    1.56
 148283.299    45.065    -0.75    1.84
 148570.487    44.948    -0.41    1.99
 148857.691    44.723    -0.78    1.97
 149144.911    44.528    -0.68    2.29
 149432.149    44.900     1.30    2.34
 149719.403    45.087     0.65    2.03
 150006.674    45.310     0.78    1.92
 150293.962    45.787     1.66    1.59
 150581.266    46.196     1.42    1.65
 150868.587    46.308     0.39    1.73
 151155.925    45.914    -1.37    2.17
 151443.280    45.322    -2.06    2.70
 151730.651    44.749    -2.00    3.06
 152018.040    44.253    -1.72    3.07
 152305.445    43.745    -1.77    3.10
 152592.866    42.783    -3.35    3.07
 152880.305    42.077    -2.46    3.02
 153167.760    41.464    -2.13    3.45
 153455.232    40.496    -3.37    3.50
 153742.721    39.665    -2.89    3.22
 154030.227    39.131    -1.86    2.91
 154317.749    38.221    -3.17    2.64
 154605.289    37.529    -2.41    2.46
 154892.845    37.083    -1.55    2.42
 155180.418    36.351    -2.55    2.44
 155468.007    35.693    -2.29    2.41
 155755.614    35.154    -1.88    1.98
 156043.237    34.974    -0.62    1.73
 156330.877    35.295     1.11    1.94
 156618.534    35.940     2.24    1.89
 156906.208    36.365     1.48    2.19
 157193.898    36.830     1.62    1.93
 157481.606    36.967     0.48    1.88
 157769.330    37.266     1.04    1.92
 158057.071    37.624     1.24    2.06
 158344.829    37.923     1.04    2.03
 158632.603    38.308     1.34    2.09
 158920.395    38.726     1.45    2.34
 159208.203    39.160     1.51    2.28
 159496.029    39.604     1.54    2.23
 159783.871    39.940     1.16    2.12
 160071.730    40.431     1.71    2.26
 160359.606    41.142     2.47    2.09
 160647.498    41.934     2.75    2.27
 160935.408    42.925     3.44    2.15
 161223.334    43.731     2.80    2.01
 161511.278    44.104     1.29    1.94
 161799.238    44.763     2.29    2.10
 162087.215    45.601     2.91    2.03
 162375.209    46.170     1.98    2.02
 162663.220    46.729     1.94    2.07
 162951.248    47.740     3.51    2.83
 163239.292    48.937     4.16    3.82
 163527.354    49.851     3.18    3.52
 163815.432    50.531     2.36    3.65
 164103.528    50.999     1.62    3.71
 164391.640    51.737     2.56    4.05
 164679.769    51.503    -0.81    3.58
 164967.915    51.534     0.11    2.89
 165256.078    51.553     0.07    2.76
 165544.258    51.323    -0.80    1.82
 165832.455    51.206    -0.40    1.33
 166120.669    51.160    -0.16    1.33
 166408.900    51.309     0.52    1.35
 166697.147    51.480     0.59    1.47
 166985.412    51.675     0.68    1.59
 167273.693    51.906     0.80    1.58
 167561.992    51.985     0.27    1.53
 167850.307    51.937    -0.17    1.48
 168138.640    51.872    -0.22    1.33
 168426.989    51.772    -0.35    1.33
 168715.356    51.807     0.12    1.35
 169003.739    51.618    -0.66    1.33
 169292.139    51.421    -0.68    1.09
 169580.556    51.393    -0.10    1.21
 169868.991    51.226    -0.58    1.17
 170157.442    51.111    -0.40    1.14
 170445.910    51.111     0.00    1.12
 170734.395    51.027    -0.29    1.09
 171022.897    51.057     0.11    1.05
 171311.417    51.175     0.41    1.06
 171599.953    51.170    -0.02    1.42
 171888.506    51.406     0.82    1.46
 172177.076    51.419     0.04    1.43
 172465.663    51.268    -0.52    1.33
 172754.267    51.224    -0.15    1.28
 173042.889    51.365     0.49    1.32
 173331.527    51.237    -0.44    1.26
 173620.182    51.072    -0.57    1.10
 173908.854    51.037    -0.12    1.07
 174197.544    50.918    -0.41    1.06
 174486.250    50.830    -0.30    1.08
 174774.973    50.545    -0.99    1.21
 175063.714    50.296    -0.86    1.11
 175352.471    50.154    -0.49    1.17
 175641.246    49.902    -0.87    1.04
 175930.037    49.753    -0.51    1.06
 176218.846    49.511    -0.84    1.12
 176507.672    49.379    -0.46    1.06
 176796.514    49.241    -0.48    1.16
 177085.374    49.094    -0.51    1.20
 177374.251    49.008    -0.30    1.27
 177663.145    49.045     0.13    1.42
 177952.056    48.896    -0.52    1.50
 178240.984    48.815    -0.28    1.53
 178529.929    48.689    -0.44    1.52
 178818.891    48.435    -0.88    1.57
 179107.871    48.295    -0.49    1.60
 179396.867    48.049    -0.85    1.53
 179685.880    47.607    -1.53    1.39
 179974.911    47.224    -1.33    1.20
 180263.959    46.886    -1.17    1.31
 180553.024    46.616    -0.93    1.29
 180842.106    46.148    -1.62    1.10
 181131.205    45.837    -1.08    1.21
 181420.321    45.534    -1.05    1.27
 181709.454    45.365    -0.58    1.30
 181998.604    45.128    -0.82    1.31
 182287.772    44.894    -0.81    1.24
 182576.957    44.576    -1.10    1.24
 182866.158    44.517    -0.20    1.19
 183155.377    44.381    -0.47    1.13
 183444.613    44.294    -0.30    1.26
 183733.867    44.296     0.01    1.30
 184023.137    44.283    -0.04    1.25
 184312.425    44.212    -0.25    1.26
 184601.729    43.967    -0.85    1.31
 184891.051    43.651    -1.09    1.31
 185180.390    43.323    -1.14    1.27
 185469.746    43.212    -0.38    1.48
 185759.120    42.954    -0.89    1.49
 186048.510    42.717    -0.82    1.42
 186337.918    42.462    -0.88    1.44
 186627.343    42.337    -0.43    1.65
 186916.785    42.267    -0.24    1.90
 187206.244    41.802    -1.61    1.80
 187495.720    41.425    -1.30    1.81
 187785.214    41.031    -1.36    1.78
 188074.725    40.753    -0.96    1.93
 188364.253    40.537    -0.75    1.92
 188653.798    40.128    -1.41    1.93
 188943.360    39.858    -0.93    1.80
 189232.940    39.783    -0.26    1.69
 189522.537    39.618    -0.57    1.47
 189812.151    39.748     0.45    1.42
 190101.782    39.793     0.16    1.24
 190391.431    40.170     1.30    1.16
 190681.097    40.323     0.53    1.18
 190970.780    40.445     0.42    1.14
 191260.480    40.548     0.36    1.55
 191550.197    40.420    -0.44    1.57
 191839.932    40.337    -0.29    1.68
 192129.684    40.351     0.05    1.75
 192419.453    40.420     0.24    2.26
 192709.240    40.381    -0.14    2.08
 192999.043    40.295    -0.30    2.07
 193288.864    40.115    -0.62    2.04
 193578.702    39.648    -1.61    2.13
 193868.558    39.087    -1.94    2.34
 194158.431    38.618    -1.62    2.27
 194448.321    38.175    -1.53    2.51
 194738.228    37.698    -1.65    2.59
 195028.153    37.104    -2.05    2.65
 195318.095    36.637    -1.61    2.58
 195608.054    36.059    -1.99    2.45
 195898.030    35.717    -1.18    1.98
 196188.024    35.580    -0.47    1.97
 196478.035    35.740     0.55    2.24
 196768.064    35.990     0.86    2.21
 197057.046    36.557     1.97    2.57
 197343.430    37.077     1.81    2.56
 197629.830    37.392     1.10    2.36
 197916.248    37.670     0.97    2.18
 198202.682    37.476    -0.68    2.16
 198489.133    37.140    -1.17    2.07
 198775.600    36.857    -0.99    2.07
 199062.085    36.517    -1.19    1.55
 199348.586    36.323    -0.68    1.68
 199635.104    36.322    -0.00    2.07
 199921.639    36.159    -0.57    2.64
 200208.191    35.661    -1.74    3.04
 200494.759    34.892    -2.68    3.22
 200781.345    33.920    -3.39    3.43
 201067.947    33.083    -2.92    3.45
 201354.566    32.391    -2.42    3.20
 201641.202    31.531    -3.00    1.52
 201927.855    31.506    -0.09    1.35
 202214.524    31.910     1.41    1.33
 202501.210    32.501     2.06    1.86
 202787.914    33.182     2.37    1.95
 203074.634    33.661     1.67    1.80
 203361.371    34.156     1.73    2.00
 203648.125    34.576     1.46    1.88
 203934.895    34.945     1.29    1.86
 204221.683    35.474     1.84    1.75
 204508.487    35.675     0.70    1.60
 204795.309    36.028     1.23    1.70
 205082.147    36.198     0.59    1.41
 205369.002    36.576     1.32    1.40
 205655.874    36.965     1.36    1.55
 205942.762    37.517     1.92    1.60
 206229.668    37.830     1.09    1.54
 206516.591    37.958     0.45    1.40
 206803.530    38.184     0.79    1.43
 207090.487    38.295     0.39    1.36
 207377.460    38.293    -0.01    1.33
 207664.450    38.212    -0.28    1.22
 207951.457    38.111    -0.35    1.27
 208238.481    38.094    -0.06    1.37
 208525.522    37.990    -0.36    1.34
 208812.580    38.111     0.42    1.34
 209099.655    38.323     0.74    1.66
 209386.747    38.476     0.53    1.86
 209673.855    38.647     0.60    1.87
 209960.981    38.749     0.35    2.01
 210248.124    38.753     0.02    1.93
 210535.283    38.740    -0.05    1.95
 210822.460    38.759     0.07    1.80
 211109.653    38.601    -0.55    1.54
 211396.863    38.492    -0.38    1.55
 211684.091    38.634     0.50    1.37
 211971.335    38.378    -0.89    1.05
 212258.596    38.266    -0.39    0.95
 212545.874    38.204    -0.22    1.01
 212833.169    38.073    -0.46    0.95
 213120.481    37.914    -0.55    1.09
 213407.811    37.878    -0.12    1.06
 213695.157    37.684    -0.68    1.13
 213982.520    37.633    -0.18    1.27
 214269.900    37.485    -0.51    1.33
 214557.297    37.323    -0.57    1.39
 214844.711    37.196    -0.44    1.32
 215132.142    37.087    -0.38    1.19
 215419.590    37.097     0.04    1.18
 215707.055    37.140     0.15    1.19
 215994.537    37.365     0.78    1.43
 216282.036    37.448     0.29    1.37
 216569.552    37.597     0.52    1.29
 216857.085    37.553    -0.15    1.37
 217144.635    37.462    -0.32    1.36
 217432.203    37.661     0.69    2.49
 217719.787    37.557    -0.36    2.59
 218007.388    37.656     0.34    2.65
 218295.006    37.590    -0.23    2.70
 218582.641    37.590     0.00    2.70
 218870.294    37.378    -0.74    2.17
 219157.963    37.227    -0.53    1.50
 219445.650    37.212    -0.05    1.52
 219733.353    37.280     0.24    1.45
 220021.074    37.323     0.15    1.28
 220308.811    37.425     0.36    1.17
 220596.566    37.438     0.05    1.49
 220884.338    37.462     0.08    1.53
 221172.126    37.295    -0.58    1.30
 221459.932    37.351     0.20    1.30
 221747.755    37.460     0.38    1.31
 222035.595    37.392    -0.24    1.22
 222323.452    37.534     0.49    1.24
 222611.327    37.816     0.98    1.23
 222899.218    37.807    -0.03    1.26
 223187.126    38.032     0.78    1.25
 223475.052    38.226     0.67    1.30
 223762.995    38.323     0.34    1.22
 224050.954    38.405     0.29    1.02
 224338.931    38.474     0.24    0.99
 224626.925    38.520     0.16    0.96
 224914.936    38.393    -0.44    1.01
 225202.964    38.380    -0.05    1.03
 225491.010    38.381     0.00    1.04
 225779.072    38.438     0.20    1.20
 226067.152    38.597     0.55    1.17
 226355.248    38.745     0.51    1.25
 226643.362    38.864     0.41    1.21
 226931.493    38.857    -0.02    1.25
 227219.641    39.126     0.93    1.28
 227507.806    39.322     0.68    1.74
 227795.989    39.379     0.20    1.67
 228084.188    39.540     0.56    1.69
 228372.405    39.480    -0.21    1.74
 228660.639    39.364    -0.40    1.70
 228948.890    39.478     0.39    2.02
 229237.158    39.229    -0.86    1.88
 229525.444    39.121    -0.38    1.90
 229813.746    38.872    -0.86    2.02
 230102.066    38.540    -1.15    2.10
 230390.403    38.283    -0.89    2.18
 230678.757    38.223    -0.21    2.24
 230967.129    37.837    -1.34    1.73
 231255.517    37.529    -1.07    1.75
 231543.923    37.212    -1.10    1.78
 231832.346    36.958    -0.88    1.62
 232120.786    36.707    -0.87    1.74
 232409.243    36.449    -0.89    1.57
 232697.718    36.146    -1.05    1.58
 232986.210    35.624    -1.81    1.62
 233274.719    35.464    -0.56    1.66
 233563.245    35.506     0.15    2.21
 233851.788    35.241    -0.92    2.22
 234140.349    34.892    -1.21    2.23
 234428.927    34.624    -0.93    2.25
 234717.522    34.351    -0.95    2.19
 235006.134    34.101    -0.87    2.14
 235294.764    33.896    -0.71    2.12
 235583.411    33.583    -1.08    1.32
 235872.075    33.573    -0.04    1.36
 236160.756    33.656     0.29    1.42
 236449.455    33.767     0.38    1.50
 236738.171    33.892     0.43    1.51
 237026.904    34.101     0.72    1.38
 237315.655    34.226     0.43    1.53
 237604.422    34.337     0.38    1.60
 237893.207    34.322    -0.05    1.74
 238182.010    34.379     0.20    1.54
 238470.829    34.295    -0.29    1.56
 238759.666    34.229    -0.23    1.49
 239048.520    34.156    -0.25    1.36
 239337.392    34.296     0.48    1.31
 239626.280    34.490     0.67    1.22
 239915.186    34.351    -0.48    1.22
 240204.110    34.392     0.14    1.28
 240493.050    34.381    -0.04    1.35
 240782.008    34.337    -0.15    1.38
 241070.983    34.175    -0.56    1.46
 241359.976    34.134    -0.14    1.38
 241648.986    34.097    -0.13    1.82
 241938.013    34.039    -0.20    1.83
 242227.058    33.960    -0.28    1.78
 242516.120    33.917    -0.15    1.74
 242805.199    33.823    -0.32    1.75
 243094.296    33.794    -0.10    1.81
 243383.409    33.802     0.03    1.86
 243672.541    33.624    -0.61    1.50
 243961.689    33.433    -0.66    1.63
 244250.855    33.531     0.34    2.54
 244540.039    33.570     0.13    2.64
 244829.239    33.380    -0.66    2.74
 245118.458    33.190    -0.66    2.60
 245407.693    32.914    -0.95    2.49
 245696.946    32.717    -0.68    1.55
 245986.216    32.545    -0.59    1.57
 246275.504    32.392    -0.53    1.56
 246564.808    32.392     0.00    1.48
 246854.131    32.449     0.20    1.78
 247143.471    32.224    -0.78    1.84
 247432.828    32.065    -0.55    1.93
 247722.202    32.116     0.18    1.82
 248011.594    32.097    -0.07    1.83
 248301.004    32.145     0.16    1.79
 248590.430    32.012    -0.46    1.77
 248879.874    32.172     0.55    1.83
 249169.336    32.448     0.95    2.30
 249458.815    32.572     0.43    2.34
 249748.311    32.446    -0.43    2.44
 250037.825    32.104    -1.18    2.15
 250327.357    32.249     0.50    2.58
 250616.905    31.885    -1.26    2.76
 250906.471    31.490    -1.36    2.61
 251196.055    31.026    -1.60    2.46
 251485.656    30.642    -1.32    2.29
 251775.275    30.393    -0.86    2.17
 252064.911    29.940    -1.57    1.25
 252354.564    29.462    -1.65    1.35
 252644.235    29.351    -0.38    1.31
 252933.923    29.407     0.19    1.26
 253223.629    29.378    -0.10    1.36
 253513.352    29.253    -0.43    1.30
 253803.093    29.142    -0.38    1.34
 254092.851    29.041    -0.35    1.30
 254382.627    28.914    -0.44    1.55
 254672.420    28.587    -1.13    1.71
 254962.231    28.323    -0.91    1.65
 255252.059    28.026    -1.02    1.59
 255541.904    27.795    -0.80    1.62
 255831.768    27.517    -0.96    1.41
 256121.648    27.255    -0.91    1.33
 256411.547    27.041    -0.74    1.30
 256701.462    27.554     1.77    1.90
 256991.395    28.003     1.55    3.13
 257281.346    28.061     0.20    3.19
 257571.314    28.280     0.76    3.63
 257861.300    28.296     0.05    3.51
 258151.303    28.045    -0.86    3.14
 258441.324    27.892    -0.53    2.72
 258731.363    27.707    -0.64    1.35
 259021.418    27.651    -0.19    1.31
 259308.553    27.469    -0.63    1.20
 259594.906    27.172    -1.04    1.20
 259881.277    27.194     0.08    1.25
 260167.664    27.252     0.20    1.32
 260454.068    27.159    -0.33    1.31
 260740.490    27.159     0.00    1.58
 261026.928    27.121    -0.13    1.61
 261313.383    27.087    -0.12    1.63
 261599.856    26.971    -0.41    1.56
 261886.345    26.896    -0.26    1.25
 262172.851    26.851    -0.16    1.32
 262459.375    26.726    -0.44    1.19
 262745.915    26.576    -0.52    1.29
 263032.473    26.615     0.13    1.32
 263319.048    26.642     0.10    1.32
 263605.639    26.688     0.16    1.39
 263892.248    26.556    -0.46    1.44
 264178.874    26.490    -0.23    1.27
 264465.517    26.513     0.08    1.27
 264752.176    26.494    -0.07    1.36
 265038.853    26.548     0.19    1.31
 265325.547    26.464    -0.29    1.32
 265612.259    26.420    -0.15    1.25
 265898.987    26.392    -0.10    1.31
 266185.732    26.431     0.14    1.28
 266472.494    26.795     1.27    1.43
 266759.274    26.898     0.36    1.34
 267046.070    26.780    -0.41    1.39
 267332.884    26.690    -0.31    1.38
 267619.715    26.851     0.56    1.47
 267906.563    26.965     0.40    1.38
 268193.428    26.985     0.07    1.47
 268480.310    26.775    -0.73    1.51
 268767.209    26.597    -0.62    1.46
 269054.125    26.553    -0.15    1.44
 269341.059    26.446    -0.37    1.38
 269628.009    26.590     0.50    1.35
 269914.977    26.557    -0.11    1.36
 270201.962    26.775     0.76    1.72
 270488.963    26.740    -0.12    1.73
 270775.983    26.628    -0.39    1.76
 271063.019    26.611    -0.06    1.78
 271350.072    26.559    -0.18    1.77
 271637.143    26.553    -0.02    1.80
 271924.230    26.433    -0.42    1.77
 272211.335    26.531     0.34    1.74
 272498.457    26.513    -0.06    1.88
 272785.596    26.365    -0.52    1.78
 273072.753    26.434     0.24    1.86
 273359.926    26.531     0.34    1.71
 273647.117    26.364    -0.58    1.78
 273934.325    26.063    -1.05    1.42
 274221.550    26.012    -0.18    1.36
 274508.792    25.871    -0.49    1.42
 274796.051    25.556    -1.10    1.59
 275083.328    25.438    -0.41    1.78
 275370.622    25.249    -0.66    1.81
 275657.932    25.198    -0.18    1.75
 275945.261    25.003    -0.68    1.81
 276232.606    24.851    -0.53    1.70
 276519.969    24.720    -0.45    1.64
 276807.348    24.679    -0.14    1.69
 277094.745    24.573    -0.37    1.64
 277382.160    24.503    -0.24    1.58
 277669.591    24.435    -0.24    1.72
 277957.040    24.396    -0.14    1.69
 278244.506    24.104    -1.01    1.62
 278531.989    23.886    -0.76    1.59
 278819.489    23.761    -0.43    1.49
 279107.007    23.583    -0.62    1.57
 279394.542    23.434    -0.52    1.46
 279682.094    23.170    -0.92    1.37
 279969.663    23.159    -0.04    1.32
 280257.250    23.186     0.10    1.25
 280544.854    23.028    -0.55    1.11
 280832.475    23.035     0.03    1.43
 281120.114    22.878    -0.55    1.54
 281407.769    22.720    -0.55    1.36
 281695.442    22.559    -0.56    1.29
 281983.133    22.419    -0.49    1.28
 282270.840    22.323    -0.33    1.35
 282558.565    22.226    -0.34    1.90
 282846.307    22.168    -0.20    2.20
 283134.066    21.822    -1.20    2.26
 283421.843    21.482    -1.18    2.33
 283709.637    21.145    -1.17    2.32
 283997.448    20.795    -1.22    2.24
 284285.277    20.472    -1.12    2.47
 284573.123    20.159    -1.09    2.08
 284860.986    19.857    -1.05    1.80
 285148.867    19.740    -0.41    1.80
 285436.764    19.590    -0.52    1.78
 285724.680    19.531    -0.21    1.64
 286012.612    19.410    -0.42    1.32
 286300.562    19.435     0.09    1.36
 286588.529    19.460     0.09    1.37
 286876.514    19.418    -0.15    1.48
 287164.515    19.323    -0.33    1.58
 287452.535    19.118    -0.71    1.33
 287740.571    18.928    -0.66    1.26
 288028.625    18.734    -0.67    1.29
 288316.696    18.781     0.16    1.41
 288604.785    18.866     0.30    1.31
 288892.891    19.073     0.72    1.37
 289181.014    19.215     0.49    1.37
 289469.155    19.512     1.03    1.76
 289757.313    19.734     0.77    1.71
 290045.489    19.999     0.92    1.69
 290333.681    20.126     0.44    1.66
 290621.892    20.163     0.13    1.61
 290910.119    20.115    -0.17    1.70
 291198.364    20.037    -0.27    1.76
 291486.627    19.647    -1.35    1.40
 291774.906    19.661     0.05    1.37
 292063.204    19.583    -0.27    1.18
 292351.518    19.567    -0.06    1.22
 292639.850    19.756     0.66    1.26
 292928.200    20.069     1.09    1.16
 293216.567    20.160     0.32    1.08
 293504.951    20.227     0.23    1.17
 293793.353    20.238     0.04    1.22
 294081.772    20.269     0.11    1.24
 294370.208    20.350     0.28    1.25
 294658.662    20.241    -0.38    1.23
 294947.134    20.269     0.10    1.25
 295235.623    20.378     0.38    1.63
 295524.129    20.517     0.48    1.78
 295812.653    20.704     0.65    2.11
 296101.194    20.394    -1.08    1.97
 296389.752    20.073    -1.11    1.73
 296678.329    20.041    -0.11    1.68
 296966.922    19.783    -0.90    1.69
 297255.533    19.570    -0.74    1.65
 297544.162    19.101    -1.63    1.23
 297832.808    18.865    -0.82    1.26
 298121.471    18.520    -1.19    1.39
 298410.152    18.251    -0.93    1.36
 298698.851    17.917    -1.16    1.35
 298987.567    17.531    -1.33    1.31
 299276.300    17.570     0.13    1.47
 299565.051    17.458    -0.39    1.60
 299853.820    17.188    -0.94    1.68
 300142.605    17.080    -0.37    1.81
 300431.409    16.670    -1.42    2.05
 300720.230    16.241    -1.49    2.13
 301009.068    15.898    -1.19    2.07
 301297.924    15.675    -0.77    1.77
 301586.798    15.529    -0.51    1.62
 301875.689    15.512    -0.06    1.56
 302164.597    15.715     0.70    1.37
 302453.524    16.022     1.06    1.48
 302742.467    16.296     0.95    1.40
 303031.428    16.482     0.64    1.48
 303320.407    16.580     0.34    1.40
 303609.403    16.647     0.23    1.37
 303898.417    16.689     0.15    1.41
 304187.449    16.604    -0.29    1.44
 304476.498    16.720     0.40    1.25
 304765.564    16.756     0.12    1.15
 305054.648    16.745    -0.04    1.17
 305343.750    16.753     0.03    1.21
 305632.869    16.556    -0.68    1.40
 305922.006    16.366    -0.66    1.47
 306211.160    16.378     0.04    1.51
 306500.332    16.309    -0.24    1.58
 306789.522    16.350     0.14    1.59
 307078.729    16.393     0.15    1.73
 307367.953    16.501     0.37    1.80
 307657.196    16.712     0.73    1.69
 307946.456    16.962     0.86    1.54
 308235.733    17.104     0.49    1.47
 308525.028    17.234     0.45    1.38
 308814.341    17.101    -0.46    1.42
 309103.671    16.958    -0.49    1.32
 309393.019    16.810    -0.51    1.33
 309682.385    16.761    -0.17    1.29
 309971.768    16.657    -0.36    1.32
 310261.169    16.365    -1.01    1.37
 310550.588    16.221    -0.50    1.30
 310840.024    16.200    -0.07    1.21
 311129.478    16.111    -0.31    1.22
 311418.949    16.031    -0.28    1.23
 311708.438    15.945    -0.30    1.19
 311997.945    15.666    -0.97    1.18
 312287.469    15.715     0.17    1.06
 312577.011    15.748     0.11    1.12
 312866.571    15.844     0.33    1.24
 313156.148    16.028     0.64    1.27
 313445.744    16.419     1.35    1.34
 313735.356    16.767     1.20    1.29
 314024.987    16.918     0.52    1.29
 314314.635    17.104     0.64    1.18
 314604.301    17.296     0.66    1.18
 314893.984    17.407     0.39    1.20
 315183.685    17.494     0.30    1.09
 315473.404    17.474    -0.07    1.18
 315763.141    17.685     0.73    1.20
 316052.895    18.023     1.17    1.32
 316342.667    18.256     0.81    1.58
 316632.457    18.281     0.09    1.56
 316922.264    18.256    -0.09    1.53
 317212.089    18.404     0.51    1.45
 317501.932    18.406     0.01    1.46
 317791.793    18.293    -0.39    1.35
 318081.671    18.087    -0.71    1.12
 318371.567    18.035    -0.18    1.27
 318661.481    18.008    -0.09    1.34
 318951.412    18.227     0.76    1.43
 319241.362    18.214    -0.05    1.41
 319531.329    18.241     0.09    1.26
 319821.314    18.378     0.47    1.16
 320111.316    18.554     0.61    1.15
 320401.336    18.587     0.11    1.04
 320691.375    18.727     0.48    1.20
 320981.430    18.775     0.17    1.21
 321270.460    18.856     0.28    1.18
 321556.768    18.924     0.24    1.22
