-281730.960   102.940     0.00    1.70
-281441.213   102.837    -0.35    1.74
-281151.482   102.946     0.37    1.67
-280861.769   103.096     0.52    1.78
-280572.073   103.185     0.31    1.77
-280282.393   102.971    -0.74    1.79
-279992.731   102.657    -1.09    2.04
-279703.085   102.323    -1.15    2.11
-279413.457   101.725    -2.07    2.39
-279123.845   101.176    -1.89    2.41
-278834.250   100.162    -3.50    2.48
-278544.673    99.374    -2.72    2.63
-278255.112    98.257    -3.86    3.02
-277965.568    97.042    -4.19    3.04
-277676.041    96.071    -3.36    2.97
-277386.530    95.428    -2.22    2.72
-277097.037    94.485    -3.26    2.75
-276807.561    93.785    -2.42    2.37
-276518.101    93.426    -1.24    2.60
-276228.659    93.456     0.10    2.56
-275939.233    93.175    -0.97    2.69
-275649.824    92.711    -1.61    2.88
-275360.432    92.374    -1.16    2.94
-275071.057    92.388     0.05    2.89
-274781.699    92.513     0.43    3.07
-274492.357    93.128     2.12    3.32
-274203.033    93.699     1.98    3.42
-273913.725    94.529     2.87    3.34
-273624.434    95.543     3.51    2.88
-273335.160    96.569     3.55    2.37
-273045.903    96.918     1.21    2.39
-272756.663    96.957     0.14    2.47
-272467.440    96.992     0.12    2.58
-272178.233    96.750    -0.84    2.55
-271889.043    96.985     0.81    2.47
-271599.871    97.285     1.04    2.39
-271310.715    97.971     2.37    2.20
-271021.575    98.416     1.54    2.30
-270732.453    99.091     2.34    2.62
-270443.347    99.855     2.64    2.61
-270154.259   100.471     2.13    2.75
-269865.187   100.746     0.95    2.66
-269576.131   100.397    -1.21    2.74
-269287.093   100.099    -1.03    2.59
-268998.072    99.626    -1.64    2.85
-268709.067    98.916    -2.46    2.69
-268420.079    98.458    -1.59    2.34
-268131.108    98.033    -1.47    2.05
-267842.153    97.654    -1.31    1.84
-267553.216    97.203    -1.56    1.90
-267264.295    96.691    -1.77    2.22
-266975.391    95.848    -2.92    2.32
-266686.504    95.260    -2.03    2.33
-266397.633    94.795    -1.61    2.33
-266108.779    94.302    -1.71    2.03
-265819.943    94.235    -0.23    1.84
-265531.122    94.340     0.36    1.99
-265242.319    94.757     1.44    1.97
-264953.532    94.848     0.31    1.89
-264664.762    95.176     1.14    1.86
-264376.009    95.823     2.24    1.78
-264087.273    96.598     2.68    3.34
-263798.553    97.499     3.12    4.34
-263509.850    98.013     1.78    4.27
-263221.164    98.499     1.68    4.16
-262932.494    98.876     1.31    4.19
-262643.842    98.999     0.43    4.06
-262355.206    99.103     0.36    3.32
-262066.586    98.771    -1.15    2.40
-261777.984    99.019     0.86    2.28
-261489.398    99.280     0.90    2.13
-261200.829    99.316     0.13    2.15
-260912.276    99.554     0.82    2.09
-260623.740    99.485    -0.24    1.97
-260335.221    99.471    -0.05    2.00
-260046.719    99.499     0.10    1.90
-259758.233    99.485    -0.05    1.96
-259469.764    99.781     1.03    1.97
-259181.312   100.207     1.48    2.00
-258892.876   100.391     0.64    1.95
-258604.457   100.721     1.15    1.78
-258316.055   100.785     0.22    1.79
-258027.669   100.720    -0.22    1.75
-257739.300   100.671    -0.17    1.76
-257450.948   100.355    -1.10    1.89
-257162.613   100.358     0.01    1.93
-256874.294   100.374     0.05    2.01
-256585.991   100.319    -0.19    1.99
-256297.706   100.142    -0.61    1.93
-256009.437    99.965    -0.62    1.96
-255721.184    99.647    -1.10    1.77
-255432.949    99.176    -1.63    1.73
-255144.730    98.728    -1.56    1.66
-254856.527    98.485    -0.84    1.64
-254568.341    98.034    -1.56    1.82
-254280.172    97.771    -0.91    1.80
-253992.020    97.269    -1.74    1.99
-253703.884    96.666    -2.09    2.00
-253415.764    96.239    -1.48    1.96
-253127.662    95.706    -1.85    2.09
-252839.576    95.180    -1.83    2.13
-252551.506    94.949    -0.80    2.13
-252263.453    94.781    -0.58    2.03
-251975.417    94.763    -0.06    2.00
-251687.397    95.006     0.85    2.22
-251399.394    95.316     1.08    2.41
-251111.408    95.837     1.81    2.36
-250823.438    96.676     2.91    2.05
-250535.484    96.956     0.97    2.11
-250247.548    97.099     0.50    1.88
-249959.628    97.034    -0.23    1.65
-249671.724    97.105     0.24    2.05
-249383.837    96.823    -0.98    2.03
-249095.967    96.608    -0.75    2.05
-248808.113    95.999    -2.12    2.49
-248520.275    95.311    -2.39    2.64
-248232.455    94.676    -2.21    2.84
-247944.650    94.049    -2.18    2.49
-247656.863    93.703    -1.20    2.25
-247369.092    93.614    -0.31    2.30
-247081.337    93.682     0.24    2.22
-246793.599    93.837     0.54    2.22
-246505.878    94.203     1.27    1.98
-246218.173    94.696     1.71    1.56
-245930.484    94.905     0.73    1.53
-245642.812    95.000     0.33    1.54
-245355.157    95.328     1.14    1.65
-245067.518    95.696     1.28    1.70
-244779.896    96.099     1.40    1.63
-244492.290    96.485     1.34    1.82
-244204.701    96.851     1.27    1.79
-243917.128    97.157     1.06    1.55
-243629.571    97.485     1.14    1.49
-243342.032    97.735     0.87    1.45
-243054.508    97.819     0.29    1.44
-242767.002    98.028     0.73    1.45
-242479.511    98.085     0.20    1.37
-242192.037    98.342     0.89    1.32
-241904.580    98.542     0.70    1.23
-241617.139    98.685     0.50    1.28
-241329.715    99.006     1.12    1.26
-241042.307    99.152     0.51    1.20
-240754.915    98.912    -0.84    1.34
-240467.540    98.714    -0.69    1.50
-240180.182    98.330    -1.33    1.78
-239892.840    97.971    -1.25    1.86
-239605.514    97.330    -2.23    1.91
-239318.205    97.119    -0.74    1.89
-239030.912    97.057    -0.22    1.85
-238743.636    97.161     0.36    1.80
-238456.376    97.368     0.72    1.62
-238169.133    97.442     0.26    1.63
-237881.906    97.857     1.44    1.56
-237594.696    97.992     0.47    1.63
-237307.502    98.157     0.57    1.63
-237020.324    98.385     0.80    1.67
-236733.163    98.657     0.95    1.65
-236446.018    98.823     0.58    1.52
-236158.890    99.094     0.94    1.55
-235871.778    99.279     0.65    1.52
-235584.682    99.471     0.67    1.42
-235297.603    99.682     0.74    1.27
-235010.540    99.936     0.88    1.13
-234723.494   100.143     0.72    1.15
-234436.464   100.180     0.13    1.06
-234149.450   100.085    -0.33    1.15
-233862.453   100.071    -0.05    1.17
-233575.472   100.000    -0.25    1.23
-233288.508    99.891    -0.38    1.30
-233001.560    99.601    -1.01    1.28
-232714.628    99.369    -0.81    1.23
-232427.713    99.034    -1.17    1.22
-232140.814    98.814    -0.77    1.30
-231853.932    98.471    -1.19    1.40
-231567.066    98.027    -1.55    1.32
-231280.216    97.771    -0.89    1.42
-230993.382    97.544    -0.79    1.41
-230706.565    97.442    -0.35    1.54
-230419.765    97.271    -0.60    1.60
-230132.980    97.330     0.21    1.63
-229846.212    97.360     0.10    1.59
-229559.461    97.194    -0.58    1.56
-229272.725    97.119    -0.26    1.49
-228986.006    97.077    -0.15    1.49
-228699.303    96.941    -0.47    1.27
-228412.617    96.971     0.10    1.35
-228125.947    96.833    -0.48    1.54
-227839.293    96.657    -0.62    1.59
-227552.656    96.499    -0.55    1.69
-227266.035    96.514     0.05    1.64
-226979.430    96.499    -0.05    1.37
-226692.842    96.650     0.53    1.33
-226406.269    96.871     0.77    1.39
-226119.714    96.956     0.30    1.34
-225833.174    96.950    -0.02    1.29
-225546.651    96.703    -0.86    1.38
-225258.089    96.246    -1.58    1.68
-224968.029    95.680    -1.95    1.73
-224677.987    95.069    -2.11    1.79
-224387.962    94.513    -1.91    1.90
-224097.953    93.894    -2.14    1.95
-223807.961    93.441    -1.56    1.98
-223517.985    92.543    -3.10    2.26
-223228.027    92.094    -1.55    2.31
-222938.085    91.529    -1.95    2.46
-222648.160    91.020    -1.76    2.29
-222358.252    90.699    -1.11    2.26
-222068.360    90.415    -0.98    2.18
-221778.486    90.021    -1.36    1.94
-221488.628    89.970    -0.18    1.82
-221198.786    89.706    -0.91    1.75
-220908.962    89.527    -0.62    1.56
-220619.154    89.235    -1.01    1.22
-220329.363    89.063    -0.60    1.25
-220039.589    88.957    -0.36    1.27
-219749.831    88.922    -0.12    1.33
-219460.090    88.842    -0.27    1.32
-219170.366    88.942     0.35    1.25
-218880.658    89.015     0.25    1.28
-218590.968    89.330     1.09    1.25
-218301.293    89.457     0.44    1.43
-218011.636    89.701     0.84    1.44
-217721.995    89.964     0.91    1.43
-217432.371    90.299     1.16    1.50
-217142.764    90.691     1.35    1.43
-216853.173    91.063     1.28    1.42
-216563.599    91.398     1.16    1.33
-216274.042    91.880     1.66    1.31
-215984.501    92.332     1.56    1.37
-215694.978    92.721     1.34    1.33
-215405.470    92.922     0.69    1.27
-215115.980    93.288     1.27    1.21
-214826.506    93.838     1.90    1.32
-214537.048    94.268     1.48    1.35
-214247.608    94.618     1.21    1.52
-213958.184    95.103     1.68    1.57
-213668.777    95.513     1.42    1.62
-213379.386    96.049     1.85    1.68
-213090.012    96.614     1.95    1.78
-212800.654    97.128     1.78    1.65
-212511.314    97.750     2.15    1.63
-212221.990    98.250     1.73    1.68
-211932.682    98.640     1.35    1.55
-211643.391    98.865     0.78    1.37
-211354.117    99.049     0.63    1.38
-211064.859    99.133     0.29    1.29
-210775.618    99.034    -0.34    1.36
-210486.394    98.720    -1.09    1.38
-210197.186    98.314    -1.41    1.37
-209907.995    98.015    -1.03    1.53
-209618.820    97.442    -1.98    1.65
-209329.662    96.880    -1.95    1.71
-209040.521    96.458    -1.46    1.57
-208751.396    95.851    -2.10    1.50
-208462.288    95.571    -0.97    1.54
-208173.196    95.368    -0.70    1.46
-207884.121    95.214    -0.53    1.43
-207595.062    95.088    -0.43    1.48
-207306.021    95.014    -0.26    1.58
-207016.995    94.819    -0.68    1.91
-206727.986    94.650    -0.58    1.98
-206438.994    94.414    -0.82    2.33
-206150.018    94.288    -0.44    2.56
-205861.059    94.103    -0.64    2.75
-205572.117    94.007    -0.33    2.86
-205283.191    93.630    -1.30    3.07
-204994.281    93.128    -1.74    3.46
-204705.388    92.654    -1.64    3.32
-204416.512    91.978    -2.34    3.26
-204127.652    91.203    -2.68    3.07
-203838.809    90.570    -2.19    3.07
-203549.982    89.618    -3.30    2.75
-203261.172    88.838    -2.70    2.71
-202972.378    88.057    -2.71    2.50
-202683.601    87.271    -2.72    2.29
-202394.840    86.316    -3.31    2.11
-202106.096    85.685    -2.19    2.01
-201817.368    85.053    -2.19    1.95
-201528.657    84.471    -2.02    1.84
-201239.963    83.868    -2.09    1.94
-200951.284    83.191    -2.34    2.05
-200662.623    82.271    -3.19    2.36
-200373.978    81.342    -3.22    2.46
-200085.349    80.570    -2.68    2.19
-199796.737    80.608     0.13    2.15
-199508.141    80.971     1.26    2.57
-199219.562    82.175     4.17    3.18
-198930.999    83.485     4.54    3.38
-198642.453    84.926     5.00    3.09
-198353.923    86.529     5.55    2.71
-198065.410    87.528     3.46    2.49
-197776.913    88.542     3.52    2.41
-197488.432    89.542     3.47    2.52
-197199.968    90.485     3.27    2.36
-196911.521    91.232     2.59    2.32
-196623.090    91.848     2.14    2.12
-196334.675    92.323     1.65    1.83
-196046.277    92.647     1.12    1.31
-195757.895    92.725     0.27    1.27
-195469.530    92.499    -0.78    1.27
-195181.181    92.218    -0.98    1.34
-194892.849    91.682    -1.86    1.46
-194604.533    91.189    -1.71    1.30
-194316.233    90.779    -1.42    1.19
-194027.950    90.500    -0.97    1.18
-193739.683    90.353    -0.51    1.35
-193451.433    90.099    -0.88    1.28
-193163.199    89.908    -0.67    1.12
-192874.981    89.882    -0.09    1.11
-192586.780    89.753    -0.45    1.25
-192298.596    89.556    -0.68    1.25
-192010.427    89.314    -0.84    1.15
-191722.275    89.099    -0.74    1.11
-191434.140    89.015    -0.29    1.18
-191146.021    88.790    -0.78    1.29
-190857.918    88.582    -0.72    1.26
-190569.832    88.252    -1.15    1.22
-190281.762    88.042    -0.73    1.16
-189993.708    87.880    -0.57    1.10
-189705.671    87.685    -0.67    1.10
-189417.650    87.542    -0.50    1.06
-189129.645    87.279    -0.91    1.15
-188841.657    87.118    -0.56    1.16
-188553.685    86.894    -0.78    1.21
-188265.730    86.799    -0.33    1.23
-187977.791    86.610    -0.66    1.44
-187689.868    86.416    -0.68    1.59
-187401.961    86.171    -0.85    1.57
-187114.071    86.065    -0.37    1.87
-186826.198    85.828    -0.82    1.97
-186538.340    85.676    -0.53    2.10
-186250.499    85.500    -0.61    2.20
-185962.674    85.133    -1.27    2.29
-185674.866    84.823    -1.08    2.22
-185387.074    84.485    -1.17    2.24
-185099.298    84.071    -1.44    2.10
-184811.538    83.691    -1.32    1.90
-184523.795    83.528    -0.57    1.82
-184236.068    83.250    -0.97    1.59
-183948.358    83.128    -0.42    1.32
-183660.664    82.851    -0.96    1.21
-183372.986    82.828    -0.08    1.16
-183085.324    82.674    -0.54    1.09
-182797.679    82.638    -0.12    0.94
-182510.049    82.662     0.08    0.98
-182222.437    82.922     0.90    0.98
-181934.840    83.021     0.35    1.15
-181647.260    83.338     1.10    1.24
-181359.696    83.624     0.99    1.34
-181072.148    83.942     1.11    1.34
-180784.617    84.277     1.16    1.34
-180497.102    84.457     0.63    1.19
-180209.603    84.557     0.35    1.18
-179922.120    84.630     0.26    1.10
-179634.654    84.728     0.34    0.98
-179347.204    84.720    -0.03    1.08
-179059.770    84.614    -0.37    1.10
-178772.352    84.429    -0.64    1.17
-178484.951    84.255    -0.60    1.10
-178197.565    84.063    -0.67    1.10
-177910.196    83.857    -0.72    1.08
-177622.844    83.603    -0.88    1.02
-177335.507    83.599    -0.01    1.10
-177048.187    83.397    -0.70    1.09
-176760.883    83.357    -0.14    1.12
-176473.595    83.260    -0.34    1.15
-176186.324    83.047    -0.74    1.09
-175899.068    82.992    -0.19    1.08
-175611.829    82.950    -0.15    1.14
-175324.606    82.971     0.07    1.14
-175037.399    83.000     0.10    1.18
-174750.209    83.103     0.36    1.17
-174463.034    83.147     0.15    1.18
-174175.876    83.302     0.54    1.05
-173888.734    83.414     0.39    1.01
-173601.608    83.638     0.78    1.10
-173314.499    83.888     0.87    1.38
-173027.405    84.063     0.61    1.37
-172740.328    84.338     0.96    1.44
-172453.267    84.662     1.13    1.44
-172166.222    84.868     0.72    1.38
-171879.193    85.050     0.64    1.37
-171592.181    85.218     0.58    1.33
-171305.184    85.156    -0.21    1.33
-171018.204    85.189     0.11    1.44
-170731.240    85.189     0.00    1.59
-170444.292    84.978    -0.74    1.78
-170157.360    84.828    -0.52    2.01
-169870.444    84.750    -0.27    2.06
-169583.545    84.239    -1.78    2.32
-169296.661    84.020    -0.76    2.51
-169009.794    83.499    -1.82    2.59
-168722.943    83.099    -1.39    2.70
-168436.108    82.753    -1.21    3.10
-168149.289    82.065    -2.40    3.23
-167862.486    81.253    -2.83    3.40
-167575.700    80.794    -1.60    3.51
-167288.929    79.662    -3.95    4.15
-167002.175    78.880    -2.73    4.44
-166715.436    78.274    -2.11    4.64
-166428.714    77.942    -1.16    5.02
-166142.008    78.014     0.25    5.07
-165855.318    77.971    -0.15    5.16
-165568.644    78.137     0.58    4.81
-165281.986    78.044    -0.33    4.48
-164995.345    77.323    -2.51    4.16
-164708.719    76.176    -4.00    3.85
-164422.109    74.771    -4.90    3.80
-164135.516    72.964    -6.31    4.14
-163848.938    70.799    -7.55    4.52
-163562.377    68.865    -6.75    4.76
-163275.454    66.328    -8.84    5.38
-162985.392    63.833    -8.60    5.14
-162695.346    61.691    -7.39    5.00
-162405.316    59.603    -7.20    4.38
-162115.303    57.790    -6.25    3.97
-161825.307    56.175    -5.57    3.36
-161535.327    54.823    -4.66    3.05
-161245.363    53.556    -4.37    3.34
-160955.416    52.195    -4.69    3.37
-160665.486    50.914    -4.42    3.50
-160375.572    49.470    -4.98    3.69
-160085.675    48.326    -3.95    3.88
-159795.794    46.555    -6.11    3.78
-159505.930    45.471    -3.74    3.55
-159216.082    44.413    -3.65    3.21
-158926.251    43.302    -3.83    3.26
-158636.436    42.029    -4.39    2.71
-158346.637    41.323    -2.44    2.54
-158056.855    40.558    -2.64    2.18
-157767.090    40.094    -1.60    1.78
-157477.341    39.556    -1.86    1.44
-157187.609    39.401    -0.53    1.32
-156897.893    39.214    -0.65    1.32
-156608.193    39.232     0.06    1.33
-156318.510    39.103    -0.44    1.35
-156028.844    39.279     0.61    1.47
-155739.194    39.500     0.76    1.63
-155449.560    39.728     0.79    2.09
-155159.943    40.598     3.00    3.16
-154870.342    41.799     4.15    4.11
-154580.758    43.091     4.46    4.95
-154291.190    45.014     6.64    6.37
-154001.639    47.206     7.57    7.24
-153712.104    48.559     4.67    7.67
-153422.585    51.181     9.06    7.30
-153133.083    53.077     6.55    7.09
-152843.598    55.282     7.62    6.43
-152554.129    56.985     5.88    6.01
-152264.676    57.897     3.15    4.91
-151975.239    58.456     1.93    3.90
-151685.819    58.500     0.15    3.77
-151396.416    57.309    -4.12    4.41
-151107.029    56.171    -3.93    4.49
-150817.658    54.232    -6.70    4.47
-150528.304    52.344    -6.52    4.23
-150238.966    50.809    -5.31    3.82
-149949.644    49.688    -3.88    3.58
-149660.339    48.941    -2.58    3.77
-149371.050    49.044     0.36    3.99
-149081.778    48.897    -0.51    4.21
-148792.522    49.399     1.74    4.53
-148503.282    49.640     0.83    4.22
-148214.059    49.402    -0.82    3.69
-147924.852    49.302    -0.35    3.44
-147635.662    49.288    -0.05    3.21
-147346.488    49.118    -0.59    3.15
-147057.330    49.428     1.07    3.12
-146768.189    49.970     1.88    3.12
-146479.064    50.085     0.40    2.96
-146189.955    50.099     0.05    2.68
-145900.863    49.688    -1.42    2.74
-145611.786    49.668    -0.07    2.61
-145322.727    49.152    -1.79    3.21
-145033.684    48.706    -1.54    3.24
-144744.657    48.385    -1.11    3.41
-144455.646    48.044    -1.18    3.58
-144166.652    47.757    -0.99    3.84
-143877.674    48.246     1.69    4.26
-143588.712    48.704     1.59    4.65
-143299.767    49.401     2.41    4.43
-143010.837    50.152     2.60    4.22
-142721.925    50.603     1.56    3.71
-142433.028    50.848     0.85    3.39
-142144.148    50.862     0.05    3.49
-141855.284    50.626    -0.82    3.89
-141566.437    49.865    -2.63    4.24
-141277.606    48.626    -4.29    4.92
-140988.791    46.971    -5.73    5.14
-140699.992    45.853    -3.87    5.13
-140411.210    44.853    -3.46    4.91
-140122.444    43.794    -3.67    4.64
-139833.694    43.761    -0.12    4.40
-139544.960    43.442    -1.10    4.36
-139256.243    43.714     0.94    3.85
-138967.542    44.471     2.62    3.99
-138678.858    45.851     4.78    4.01
-138390.189    47.585     6.01    4.14
-138101.537    49.265     5.82    4.03
-137812.901    50.905     5.69    3.74
-137524.281    51.985     3.74    3.26
-137235.678    52.528     1.88    3.17
-136947.091    52.299    -0.79    3.44
-136658.520    51.401    -3.12    3.93
-136369.965    50.007    -4.83    3.77
-136081.427    48.557    -5.03    3.24
-135792.904    47.044    -5.24    2.78
-135504.399    46.088    -3.31    2.31
-135215.909    45.257    -2.88    1.80
-134927.435    44.696    -1.94    1.63
-134638.978    44.742     0.16    1.80
-134350.537    45.228     1.68    2.27
-134062.112    46.085     2.97    2.76
-133773.703    47.097     3.51    2.91
-133485.311    48.353     4.35    3.18
-133196.935    49.735     4.79    3.16
-132908.574    51.456     5.97    2.73
-132620.231    52.828     4.76    2.56
-132331.903    54.114     4.46    2.69
-132043.591    55.246     3.93    2.64
-131755.296    56.239     3.44    2.52
-131467.017    57.220     3.41    2.50
-131178.754    57.765     1.89    2.32
-130890.507    58.309     1.89    2.06
-130602.277    58.642     1.16    1.71
-130314.062    58.753     0.38    1.55
-130025.864    58.749    -0.01    1.45
-129737.682    58.626    -0.43    1.34
-129449.516    58.415    -0.73    1.30
-129161.366    57.891    -1.82    1.35
-128873.233    57.412    -1.66    1.56
-128585.115    57.015    -1.38    1.60
-128297.014    56.311    -2.44    1.48
-128008.929    55.711    -2.09    1.73
-127720.860    54.971    -2.57    1.94
-127432.807    54.246    -2.52    1.90
-127144.770    53.685    -1.95    1.86
-126856.750    52.750    -3.25    1.83
-126568.745    52.214    -1.86    1.78
-126280.757    51.573    -2.22    1.70
-125992.785    50.862    -2.47    1.90
-125704.829    50.429    -1.50    1.74
-125416.889    49.877    -1.92    1.67
-125128.965    49.344    -1.85    1.52
-124841.057    49.071    -0.95    1.72
-124553.165    48.750    -1.12    1.83
-124265.290    48.571    -0.62    1.72
-123977.430    48.250    -1.12    1.73
-123689.587    47.819    -1.50    2.01
-123401.760    47.133    -2.38    2.17
-123113.949    46.554    -2.01    1.98
-122826.154    46.007    -1.90    2.06
-122538.375    45.414    -2.06    2.01
-122250.612    44.603    -2.82    1.48
-121962.865    44.085    -1.80    1.65
-121675.134    43.353    -2.55    1.94
-121387.419    42.514    -2.92    2.27
-121099.721    41.725    -2.74    2.26
-120812.038    41.013    -2.47    1.88
-120524.372    40.514    -1.73    1.64
-120236.721    40.246    -0.93    1.45
-119949.087    40.015    -0.80    1.48
-119661.469    39.970    -0.15    1.45
-119373.866    40.029     0.20    1.42
-119086.280    39.882    -0.51    1.58
-118798.710    39.739    -0.50    1.58
-118511.156    39.527    -0.73    1.53
-118223.618    39.316    -0.73    1.54
-117936.095    39.049    -0.93    1.48
-117648.589    38.971    -0.27    1.44
-117361.099    38.735    -0.82    1.31
-117073.625    38.956     0.77    1.66
-116786.167    38.853    -0.36    1.74
-116498.725    38.899     0.16    1.77
-116211.299    38.771    -0.45    1.56
-115923.889    38.555    -0.75    1.49
-115636.495    38.499    -0.19    1.52
-115349.118    38.355    -0.50    1.69
-115061.756    38.000    -1.24    1.42
-114774.410    37.956    -0.15    1.41
-114487.080    37.647    -1.07    1.32
-114199.766    37.500    -0.51    1.32
-113912.468    37.330    -0.59    1.33
-113625.186    37.194    -0.48    1.29
-113337.920    36.992    -0.70    1.24
-113050.670    36.908    -0.29    1.25
-112763.436    36.838    -0.24    1.16
-112476.218    36.775    -0.22    1.15
-112189.015    36.706    -0.24    1.10
-111901.829    36.485    -0.77    1.20
-111614.659    36.344    -0.49    1.26
-111327.505    36.239    -0.37    1.28
-111040.367    36.091    -0.51    1.28
-110753.244    36.014    -0.27    1.28
-110466.138    36.007    -0.02    1.21
-110179.047    35.885    -0.42    1.13
-109891.973    35.868    -0.06    1.43
-109604.914    35.735    -0.46    1.46
-109317.872    35.342    -1.37    1.57
-109030.845    34.828    -1.79    1.95
-108743.834    34.071    -2.64    1.91
-108456.840    33.274    -2.78    1.84
-108169.861    32.614    -2.30    2.01
-107882.898    31.971    -2.24    1.89
-107595.951    31.588    -1.33    1.66
-107309.019    31.079    -1.77    1.52
-107022.104    30.891    -0.66    1.38
-106735.205    30.528    -1.27    1.48
-106448.321    30.371    -0.55    1.49
-106161.454    30.271    -0.35    1.59
-105874.602    30.128    -0.50    1.58
-105587.767    29.885    -0.85    1.65
-105300.947    29.765    -0.42    1.70
-105014.143    29.618    -0.51    1.70
-104727.355    29.500    -0.41    1.65
-104440.583    29.021    -1.67    1.35
-104153.826    28.558    -1.62    1.41
-103867.086    28.210    -1.21    1.34
-103580.361    28.123    -0.30    1.28
-103293.653    27.876    -0.86    1.25
-103006.960    27.765    -0.39    1.23
-102720.283    27.706    -0.21    1.18
-102433.622    27.571    -0.47    1.24
-102146.976    27.456    -0.40    1.25
-101860.347    27.513     0.20    1.15
-101573.733    27.471    -0.15    1.08
-101287.136    27.499     0.10    1.16
-100998.298    27.640     0.49    1.24
-100708.264    27.674     0.12    1.23
-100418.247    27.823     0.52    1.27
-100128.246    27.914     0.31    1.02
 -99838.262    28.133     0.76    1.24
 -99548.294    28.514     1.31    1.57
 -99258.342    28.885     1.28    1.68
 -98968.406    29.279     1.36    1.66
 -98678.487    29.442     0.56    1.51
 -98388.584    29.618     0.61    1.48
 -98098.697    29.618     0.00    1.44
 -97808.826    29.385    -0.80    1.31
 -97518.972    29.242    -0.49    1.32
 -97229.134    29.157    -0.30    1.21
 -96939.312    29.034    -0.42    1.22
 -96649.507    29.108     0.25    1.34
 -96359.718    29.206     0.34    1.38
 -96069.945    29.291     0.29    1.37
 -95780.188    29.279    -0.04    1.34
 -95490.447    28.971    -1.06    1.48
 -95200.723    28.828    -0.49    1.42
 -94911.015    28.654    -0.60    1.43
 -94621.323    28.242    -1.42    1.63
 -94331.648    27.515    -2.51    1.92
 -94041.988    27.073    -1.52    2.01
 -93752.345    26.073    -3.45    2.66
 -93462.719    24.842    -4.25    3.41
 -93173.108    23.556    -4.44    3.83
 -92883.513    22.371    -4.09    3.87
 -92593.935    21.314    -3.65    4.07
 -92304.373    20.050    -4.36    3.90
 -92014.827    18.765    -4.44    3.65
 -91725.298    18.206    -1.93    3.65
 -91435.784    16.985    -4.22    3.04
 -91146.287    16.282    -2.43    2.72
 -90856.806    15.612    -2.32    2.30
 -90567.341    14.885    -2.51    2.05
 -90277.893    14.297    -2.03    1.78
 -89988.460    14.014    -0.98    1.56
 -89699.044    13.559    -1.57    1.47
 -89409.644    13.279    -0.97    1.52
 -89120.260    13.152    -0.44    1.51
 -88830.892    13.191     0.14    1.68
 -88541.540    13.007    -0.64    1.61
 -88252.205    12.857    -0.52    1.67
 -87962.886    12.711    -0.50    1.61
 -87673.583    12.785     0.26    1.62
 -87384.296    12.603    -0.63    1.46
 -87095.025    12.618     0.05    1.56
 -86805.770    12.500    -0.41    1.50
 -86516.531    12.401    -0.34    1.54
 -86227.309    12.157    -0.84    1.58
 -85938.103    11.725    -1.49    1.53
 -85648.913    11.326    -1.38    1.50
 -85359.739    10.914    -1.42    1.60
 -85070.581    10.573    -1.18    1.43
 -84781.439    10.355    -0.76    1.42
 -84492.313    10.342    -0.04    1.43
 -84203.204    10.677     1.16    1.59
 -83914.110    11.253     1.99    2.03
 -83625.033    12.175     3.19    2.72
 -83335.972    13.397     4.23    3.11
 -83046.927    14.571     4.06    3.22
 -82757.898    15.868     4.49    3.29
 -82468.885    17.036     4.04    3.03
 -82179.888    18.299     4.37    2.61
 -81890.907    19.417     3.87    1.97
 -81601.943    20.210     2.74    1.83
 -81312.994    20.542     1.15    1.52
 -81024.062    21.000     1.58    1.50
 -80735.146    21.442     1.53    1.75
 -80446.245    21.662     0.76    1.74
 -80157.361    21.714     0.18    1.75
 -79868.493    21.742     0.10    1.85
 -79579.641    21.555    -0.65    2.06
 -79290.805    20.992    -1.95    2.37
 -79001.985    20.385    -2.10    2.42
 -78713.181    19.441    -3.27    2.35
 -78424.393    18.642    -2.77    2.24
 -78135.621    17.823    -2.84    2.24
 -77846.865    16.557    -4.39    2.34
 -77558.126    15.599    -3.32    2.51
 -77269.402    14.527    -3.72    2.68
 -76980.694    13.344    -4.10    2.71
 -76692.003    12.239    -3.83    2.80
 -76403.327    10.573    -5.77    3.05
 -76114.667     9.353    -4.23    2.88
 -75826.024     8.470    -3.06    2.91
 -75537.396     7.157    -4.55    2.62
 -75248.785     6.142    -3.51    2.23
 -74960.189     5.416    -2.52    2.02
 -74671.610     4.682    -2.54    1.79
 -74383.046     4.181    -1.74    1.82
 -74094.499     3.838    -1.19    1.68
 -73805.968     3.456    -1.33    1.55
 -73517.452     2.949    -1.76    2.08
 -73228.953     2.085    -2.99    2.70
 -72940.469     1.242    -2.92    3.09
 -72652.002     0.513    -2.53    3.16
 -72363.550    -0.186    -2.43    3.25
 -72075.114    -0.912    -2.52    2.87
 -71786.695    -1.382    -1.63    2.63
 -71498.291    -1.634    -0.87    2.42
 -71209.904    -1.689    -0.19    2.31
 -70921.532    -1.358     1.15    2.51
 -70633.176    -1.457    -0.34    2.38
 -70344.837    -1.318     0.48    2.39
 -70056.513    -1.415    -0.34    2.25
 -69768.205    -1.147     0.93    2.47
 -69479.913    -0.897     0.87    2.44
 -69191.637    -0.933    -0.12    2.52
 -68903.377    -0.943    -0.04    2.33
 -68615.133    -0.929     0.05    2.28
 -68326.905    -0.783     0.51    2.47
 -68038.693    -0.943    -0.55    2.45
 -67750.497    -1.029    -0.30    2.59
 -67462.317    -0.843     0.65    2.61
 -67174.152    -0.662     0.63    2.60
 -66886.004    -0.664    -0.01    2.61
 -66597.871    -0.343     1.11    2.57
 -66309.755     0.028     1.29    2.32
 -66021.654     0.739     2.47    1.63
 -65733.569     0.865     0.44    1.48
 -65445.501     0.857    -0.03    1.59
 -65157.448     0.963     0.37    1.66
 -64869.411     1.088     0.44    1.53
 -64581.389     0.963    -0.44    1.43
 -64293.384     0.928    -0.12    1.50
 -64005.395     0.914    -0.05    1.53
 -63717.421     0.941     0.09    1.41
 -63429.464     0.908    -0.12    1.31
 -63141.522     0.599    -1.07    1.29
 -62853.596     0.590    -0.03    1.37
 -62565.686     0.441    -0.52    1.44
 -62277.792     0.545     0.36    1.62
 -61989.914     0.499    -0.16    1.60
 -61702.052     0.257    -0.84    1.70
 -61414.205     0.132    -0.43    1.80
 -61126.374    -0.050    -0.63    1.80
 -60838.560    -0.286    -0.82    1.80
 -60550.761    -0.545    -0.90    1.51
 -60262.978    -0.647    -0.36    1.58
 -59975.210    -0.632     0.05    1.49
 -59687.459    -0.615     0.06    1.48
 -59399.724    -0.629    -0.05    1.35
 -59112.004    -0.718    -0.31    1.33
 -58824.300    -0.684     0.12    1.25
 -58536.612    -0.572     0.39    1.25
 -58248.940    -0.485     0.30    1.21
 -57961.283    -0.412     0.25    1.19
 -57673.643    -0.338     0.26    1.12
 -57386.018    -0.372    -0.12    1.17
 -57098.409    -0.401    -0.10    1.17
 -56810.816    -0.399     0.01    1.24
 -56523.239    -0.289     0.38    1.21
 -56235.677    -0.501    -0.73    1.15
 -55948.132    -0.321     0.63    1.25
 -55660.602    -0.353    -0.11    1.33
 -55373.088    -0.324     0.10    1.33
 -55085.589    -0.443    -0.42    1.54
 -54798.107    -0.643    -0.70    1.66
 -54510.640    -0.558     0.30    1.76
 -54223.189    -0.715    -0.55    1.85
 -53935.754    -0.743    -0.10    1.88
 -53648.335    -0.634     0.38    1.80
 -53360.931    -0.544     0.31    1.81
 -53073.543    -0.529     0.05    1.77
 -52786.171    -0.557    -0.10    1.79
 -52498.815    -0.686    -0.45    1.81
 -52211.474    -0.501     0.65    1.84
 -51924.150    -0.181     1.11    1.64
 -51636.841     0.099     0.98    1.42
 -51349.547     0.309     0.73    1.39
 -51062.270     0.485     0.61    1.21
 -50775.008     0.471    -0.05    1.16
 -50487.762     0.456    -0.05    1.19
 -50200.532     0.344    -0.39    1.19
 -49913.317     0.297    -0.17    1.29
 -49626.118     0.471     0.61    1.31
 -49338.935     0.471    -0.00    1.37
 -49051.768     0.485     0.05    1.53
 -48764.616     0.544     0.20    1.66
 -48477.480     0.457    -0.30    1.68
 -48190.360     0.471     0.05    1.62
 -47903.256     0.471     0.00    1.80
 -47616.167     0.181    -1.01    1.72
 -47329.094    -0.223    -1.41    2.51
 -47042.036    -0.786    -1.96    2.84
 -46754.995    -1.239    -1.58    2.96
 -46467.969    -1.912    -2.34    3.16
 -46180.958    -2.143    -0.81    2.83
 -45893.964    -2.221    -0.27    2.78
 -45606.985    -1.615     2.11    2.91
 -45320.022    -1.001     2.14    2.79
 -45033.074    -0.118     3.08    2.41
 -44746.143     0.314     1.50    1.97
 -44459.226     0.862     1.91    1.28
 -44172.326     0.853    -0.03    1.41
 -43885.441     0.732    -0.42    1.44
 -43598.572     0.765     0.12    1.53
 -43311.718     0.785     0.07    1.48
 -43024.881     0.799     0.05    1.45
 -42738.059     0.777    -0.08    1.39
 -42451.252     0.842     0.23    1.20
 -42164.461     0.899     0.20    1.10
 -41877.686     1.059     0.56    1.18
 -41590.926     0.963    -0.33    1.34
 -41304.183     1.132     0.59    1.69
 -41017.454     1.007    -0.44    1.89
 -40730.742     0.711    -1.03    2.21
 -40444.045     0.416    -1.03    2.28
 -40157.363     0.114    -1.05    2.38
 -39870.698     0.014    -0.35    2.46
 -39584.047     0.076     0.22    2.44
 -39297.413     0.172     0.33    2.24
 -39010.126     0.662     1.71    2.12
 -38720.095     1.253     2.04    1.75
 -38430.080     1.513     0.90    1.71
 -38140.081     2.027     1.77    1.42
 -37850.097     2.514     1.68    1.59
 -37560.130     2.688     0.60    1.61
 -37270.179     2.769     0.28    1.59
 -36980.244     3.015     0.85    1.86
 -36690.325     3.176     0.56    1.91
 -36400.422     3.147    -0.10    1.58
 -36110.535     3.181     0.12    1.47
 -35820.664     3.457     0.95    1.77
 -35530.810     3.771     1.08    2.25
 -35240.971     4.529     2.62    2.63
 -34951.148     5.217     2.37    3.61
 -34661.341     4.940    -0.96    3.87
 -34371.550     4.528    -1.42    4.40
 -34081.776     4.228    -1.04    4.55
 -33792.017     3.928    -1.04    4.59
 -33502.274     3.599    -1.13    4.67
 -33212.548     2.992    -2.10    4.61
 -32922.837     2.456    -1.85    4.35
 -32633.142     1.605    -2.94    4.16
 -32343.463     0.862    -2.56    3.73
 -32053.801     0.021    -2.90    3.26
 -31764.154    -0.631    -2.25    2.36
 -31474.523    -1.101    -1.62    1.42
 -31184.908    -1.001     0.35    1.55
 -30895.309    -0.798     0.70    1.71
 -30605.727    -0.265     1.84    2.22
 -30316.160     0.455     2.49    2.51
 -30026.609     1.157     2.42    2.70
 -29737.074     1.871     2.47    2.57
 -29447.555     2.544     2.32    2.34
 -29158.052     2.746     0.70    2.55
 -28868.565     3.210     1.60    2.36
 -28579.094     3.197    -0.04    2.62
 -28289.638     3.206     0.03    2.55
 -28000.199     3.132    -0.25    2.61
 -27710.776     3.175     0.15    2.67
 -27421.369     3.358     0.63    2.18
 -27131.977     3.271    -0.30    2.17
 -26842.602     3.065    -0.71    2.10
 -26553.242     3.037    -0.09    1.72
 -26263.899     2.955    -0.29    1.54
 -25974.571     3.015     0.21    1.54
 -25685.259     3.079     0.22    1.61
 -25395.963     3.028    -0.18    1.71
 -25106.683     3.330     1.04    1.84
 -24817.419     3.571     0.83    1.86
 -24528.171     3.809     0.82    1.93
 -24238.939     4.261     1.56    2.23
 -23949.723     4.620     1.24    2.60
 -23660.522     4.471    -0.51    3.03
 -23371.338     4.342    -0.44    3.05
 -23082.169     4.415     0.25    3.74
 -22793.016     4.428     0.05    3.88
 -22503.879     4.369    -0.20    4.06
 -22214.758     3.779    -2.04    3.95
 -21925.653     3.559    -0.76    3.92
 -21636.564     3.828     0.93    3.99
 -21347.491     3.732    -0.34    4.05
 -21058.433     3.934     0.70    3.94
 -20769.391     3.957     0.08    4.22
 -20480.366     4.175     0.75    4.48
 -20191.356     4.529     1.22    4.58
 -19902.362     4.735     0.71    5.04
 -19613.383     4.560    -0.61    5.09
 -19324.421     4.228    -1.15    4.95
 -19035.475     4.271     0.15    5.23
 -18746.544     3.891    -1.31    5.52
 -18457.629     3.129    -2.64    5.43
 -18168.730     2.414    -2.48    5.37
 -17879.847     1.970    -1.53    5.21
 -17590.980     1.353    -2.14    5.29
 -17302.128     0.814    -1.87    5.24
 -17013.292    -0.239    -3.65    4.09
 -16724.473    -1.473    -4.27    0.36
 -16435.669    -1.515    -0.15    0.00
 -16146.880    -1.229     0.99    1.42
 -15858.108    -1.250    -0.07    1.18
 -15569.351    -0.933     1.10    1.58
 -15280.610    -0.530     1.40    2.05
 -14991.885     0.103     2.19    2.61
 -14703.176     0.645     1.88    3.13
 -14414.483     1.253     2.11    3.25
 -14125.805     1.819     1.96    3.45
 -13837.143     1.920     0.35    3.53
 -13548.497     2.253     1.15    3.76
 -13259.867     2.794     1.87    3.96
 -12971.253     2.779    -0.05    3.95
 -12682.654     2.720    -0.20    3.84
 -12394.071     2.691    -0.10    3.81
 -12105.504     2.934     0.84    3.68
 -11816.953     2.920    -0.05    3.55
 -11528.417     2.657    -0.91    3.21
 -11239.897     2.714     0.20    2.76
 -10951.393     2.853     0.48    2.76
 -10662.905     3.112     0.90    2.74
 -10374.432     2.941    -0.59    2.79
 -10085.975     2.978     0.13    2.71
  -9797.534     3.007     0.10    2.71
  -9509.109     2.928    -0.27    2.77
  -9220.699     2.942     0.05    2.84
  -8932.305     2.647    -1.02    2.75
  -8643.927     2.794     0.51    2.45
  -8355.565     2.794     0.00    2.38
  -8067.218     2.928     0.46    2.29
  -7778.887     2.865    -0.22    2.19
  -7490.572     2.750    -0.40    2.11
  -7202.272     2.785     0.12    2.10
  -6913.988     2.746    -0.14    2.01
  -6625.720     2.819     0.25    2.13
  -6337.468     2.603    -0.75    2.04
  -6049.231     2.291    -1.08    2.15
  -5761.010     2.214    -0.27    2.17
  -5472.805     2.358     0.50    1.94
  -5184.615     2.355    -0.01    2.02
  -4896.441     2.108    -0.85    1.99
  -4608.283     1.956    -0.53    2.17
  -4320.140     2.157     0.70    2.36
  -4032.014     2.412     0.88    2.77
  -3743.902     2.442     0.10    3.04
  -3455.807     2.271    -0.59    3.36
  -3167.727     1.942    -1.14    3.59
  -2879.663     1.614    -1.14    3.69
  -2591.614     0.735    -3.05    3.29
  -2303.582     0.037    -2.42    2.96
  -2015.564    -0.634    -2.33    2.32
  -1727.563    -1.030    -1.37    1.92
  -1439.577    -1.280    -0.87    1.40
  -1151.607    -1.043     0.82    1.91
   -863.652    -0.472     1.98    2.49
   -575.713    -0.001     1.64    2.75
   -287.790     0.442     1.54    2.82
      0.118     0.664     0.77    2.69
    288.010     1.206     1.88    2.75
    575.886     1.397     0.66    2.76
    863.747     1.941     1.89    2.79
   1151.592     2.142     0.70    2.83
   1439.421     2.499     1.24    2.87
   1727.235     2.936     1.52    2.81
   2015.033     3.630     2.41    3.00
   2302.816     4.285     2.28    2.88
   2590.583     4.985     2.43    2.82
   2878.334     5.440     1.58    2.79
   3166.070     5.414    -0.09    2.58
   3453.791     5.342    -0.25    2.63
   3741.495     4.963    -1.32    2.67
   4029.184     4.399    -1.96    2.52
   4316.858     3.928    -1.64    2.41
   4604.515     3.455    -1.64    1.86
   4892.158     3.382    -0.25    1.70
   5179.784     3.142    -0.84    1.82
   5467.395     2.957    -0.64    1.82
   5754.991     2.871    -0.30    1.66
   6042.571     2.888     0.06    1.55
   6330.135     3.114     0.78    1.51
   6617.684     3.021    -0.32    1.66
   6905.217     3.091     0.24    1.85
   7192.735     3.294     0.71    2.01
   7480.237     3.425     0.46    1.95
   7767.724     3.728     1.05    1.99
   8055.195     4.085     1.24    2.19
   8342.650     4.500     1.44    1.74
   8630.090     4.645     0.50    1.61
   8917.515     4.746     0.35    1.54
   9204.923     4.530    -0.75    1.79
   9492.317     4.250    -0.97    2.01
   9779.694     3.804    -1.55    2.14
  10067.057     3.384    -1.46    2.16
  10354.403     2.775    -2.12    2.40
  10641.735     2.703    -0.25    2.42
  10929.050     2.949     0.86    2.39
  11216.350     3.103     0.54    2.30
  11503.635     3.191     0.31    2.18
  11790.904     3.412     0.77    2.17
  12078.158     3.306    -0.37    1.98
  12365.396     3.456     0.52    1.99
  12652.619     3.499     0.15    1.96
  12939.826     3.428    -0.25    1.74
  13227.017     3.542     0.40    1.60
  13514.193     3.843     1.05    1.60
  13801.354     4.368     1.83    1.76
  14088.499     4.425     0.20    1.82
  14375.629     4.649     0.78    1.87
  14662.743     4.717     0.24    2.02
  14949.842     5.108     1.36    2.08
  15236.925     5.457     1.21    2.30
  15523.993     5.499     0.15    2.22
  15811.045     5.412    -0.31    2.34
  16098.082     5.456     0.15    2.27
  16385.103     5.334    -0.43    2.16
  16672.109     5.212    -0.42    2.30
  16959.100     4.804    -1.42    2.25
  17246.075     4.471    -1.16    2.11
  17533.034     4.332    -0.48    1.72
  17819.978     4.299    -0.11    1.64
  18106.907     4.657     1.24    1.75
  18393.820     4.926     0.94    1.94
  18680.718     5.118     0.67    2.07
  18967.600     5.323     0.72    2.22
  19254.467     5.928     2.11    2.48
  19541.319     6.514     2.04    2.68
  19828.155     6.908     1.37    2.72
  20114.975     7.185     0.97    2.98
  20401.780     7.771     2.04    2.75
  20688.570     8.162     1.36    2.33
  20975.345     8.338     0.62    2.15
  21262.104     8.353     0.05    2.16
  21548.847     8.224    -0.45    2.28
  21835.575     7.711    -1.79    2.02
  22122.288     7.430    -0.98    2.14
  22408.985     7.384    -0.16    2.20
  22695.667     7.128    -0.89    2.13
  22982.334     7.015    -0.39    2.02
  23271.505     6.963    -0.18    1.78
  23561.511     7.412     1.55    2.08
  23851.502     7.368    -0.15    2.51
  24141.477     7.471     0.36    2.41
  24431.436     7.499     0.10    2.46
  24721.380     7.614     0.39    2.38
  25011.307     7.108    -1.74    2.71
  25301.219     7.067    -0.14    2.76
  25591.115     7.061    -0.02    2.96
  25880.995     7.015    -0.16    3.08
  26170.859     7.181     0.57    3.03
  26460.708     7.147    -0.12    2.99
  26750.541     7.228     0.28    2.85
  27040.358     7.543     1.09    2.25
  27330.159     7.294    -0.86    1.67
  27619.944     7.202    -0.32    1.62
  27909.714     7.091    -0.38    1.60
  28199.468     6.999    -0.32    1.59
  28489.206     6.897    -0.35    1.63
  28778.928     6.430    -1.61    1.68
  29068.635     6.326    -0.36    1.51
  29358.326     6.067    -0.89    1.49
  29648.001     5.809    -0.89    1.33
  29937.660     5.853     0.15    1.43
  30227.304     5.732    -0.42    1.42
  30516.932     5.500    -0.80    1.52
  30806.544     5.514     0.05    1.53
  31096.140     5.210    -1.05    1.50
  31385.721     5.118    -0.32    1.48
  31675.286     4.985    -0.46    1.45
  31964.835     5.037     0.18    1.42
  32254.368     5.073     0.12    1.44
  32543.886     4.970    -0.36    1.39
  32833.388     5.079     0.38    1.56
  33122.874     5.057    -0.08    1.55
  33412.345     5.118     0.21    1.59
  33701.800     5.172     0.19    1.65
  33991.239     5.412     0.83    1.77
  34280.662     5.605     0.67    1.60
  34570.070     5.685     0.28    1.50
  34859.462     5.795     0.38    1.48
  35148.839     5.717    -0.27    1.50
  35438.199     5.891     0.60    1.45
  35727.544     5.918     0.09    1.44
  36016.874     5.925     0.02    1.66
  36306.187     6.029     0.36    1.70
  36595.485     6.172     0.49    1.73
  36884.768     5.999    -0.60    1.65
  37174.034     5.914    -0.30    1.61
  37463.285     5.688    -0.78    1.57
  37752.520     5.742     0.19    1.32
  38041.740     5.743     0.00    1.26
  38330.944     5.843     0.35    1.29
  38620.132     5.879     0.12    1.20
  38909.305     6.071     0.66    1.21
  39198.462     6.069    -0.01    1.29
  39487.603     6.094     0.09    1.20
  39776.729     6.171     0.27    1.27
  40065.839     6.265     0.32    1.38
  40354.933     6.176    -0.31    1.35
  40644.012     6.162    -0.05    1.41
  40933.075     5.942    -0.76    1.51
  41222.123     6.114     0.59    1.49
  41511.155     6.152     0.13    1.44
  41800.171     6.065    -0.30    1.48
  42089.172     6.037    -0.10    1.45
  42378.157     5.985    -0.18    1.49
  42667.126     6.061     0.26    1.43
  42956.080     6.108     0.16    1.34
  43245.018     5.934    -0.60    1.25
  43533.941     5.871    -0.22    1.20
  43822.848     5.957     0.30    1.25
  44111.739     5.978     0.07    1.16
  44400.615     6.073     0.33    1.11
  44689.476     5.970    -0.36    1.19
  44978.320     5.858    -0.39    1.13
  45267.149     5.790    -0.24    1.22
  45555.963     5.804     0.05    1.28
  45844.761     5.837     0.12    1.33
  46133.543     5.950     0.39    1.38
  46422.310     6.059     0.38    1.44
  46711.061     6.220     0.56    1.42
  46999.797     6.206    -0.05    1.31
  47288.517     6.112    -0.32    1.28
  47577.221     5.894    -0.76    1.19
  47865.910     5.833    -0.21    1.17
  48154.584     5.888     0.19    1.19
  48443.241     6.044     0.54    1.14
  48731.884     6.015    -0.10    1.18
  49020.511     6.206     0.66    1.18
  49309.122     6.336     0.45    1.09
  49597.717     6.442     0.37    1.19
  49886.298     6.571     0.45    1.19
  50174.862     6.757     0.64    1.25
  50463.411     6.732    -0.09    1.23
  50751.945     6.694    -0.13    1.41
  51040.463     6.735     0.14    1.44
  51328.965     6.728    -0.03    1.40
  51617.452     6.828     0.35    1.40
  51905.924     6.868     0.14    1.39
  52194.380     7.079     0.73    1.38
  52482.820     7.034    -0.16    1.37
  52771.245     7.071     0.13    1.28
  53059.655     7.127     0.19    1.31
  53348.049     7.073    -0.19    1.19
  53636.427     7.217     0.50    1.24
  53924.790     7.257     0.14    1.21
  54213.138     7.242    -0.05    1.17
  54501.470     7.440     0.69    1.04
  54789.786     7.485     0.16    1.15
  55078.087     7.514     0.10    1.19
  55366.373     7.411    -0.36    1.21
  55654.643     7.279    -0.46    1.37
  55942.898     7.456     0.61    1.35
  56231.137     7.282    -0.60    1.36
  56519.361     7.224    -0.20    1.29
  56807.569     7.282     0.20    1.30
  57095.762     7.456     0.60    1.39
  57383.939     7.544     0.31    1.33
  57672.101     7.750     0.71    1.46
  57960.247     7.728    -0.08    1.45
  58248.378     7.691    -0.13    1.41
  58536.494     7.720     0.10    1.48
  58824.594     7.873     0.53    1.54
  59112.679     7.614    -0.90    1.53
  59400.748     7.442    -0.60    1.42
  59688.802     7.575     0.46    1.43
  59976.840     7.515    -0.21    1.34
  60264.863     7.622     0.37    1.33
  60552.871     7.699     0.27    1.35
  60840.863     7.771     0.25    1.30
  61128.839     7.948     0.61    1.37
  61416.801     7.978     0.10    1.36
  61704.747     8.181     0.70    1.36
  61992.677     8.409     0.79    1.34
  62280.592     8.470     0.21    1.33
  62568.492     8.647     0.61    1.32
  62856.376     8.688     0.14    1.37
  63144.245     8.732     0.15    1.33
  63432.099     8.614    -0.41    1.30
  63719.937     8.426    -0.65    1.34
  64007.759     8.250    -0.61    1.33
  64295.567     8.206    -0.15    1.47
  64583.359     8.182    -0.08    1.45
  64871.135     8.112    -0.24    1.48
  65158.897     8.000    -0.39    1.43
  65446.642     8.044     0.15    1.40
  65734.373     7.894    -0.52    1.25
  66022.088     7.957     0.22    1.25
  66309.788     8.015     0.20    1.25
  66597.472     8.044     0.10    1.16
  66885.141     8.212     0.59    1.17
  67172.795     8.202    -0.04    1.19
  67460.433     8.014    -0.65    1.09
  67748.056     8.172     0.55    1.14
  68035.664     8.203     0.11    1.12
  68323.256     8.384     0.63    1.29
  68610.833     8.396     0.04    1.30
  68898.395     8.500     0.36    1.19
  69185.941     8.632     0.46    1.25
  69473.472     8.703     0.24    1.28
  69760.988     8.671    -0.11    1.30
  70048.488     8.628    -0.15    1.37
  70335.973     8.373    -0.89    1.43
  70623.443     8.268    -0.36    1.55
  70910.898     8.088    -0.62    1.66
  71198.337     7.879    -0.73    1.75
  71485.761     7.637    -0.84    1.85
  71773.169     7.616    -0.07    1.86
  72060.562     7.515    -0.35    1.86
  72347.940     7.471    -0.15    1.65
  72635.303     7.742     0.94    1.62
  72922.650     7.775     0.11    1.50
  73209.982     7.750    -0.09    1.09
  73497.299     7.882     0.46    1.31
  73784.600     8.142     0.90    1.37
  74071.887     8.499     1.24    1.45
  74359.158     8.862     1.26    1.46
  74646.413     9.071     0.73    1.47
  74933.654     9.384     1.09    1.30
  75220.879     9.457     0.25    1.15
  75508.089     9.470     0.05    1.23
  75795.283     9.309    -0.56    1.12
  76082.463     9.206    -0.36    1.22
  76369.627     9.210     0.01    1.27
  76656.776     9.195    -0.05    1.34
  76943.909     9.246     0.18    1.31
  77231.027     9.181    -0.23    1.22
  77518.131     9.094    -0.30    1.07
  77805.218     9.167     0.25    1.01
  78092.291     9.319     0.53    1.05
  78379.348     9.397     0.27    1.00
  78666.391     9.470     0.26    1.04
  78953.418     9.585     0.40    0.99
  79240.429     9.685     0.35    0.94
  79527.426     9.785     0.35    0.97
  79814.407     9.746    -0.14    0.87
  80101.373     9.769     0.08    0.95
  80388.324     9.882     0.40    1.02
  80675.260     9.894     0.04    1.05
  80962.180     9.963     0.24    1.07
  81249.085     9.922    -0.15    1.13
  81535.975     9.799    -0.43    1.10
  81822.850     9.842     0.15    1.12
  82109.710     9.885     0.15    1.18
  82396.554    10.008     0.43    1.17
  82683.384     9.912    -0.33    1.20
  82970.198     9.963     0.18    1.16
  83256.997    10.014     0.18    1.13
  83543.780    10.042     0.10    1.24
  83830.549    10.112     0.24    1.14
  84117.302    10.250     0.48    1.25
  84404.041    10.220    -0.10    1.20
  84690.764    10.440     0.77    1.25
  84977.471    10.426    -0.05    1.16
  85265.178    10.634     0.72    1.14
  85555.182    10.732     0.33    1.13
  85845.171    10.963     0.80    1.15
  86135.144    11.181     0.75    1.15
  86425.102    11.152    -0.10    1.12
  86715.044    11.122    -0.10    1.16
  87004.971    10.970    -0.52    1.24
  87294.882    10.970    -0.00    1.23
  87584.777    10.828    -0.49    1.17
  87874.657    10.761    -0.23    1.20
  88164.521    10.706    -0.19    1.12
  88454.370    10.706     0.00    1.12
  88744.203    10.543    -0.56    1.08
  89034.021    10.515    -0.10    1.12
  89323.823    10.544     0.10    1.26
  89613.610    10.590     0.16    1.22
  89903.381    10.685     0.33    1.31
  90193.136    10.785     0.35    1.39
  90482.876    10.833     0.17    1.30
  90772.601    10.714    -0.41    1.45
  91062.310    10.620    -0.33    1.39
  91352.003    10.662     0.15    1.34
  91641.681    10.634    -0.09    1.29
  91931.343    10.848     0.74    1.33
  92220.990    11.028     0.62    1.29
  92510.622    11.369     1.18    1.45
  92800.238    11.514     0.50    1.35
  93089.838    11.828     1.09    1.39
  93379.423    11.955     0.44    1.46
  93668.993    12.044     0.31    1.55
  93958.547    11.587    -1.58    1.71
  94248.085    11.442    -0.50    1.67
  94537.608    11.014    -1.48    1.69
  94827.115    10.833    -0.62    1.64
  95116.608    10.676    -0.54    1.51
  95406.084    10.728     0.18    1.50
  95695.545    10.909     0.63    1.48
  95984.991    11.265     1.23    1.57
  96274.421    11.529     0.91    1.54
  96563.836    11.753     0.77    1.48
  96853.235    11.885     0.46    1.48
  97142.619    11.918     0.11    1.48
  97431.987    12.103     0.64    1.65
  97721.340    12.662     1.93    2.21
  98010.677    12.848     0.64    2.38
  98299.999    13.071     0.77    2.46
  98589.306    13.371     1.04    2.43
  98878.597    13.587     0.75    2.24
  99167.873    13.664     0.27    2.07
  99457.133    13.456    -0.72    1.54
  99746.378    13.212    -0.84    1.67
 100035.607    13.008    -0.71    1.66
 100324.821    12.843    -0.57    1.46
 100614.020    12.632    -0.73    1.28
 100903.203    12.571    -0.21    1.39
 101192.371    12.399    -0.59    1.37
 101481.523    12.455     0.19    1.41
 101770.660    12.632     0.61    1.55
 102059.782    12.560    -0.25    1.69
 102348.888    12.691     0.45    1.84
 102637.978    13.108     1.44    2.09
 102927.054    12.992    -0.40    2.03
 103216.114    12.897    -0.33    1.73
 103505.158    12.838    -0.20    1.53
 103794.187    12.662    -0.61    1.43
 104083.201    12.620    -0.15    1.37
 104372.200    12.382    -0.82    1.27
 104661.183    12.338    -0.15    1.16
 104950.150    12.576     0.82    1.11
 105239.103    12.657     0.28    1.10
 105528.040    12.674     0.06    1.09
 105816.961    12.622    -0.18    1.09
 106105.868    12.735     0.39    1.14
 106394.758    12.769     0.12    1.08
 106683.634    12.699    -0.24    1.13
 106972.494    12.857     0.54    1.14
 107261.339    12.920     0.22    1.17
 107550.168    12.912    -0.03    1.27
 107838.983    12.918     0.02    1.22
 108127.781    12.873    -0.16    1.21
 108416.565    12.814    -0.21    1.16
 108705.333    12.828     0.05    1.20
 108994.086    12.714    -0.40    1.23
 109282.823    12.630    -0.29    1.17
 109571.545    12.457    -0.60    1.04
 109860.252    12.470     0.05    1.02
 110148.944    12.485     0.05    0.92
 110437.620    12.470    -0.05    0.94
 110726.281    12.588     0.41    0.88
 111014.926    12.527    -0.21    0.98
 111303.557    12.711     0.63    0.91
 111592.172    12.618    -0.32    1.08
 111880.771    12.732     0.40    1.17
 112169.356    12.682    -0.17    1.22
 112457.925    12.652    -0.11    1.27
 112746.479    12.868     0.75    1.25
 113035.017    13.127     0.90    1.36
 113323.541    13.079    -0.16    1.49
 113612.048    13.239     0.55    1.47
 113900.541    13.189    -0.17    1.40
 114189.019    13.261     0.25    1.42
 114477.481    13.338     0.27    1.44
 114765.928    13.265    -0.25    1.38
 115054.359    13.470     0.71    1.19
 115342.776    13.513     0.15    1.18
 115631.177    13.542     0.10    1.27
 115919.562    13.775     0.81    1.11
 116207.933    13.809     0.12    1.14
 116496.288    14.031     0.77    1.28
 116784.628    14.015    -0.05    1.41
 117072.953    14.323     1.07    1.49
 117361.263    14.575     0.87    1.44
 117649.557    14.905     1.15    1.56
 117937.836    15.271     1.27    1.69
 118226.100    15.357     0.30    1.60
 118514.349    15.544     0.65    1.43
 118802.582    15.425    -0.41    1.49
 119090.801    15.323    -0.35    1.45
 119379.004    15.253    -0.24    1.50
 119667.191    14.885    -1.28    1.32
 119955.364    14.837    -0.17    1.35
 120243.521    14.746    -0.32    1.31
 120531.663    14.779     0.12    1.32
 120819.790    14.854     0.26    1.40
 121107.902    14.834    -0.07    1.48
 121395.999    14.735    -0.34    1.50
 121684.080    14.531    -0.71    1.55
 121972.146    14.571     0.14    1.43
 122260.197    14.714     0.50    1.43
 122548.233    14.457    -0.89    1.20
 122836.253    14.485     0.10    1.03
 123124.259    14.470    -0.05    1.21
 123412.249    14.500     0.10    1.17
 123700.224    14.546     0.16    1.20
 123988.184    14.603     0.20    1.26
 124276.129    14.742     0.48    1.27
 124564.058    14.970     0.79    1.42
 124851.973    15.007     0.13    1.35
 125139.872    15.228     0.77    1.27
 125427.756    15.197    -0.11    1.36
 125715.625    15.029    -0.58    1.39
 126003.479    14.828    -0.70    1.29
 126291.317    14.761    -0.24    1.37
 126579.141    14.571    -0.66    1.34
 126866.949    14.542    -0.10    1.42
 127154.742    14.659     0.41    1.42
 127442.520    14.739     0.28    1.30
 127730.283    14.691    -0.17    1.31
 128018.031    14.894     0.71    1.31
 128305.764    14.905     0.04    1.32
 128593.481    15.021     0.40    1.33
 128881.184    15.137     0.40    1.16
 129168.871    15.114    -0.08    1.19
 129456.543    15.152     0.13    1.24
 129744.200    15.091    -0.21    1.23
 130031.842    15.206     0.40    1.35
 130319.469    15.411     0.71    1.32
 130607.081    15.485     0.26    1.29
 130894.678    15.543     0.20    1.35
 131182.259    15.717     0.60    1.52
 131469.826    16.162     1.55    2.22
 131757.377    16.261     0.35    2.19
 132044.913    16.426     0.57    2.20
 132332.435    16.620     0.67    2.15
 132619.941    16.647     0.10    2.13
 132907.432    16.618    -0.10    2.14
 133194.908    16.455    -0.56    1.83
 133482.369    16.299    -0.54    1.35
 133769.815    16.071    -0.80    1.32
 134057.245    16.112     0.14    1.27
 134344.661    16.132     0.07    1.26
 134632.062    16.217     0.29    1.27
 134919.447    16.132    -0.29    1.26
 135206.818    16.257     0.43    1.37
 135494.173    16.268     0.04    1.29
 135781.514    16.326     0.20    1.30
 136068.839    16.246    -0.28    1.19
 136356.149    16.217    -0.10    1.25
 136643.445    16.258     0.14    1.17
 136930.725    16.306     0.17    1.19
 137217.990    16.239    -0.23    1.09
 137505.240    16.353     0.40    1.13
 137792.476    16.485     0.46    0.98
 138079.696    16.528     0.15    1.00
 138366.901    16.426    -0.35    0.93
 138654.091    16.368    -0.20    0.94
 138941.266    16.261    -0.37    1.01
 139228.426    16.112    -0.52    0.92
 139515.571    16.071    -0.14    0.89
 139802.701    16.044    -0.09    0.92
 140089.816    16.105     0.21    0.88
 140376.916    16.162     0.20    1.00
 140664.001    16.142    -0.07    0.95
 140951.071    16.212     0.25    0.92
 141238.126    16.362     0.52    1.04
 141525.167    16.426     0.22    1.05
 141812.192    16.603     0.61    1.02
 142099.202    16.598    -0.02    1.05
 142386.197    16.630     0.11    1.09
 142673.177    16.558    -0.25    1.09
 142960.142    16.588     0.11    1.11
 143247.092    16.561    -0.09    1.11
 143534.028    16.662     0.35    1.26
 143820.948    16.634    -0.09    1.12
 144107.853    16.746     0.39    1.12
 144394.743    16.757     0.04    1.10
 144681.619    16.691    -0.23    0.99
 144968.479    16.659    -0.11    0.80
 145255.325    16.773     0.40    0.89
 145542.155    16.773     0.00    0.89
 145828.971    16.779     0.02    0.92
 146115.771    16.803     0.08    0.91
 146402.557    16.809     0.02    0.91
 146689.328    16.885     0.27    0.94
 146976.084    16.833    -0.18    0.92
 147262.824    16.963     0.45    0.96
 147552.399    16.947    -0.06    1.43
 147842.378    16.618    -1.14    1.89
 148132.342    16.208    -1.41    2.30
 148422.291    15.790    -1.44    2.55
 148712.225    15.199    -2.03    2.94
 149002.143    14.853    -1.20    3.13
 149292.046    14.397    -1.57    3.13
 149581.933    13.885    -1.77    3.27
 149871.806    13.591    -1.01    3.50
 150161.663    13.206    -1.33    3.30
 150451.504    12.728    -1.65    2.74
 150741.331    12.268    -1.59    2.36
 151031.142    11.645    -2.15    1.56
 151320.937    11.699     0.19    1.45
 151610.718    11.632    -0.23    1.42
 151900.483    11.610    -0.08    1.44
 152190.233    11.544    -0.23    1.44
 152479.967    11.746     0.70    1.31
 152769.687    11.876     0.45    1.10
 153059.391    11.781    -0.33    1.11
 153349.080    11.630    -0.52    1.19
 153638.753    11.485    -0.50    1.27
 153928.411    11.334    -0.52    1.28
 154218.054    11.224    -0.38    1.25
 154507.682    10.956    -0.92    1.18
 154797.294    10.794    -0.56    1.31
 155086.892    10.805     0.04    1.39
 155376.474    10.785    -0.07    1.44
 155666.040    10.833     0.17    1.54
 155955.592    10.618    -0.74    1.65
 156245.128    10.664     0.16    1.65
 156534.649    10.868     0.70    1.68
 156824.155    11.398     1.83    1.52
 157113.645    11.714     1.09    1.31
 157403.120    11.978     0.91    1.01
 157692.580    12.122     0.50    0.89
 157982.025    12.147     0.09    0.96
 158271.455    11.970    -0.61    0.92
 158560.869    11.834    -0.47    0.97
 158850.268    11.706    -0.44    1.01
 159139.652    11.605    -0.35    1.05
 159429.021    11.557    -0.17    1.12
 159718.374    11.456    -0.35    1.05
 160007.713    11.425    -0.11    0.99
 160297.036    11.441     0.06    0.98
 160586.344    11.515     0.26    1.00
 160875.637    11.515    -0.00    0.96
 161164.914    11.544     0.10    0.93
 161454.176    11.645     0.35    0.96
 161743.424    11.790     0.50    1.00
 162032.656    11.799     0.03    1.06
 162321.872    11.897     0.34    1.10
 162611.074    11.978     0.28    1.17
 162900.260    12.137     0.55    1.14
 163189.432    11.999    -0.48    1.02
 163478.588    12.202     0.70    1.06
 163767.729    12.353     0.52    1.04
 164056.855    12.456     0.36    0.99
 164345.965    12.560     0.36    0.89
 164635.061    12.455    -0.36    0.94
 164924.141    12.396    -0.21    0.92
 165213.206    12.321    -0.26    0.93
 165502.256    12.409     0.31    0.88
 165791.291    12.385    -0.08    0.95
 166080.311    12.396     0.04    0.93
 166369.315    12.409     0.05    1.03
 166658.305    12.500     0.31    1.01
 166947.279    12.575     0.26    0.98
 167236.238    12.691     0.40    0.94
 167525.183    12.957     0.92    1.03
 167814.111    13.103     0.51    0.98
 168103.025    13.195     0.32    1.06
 168391.924    13.046    -0.52    1.19
 168680.808    12.926    -0.41    1.33
 168969.676    12.901    -0.09    1.26
 169258.530    12.779    -0.42    1.22
 169547.368    12.671    -0.38    1.01
 169836.191    12.603    -0.24    0.92
 170124.999    12.709     0.37    0.92
 170413.792    12.931     0.77    0.97
 170702.570    12.985     0.19    0.93
 170991.333    13.088     0.36    0.99
 171280.081    13.208     0.42    1.04
 171568.813    13.282     0.26    1.11
 171857.531    13.457     0.60    1.19
 172146.233    13.585     0.45    1.19
 172434.921    13.779     0.67    1.02
 172723.593    13.839     0.21    1.02
 173012.250    14.015     0.61    0.91
 173300.892    14.073     0.20    0.97
 173589.520    14.020    -0.18    1.07
 173878.132    14.049     0.10    1.12
 174166.729    13.853    -0.68    1.28
 174455.311    13.688    -0.57    1.44
 174743.878    13.515    -0.60    1.56
 175032.429    13.440    -0.26    1.56
 175320.966    13.545     0.36    1.62
 175609.488    13.769     0.78    1.53
 175897.995    14.071     1.05    1.55
 176186.486    14.176     0.37    1.36
 176474.963    14.428     0.87    1.13
 176763.425    14.455     0.09    1.11
 177051.871    14.258    -0.68    1.13
 177340.303    14.088    -0.59    1.17
 177628.720    14.067    -0.07    1.13
 177917.121    14.142     0.26    1.13
 178205.508    14.085    -0.20    1.22
 178493.879    13.934    -0.52    1.27
 178782.236    13.978     0.15    1.22
 179070.577    14.023     0.15    1.23
 179358.904    14.162     0.48    1.30
 179647.215    14.197     0.12    1.17
 179935.512    14.166    -0.11    1.13
 180223.793    14.399     0.81    1.05
 180512.060    14.515     0.40    0.98
 180800.311    14.514    -0.00    0.98
 181088.548    14.439    -0.26    0.94
 181376.770    14.485     0.16    0.99
 181664.976    14.500     0.05    0.91
 181953.168    14.682     0.63    0.95
 182241.344    14.833     0.52    1.00
 182529.506    15.014     0.63    0.91
 182817.653    15.099     0.30    0.89
 183105.784    15.162     0.22    0.91
 183393.901    15.157    -0.02    0.89
 183682.003    15.073    -0.29    0.93
 183970.090    14.873    -0.69    0.90
 184258.162    14.857    -0.06    0.95
 184546.219    14.922     0.23    0.97
 184834.261    14.970     0.17    0.98
 185122.288    14.933    -0.13    0.93
 185410.300    15.052     0.41    0.94
 185698.297    15.091     0.14    1.02
 185986.279    15.127     0.12    1.03
 186274.247    15.197     0.24    1.05
 186562.199    15.202     0.01    1.04
 186850.137    15.265     0.22    1.06
 187138.059    15.299     0.12    1.04
 187425.967    15.426     0.44    1.14
 187713.859    15.546     0.41    1.08
 188001.737    15.779     0.81    1.15
 188289.600    15.918     0.48    1.14
 188577.448    16.021     0.36    1.15
 188865.281    16.137     0.40    1.15
 189153.099    16.172     0.12    1.10
 189440.903    16.206     0.12    1.13
 189728.691    16.243     0.13    1.10
 190016.464    16.368     0.43    1.07
 190304.223    16.470     0.36    0.94
 190591.967    16.456    -0.05    0.93
 190879.695    16.485     0.10    0.95
 191167.409    16.425    -0.21    0.99
 191455.108    16.456     0.11    0.92
 191742.793    16.471     0.05    0.99
 192030.462    16.531     0.21    1.02
 192318.116    16.544     0.04    1.08
 192605.756    16.673     0.45    1.28
 192893.380    16.691     0.06    1.20
 193180.990    16.992     1.05    1.18
 193468.585    17.137     0.50    1.35
 193756.165    17.147     0.03    1.37
 194043.731    17.394     0.86    1.33
 194331.281    17.323    -0.25    1.25
 194618.817    17.301    -0.08    1.18
 194906.337    17.291    -0.03    1.25
 195193.843    17.382     0.32    1.20
 195481.334    17.530     0.51    1.16
 195768.810    17.485    -0.16    1.12
 196056.272    17.603     0.41    1.20
 196343.718    17.743     0.49    1.35
 196631.150    17.834     0.32    1.41
 196918.567    17.743    -0.32    1.45
 197205.969    17.676    -0.23    1.49
 197493.356    17.750     0.26    1.52
 197780.729    17.799     0.17    1.49
 198068.086    17.528    -0.94    1.36
 198355.429    17.485    -0.15    1.37
 198642.757    17.456    -0.10    1.33
 198930.070    17.455    -0.00    1.36
 199217.368    17.425    -0.10    1.28
 199504.652    17.357    -0.24    1.19
 199791.921    17.384     0.09    1.13
 200079.175    17.371    -0.04    1.08
 200366.414    17.440     0.24    1.13
 200653.639    17.470     0.10    1.10
 200940.848    17.425    -0.16    1.12
 201228.043    17.561     0.47    1.24
 201515.223    17.470    -0.32    1.22
 201802.388    17.515     0.15    1.26
 202089.539    17.742     0.79    1.16
 202376.675    17.765     0.08    1.14
 202663.796    17.985     0.77    1.16
 202950.902    18.182     0.69    0.94
 203237.993    18.379     0.69    0.95
 203525.070    18.426     0.16    0.91
 203812.132    18.425    -0.00    0.94
 204099.179    18.399    -0.09    0.91
 204386.212    18.299    -0.35    1.01
 204673.230    18.118    -0.63    1.06
 204960.233    17.941    -0.61    1.08
 205247.221    17.828    -0.39    1.14
 205534.194    17.823    -0.02    1.10
 205821.153    17.885     0.22    1.22
 206108.097    17.956     0.25    1.24
 206395.026    18.137     0.63    1.34
 206681.941    18.394     0.90    1.39
 206968.841    18.659     0.92    1.32
 207255.726    18.838     0.62    1.27
 207542.596    18.947     0.38    1.23
 207829.452    19.029     0.29    1.26
 208116.293    18.906    -0.43    1.28
 208403.119    18.917     0.04    1.24
 208689.931    18.985     0.24    1.22
