#    5.793  -0.223   1.652 ;Mean Elev.(m), Avg Gradient(m/km), RMS Gradient(m/km) - SRTM1     
#    6.901  -0.811   2.500 ;Mean Elev.(m), Avg Gradient(m/km), RMS Gradient(m/km) - ASTER GDEM
#    5.663  -0.043   1.551 ;Mean Elev.(m), Avg Gradient(m/km), RMS Gradient(m/km) - GMTED2010 
   1 299.474009 -33.099057    11.578    11.227 20 54660.05900250 21.025
   2 299.471502 -33.098119     5.751     5.768 18 54669.97464723 39.867
   3 299.468206 -33.095542     5.613     5.578 16 54679.89028996 47.794
   4 299.468778 -33.095591     5.758     5.709 16 54689.80593269 40.948
   5 299.473854 -33.099057     6.763     5.865 20 54699.72157454 31.901
   6 299.474819 -33.097113     7.603     6.130 20 54709.63721914 31.797
   7 299.473130 -33.097242     6.423     5.941 20 54719.55287068 33.966
   8 299.469986 -33.096784     5.612     5.618 17 54729.46851933 33.608
   9 299.464997 -33.093559     5.652     5.688 14 54739.38416561 37.748
  10 299.462714 -33.092852     5.374     5.332 11 54749.29981235 36.235
  11 299.460835 -33.090693     6.092     6.063 10 54759.21545849 36.374
  12 299.463150 -33.092558     6.109     6.100 11 54769.13110344 35.251
  13 299.466820 -33.094727     6.614     6.439 14 54779.04674523 38.556
  14 299.469685 -33.095946     6.636     6.586 17 54788.96238441 40.694
  15 299.471311 -33.097132     6.616     6.578 19 54798.87802275 42.230
  16 299.473210 -33.098809     5.977     5.966 20 54808.79366156 34.774
  17 299.474586 -33.097764     6.339     5.523 19 54818.70929946 32.039
  18 299.472676 -33.098356     5.023     5.031 19 54828.62495193 34.998
  19 299.466632 -33.093945     5.036     5.024 15 54838.54059018 35.299
  20 299.456901 -33.084937     4.853     4.814  5 54848.45623738 35.177
  21 299.452966 -33.083983     5.223     5.195  3 54858.37188595 30.580
  23 299.452606 -33.084047     5.331     5.331  2 54878.20318284 51.833
  24 299.455510 -33.084299    10.497     5.744  4 54888.11882790 34.233
  25 299.457510 -33.085716     5.974     5.946  5 54898.03446966 38.714
  26 299.456084 -33.084622     5.783     5.789  4 54907.95010820 34.552
  27 299.455628 -33.084577     5.407     5.428  4 54917.86574592 35.081
  28 299.461334 -33.091923     5.422     5.309 10 54927.78138574 34.837
  29 299.466865 -33.094896     5.543     5.489 14 54937.69702411 37.966
  30 299.473818 -33.098821     5.353     5.107 20 54947.61266106 34.255
  31 299.475846 -33.095505     4.916     4.932 20 54957.52829571 33.837
  32 299.474312 -33.097222     4.800     4.824 20 54967.44394451 36.140
  33 299.471726 -33.097781     5.848     4.957 19 54977.35959166 32.749
  34 299.468652 -33.096188     5.100     5.113 16 54987.27523814 43.081
  35 299.467468 -33.095073     5.329     5.220 16 54997.19088492 45.725
  36 299.467251 -33.095084     5.302     5.199 15 55007.10653021 50.804
  37 299.466445 -33.094907     5.291     5.277 14 55017.02217324 38.201
  38 299.463680 -33.092793     5.425     5.439 13 55026.93781444 41.058
  39 299.461145 -33.090726     6.048     6.133 11 55036.85345540 40.720
  40 299.464055 -33.093161     6.123     6.120 13 55046.76909705 37.888
  41 299.470975 -33.097189     7.769     6.009 18 55056.68473764 35.823
  42 299.475482 -33.096526     6.198     6.132 19 55066.60037489 33.455
  43 299.473690 -33.096882     8.589     6.280 20 55076.51602500 32.283
  44 299.468582 -33.095627     6.052     6.082 16 55086.43167218 44.079
  45 299.462734 -33.092209     6.297     6.278 12 55096.34731711 37.285
  46 299.460843 -33.090729     6.461     6.419 10 55106.26296226 52.269
  47 299.463355 -33.092591     6.752     6.769 13 55116.17860799 40.614
  48 299.467352 -33.095233     6.596     6.525 15 55126.09425164 41.633
  49 299.469642 -33.096394     7.377     6.729 17 55136.00989243 35.077
  50 299.470315 -33.096950     6.945     6.945 18 55145.92553113 38.868
  51 299.469221 -33.095603     7.440     7.387 17 55155.84116887 35.214
  52 299.470535 -33.097045     7.631     7.629 17 55165.75680780 35.995
  53 299.473399 -33.098842     7.740     7.728 20 55175.67244682 35.687
  54 299.474378 -33.097673    11.533     7.885 19 55185.58808869 31.680
  55 299.470420 -33.096789     8.887     8.044 17 55195.50374000 35.313
  56 299.463287 -33.092750     8.246     8.186 12 55205.41938892 43.426
  57 299.454997 -33.084638     8.429     8.393  4 55215.33503610 35.348
  58 299.453220 -33.083764     8.479     8.472  3 55225.25068448 38.077
  59 299.455296 -33.084722     8.555     8.553  3 55235.16633141 48.097
  60 299.463211 -33.092928     8.847     8.841 12 55245.08197684 38.353
  61 299.464115 -33.092511     8.916     8.854 13 55254.99761708 41.187
  62 299.462528 -33.092509     8.611     8.587 11 55264.91325574 38.632
  63 299.456781 -33.084819     8.404     8.340  5 55274.82889180 36.406
  64 299.462866 -33.092369     8.112     8.096 11 55284.74453140 41.054
  65 299.470499 -33.096946     7.777     7.816 17 55294.66016894 34.664
  66 299.474361 -33.096735     7.627     7.620 20 55304.57580785 34.602
  67 299.474025 -33.098634     7.561     7.558 20 55314.49145576 44.102
  68 299.470180 -33.096632     7.470     7.453 17 55324.40710049 34.346
  69 299.466875 -33.095055     7.544     7.534 15 55334.32274377 35.993
  70 299.464403 -33.092787     7.615     7.588 13 55344.23838650 38.485
  71 299.465753 -33.094122     7.566     7.440 14 55354.15402954 44.226
  72 299.467135 -33.094375     8.097     7.264 15 55364.06967020 33.887
  73 299.469250 -33.096432    10.745     7.130 17 55373.98530960 31.455
  74 299.470020 -33.096696     6.702     6.727 17 55383.90094749 34.685
  75 299.470867 -33.096611     9.810     6.335 18 55393.81658467 31.524
  76 299.474179 -33.097872     9.603     6.697 20 55403.73222239 29.650
  77 299.473696 -33.098482     8.483     6.439 19 55413.64787425 32.324
  78 299.472793 -33.097507     8.716     6.503 20 55423.56352298 31.587
  79 299.472194 -33.097897     5.824     5.796 19 55433.47916932 37.978
  80 299.468050 -33.095591     6.227     6.161 16 55443.39481295 34.144
  81 299.464366 -33.093368     6.035     5.956 13 55453.31045511 39.176
  82 299.463799 -33.092466     5.962     5.865 13 55463.22609685 33.006
  83 299.469082 -33.096093     5.426     5.441 17 55473.14173782 51.560
  84 299.473936 -33.097463     9.904     5.673 20 55483.05737550 31.797
  85 299.475793 -33.095887     6.688     5.737 20 55492.97301028 30.289
  86 299.476359 -33.095070     5.782     5.646 20 55502.88864391 30.548
  87 299.474245 -33.097539     6.519     5.787 19 55512.80429104 33.185
  88 299.470423 -33.096677     5.546     5.534 18 55522.71994064 37.426
  89 299.467444 -33.094854     6.564     5.375 15 55532.63558875 34.563
  90 299.466173 -33.094349     6.786     5.493 15 55542.55123565 33.649
  91 299.464329 -33.092987     6.238     6.176 13 55552.46688026 41.207
  92 299.461744 -33.091320    11.632     6.906 11 55562.38252326 31.570
  93 299.461354 -33.090756     6.328     6.291 11 55572.29816576 42.228
  94 299.464949 -33.093961     8.825     6.099 13 55582.21380791 33.588
  95 299.469917 -33.096537     7.136     6.178 17 55592.12944672 35.482
  96 299.474697 -33.097514     9.885     6.626 19 55602.04508179 31.203
  97 299.476266 -33.094992     6.722     6.386 20 55611.96071390 28.906
  98 299.477035 -33.094440     6.658     6.672 20 55621.87634782 27.976
  99 299.473407 -33.097086     6.995     6.968 20 55631.79200124 39.642
 100 299.471135 -33.097252     7.176     7.185 19 55641.70765224 40.201
 101 299.470509 -33.096266     7.379     7.356 18 55651.62330039 38.888
 102 299.471799 -33.097417     7.408     7.345 19 55661.53894522 35.598
 103 299.471264 -33.097466    22.210    24.786 18 55671.45458627 35.235
 104 299.470086 -33.096883     7.721     7.725 17 55681.37022526 45.929
 105 299.471122 -33.097521     7.761     7.757 18 55691.28586266 39.929
 106 299.473657 -33.098068     7.502     7.529 20 55701.20149835 40.628
 107 299.474878 -33.098106     7.438     7.080 20 55711.11713882 33.032
 108 299.472477 -33.098214     6.764     6.730 19 55721.03278780 40.396
 109 299.468835 -33.096366     6.541     6.478 16 55730.94843425 36.577
 110 299.466551 -33.094820     6.329     6.202 14 55740.86407979 35.870
 111 299.465869 -33.094117     6.302     6.182 14 55750.77972463 37.350
 112 299.468236 -33.095601     6.446     6.448 15 55760.69536798 33.896
 113 299.471760 -33.097926     9.297     6.326 18 55770.61100879 33.427
 114 299.474281 -33.098399     8.453     6.732 20 55780.52664584 34.711
 115 299.475240 -33.096271     6.810     6.758 20 55790.44227948 36.685
 116 299.476872 -33.094908     6.746     6.779 20 55800.35791200 32.001
 117 299.475576 -33.096855     7.007     7.007 20 55810.27356024 39.424
 118 299.474608 -33.097233     7.104     7.025 20 55820.18920862 35.934
 119 299.475956 -33.097651     7.135     7.129 20 55830.10485260 46.943
 120 299.476899 -33.096252     6.696     6.727 20 55840.02049166 34.591
 121 299.476940 -33.095189     6.446     6.440 20 55849.93612786 32.179
 122 299.477075 -33.095065     6.329     6.404 20 55859.85176255 29.092
 123 299.474146 -33.096894     6.896     6.893 20 55869.76741326 34.418
 124 299.472456 -33.097756     8.293     6.929 20 55879.68306490 31.456
 125 299.472966 -33.098945     6.761     6.699 19 55889.59871017 36.342
 126 299.473050 -33.097675     9.536     6.793 20 55899.51434917 29.401
 127 299.474873 -33.097867    10.380     6.343 20 55909.42998364 24.651
 128 299.470493 -33.097312     9.360     6.120 17 55919.34563438 31.484
 129 299.466406 -33.094034     5.754     5.739 15 55929.26128623 32.644
 130 299.467302 -33.094725     5.569     5.545 15 55939.17693553 32.117
 131 299.468813 -33.095490     7.390     5.217 17 55949.09258003 36.026
 132 299.469616 -33.096255     5.421     5.387 17 55959.00822001 28.673
 133 299.469797 -33.096775     6.139     6.142 17 55968.92385770 42.555
 134 299.471291 -33.097859     9.311     5.614 18 55978.83949490 30.972
 135 299.474545 -33.098297     5.484     5.481 20 55988.75513159 34.979
 136 299.476005 -33.097310     9.962     5.823 20 55998.67077350 25.961
 137 299.474025 -33.096941    11.215    10.216 20 56008.58642482 28.900
 138 299.472249 -33.097716     5.683     5.461 19 56018.50207215 35.943
 139 299.467415 -33.094634     5.669     5.574 15 56028.41771522 43.025
 140 299.464559 -33.093288     9.508     5.558 14 56038.33335677 29.290
 141 299.466449 -33.095017     5.851     5.848 14 56048.24899714 45.290
 142 299.470335 -33.096841     6.086     6.045 18 56058.16463481 46.423
 143 299.475465 -33.097180     8.105     6.046 19 56068.08026787 33.519
 144 299.473147 -33.098451     6.016     5.932 19 56077.99591795 39.470
 145 299.467701 -33.095323     6.067     5.907 16 56087.91156502 43.346
 146 299.465149 -33.093969     6.138     6.178 13 56097.82721037 44.923
 147 299.466251 -33.094045     6.550     6.402 14 56107.74285434 47.494
 148 299.471565 -33.097823     6.691     6.676 18 56117.65848510 40.928
 149 299.475044 -33.097401     6.762     6.696 19 56127.57412282 36.114
 150 299.476423 -33.095630     6.479     6.553 19 56137.48975640 31.317
 151 299.473941 -33.096684     6.418     6.403 20 56147.40540190 36.187
 152 299.471201 -33.097381     9.854     6.490 19 56157.32105068 39.964
 153 299.470428 -33.097416     7.290     6.217 17 56167.23669843 40.084
 154 299.472387 -33.098542    12.654     6.613 19 56177.15234401 37.316
 155 299.473990 -33.097636     8.565     5.786 20 56187.06798439 30.973
 156 299.474640 -33.096810     6.815     5.591 20 56196.98362109 32.328
 157 299.475417 -33.097908     5.954     5.390 20 56206.89925549 39.534
 158 299.475322 -33.096521    11.153     6.384 19 56216.81488809 33.087
 159 299.474912 -33.095998     7.315     6.408 20 56226.73053007 31.998
 160 299.474222 -33.098298     7.081     6.078 20 56236.64618585 36.529
 161 299.472159 -33.097353     7.631     6.212 19 56246.56183708 36.785
 162 299.470033 -33.096437     6.336     5.654 17 56256.47748327 32.126
 163 299.467327 -33.094690     5.256     5.225 15 56266.39312539 51.412
 164 299.466241 -33.093960     7.165     5.573 14 56276.30876602 32.054
 165 299.466288 -33.094186     6.498     6.476 15 56286.22441289 39.116
 166 299.467562 -33.094693     6.229     6.162 16 56296.14006313 43.126
 167 299.468966 -33.095472     7.666     5.918 17 56306.05570930 35.539
 168 299.468924 -33.096505     6.292     6.248 16 56315.97135224 46.332
 169 299.465381 -33.093488     5.778     5.764 14 56325.88699255 31.776
 170 299.465844 -33.094491     5.200     5.168 14 56335.80263326 40.228
 171 299.469311 -33.095895     6.539     5.428 17 56345.71827323 38.436
 172 299.474681 -33.097774     7.865     5.909 20 56355.63391110 36.131
 173 299.473787 -33.097138     8.798     6.227 20 56365.54955774 34.634
 174 299.469676 -33.096175     6.565     6.558 17 56375.46520642 40.091
 176 299.456736 -33.084578     6.575     6.523  5 56395.29649247 36.221
 177 299.462110 -33.092362     6.799     6.755 11 56405.21213575 39.714
 178 299.466682 -33.094523     6.990     6.856 15 56415.12777454 39.827
 179 299.473649 -33.097312     6.830     6.738 20 56425.04340879 37.169
 180 299.473174 -33.098695     8.109     6.607 19 56434.95905595 37.293
 181 299.466509 -33.095087     6.743     6.618 14 56444.87470628 44.262
 182 299.460735 -33.090521     6.590     6.529 10 56454.79035419 40.973
 183 299.460779 -33.091046     6.726     6.675 11 56464.70600092 40.297
 184 299.463925 -33.092211     6.855     6.788 13 56474.62164447 45.051
 185 299.469540 -33.095785     7.100     7.091 17 56484.53728535 44.756
 186 299.473100 -33.098382     7.365     7.332 19 56494.45292259 42.068
 187 299.473801 -33.097370     7.798     7.741 20 56504.36855663 52.503
 188 299.476275 -33.096819     7.595     7.567 20 56514.28418917 40.770
 189 299.475118 -33.097498     7.324     7.305 20 56524.19984004 49.413
 190 299.473884 -33.096763     6.968     6.829 20 56534.11549066 37.619
 192 299.471341 -33.097325     6.187     6.149 18 56553.94678179 45.194
 193 299.467928 -33.095323     5.990     5.924 15 56563.86242370 36.459
 194 299.465896 -33.093638     5.859     5.836 14 56573.77806478 36.803
 195 299.469088 -33.096368     5.968     5.970 16 56583.69370500 46.696
 196 299.474214 -33.096593     6.577     5.995 20 56593.60934041 33.804
 197 299.472876 -33.098220     9.987     6.342 20 56603.52499410 34.325
 198 299.469723 -33.096781     7.134     6.425 17 56613.44064286 44.197
 199 299.466501 -33.093792    11.497     6.673 15 56623.35628703 35.007
 200 299.466703 -33.094595     6.426     6.407 15 56633.27192923 43.138
 201 299.470937 -33.096817     7.782     6.079 18 56643.18756724 36.305
 202 299.470872 -33.097395     7.622     5.828 18 56653.10321845 30.521
 203 299.469241 -33.095467     5.778     5.738 17 56663.01886714 49.043
 204 299.468068 -33.095405     5.808     5.725 15 56672.93451367 43.360
 205 299.465007 -33.093438     6.029     6.025 14 56682.85015842 37.662
 206 299.465142 -33.094122     6.659     6.666 13 56692.76580205 45.272
 207 299.467998 -33.094762     6.656     6.650 16 56702.68144189 37.306
 208 299.474060 -33.097851     8.622     6.292 20 56712.59707738 31.988
 209 299.471826 -33.097636     9.085     5.895 19 56722.51272476 32.137
 210 299.464967 -33.093762     5.863     5.805 13 56732.42837495 41.207
 211 299.456218 -33.084575    13.812    15.247  5 56742.34402003 30.710
 212 299.455638 -33.084319     6.645     6.673  4 56752.25966300 35.646
 213 299.463520 -33.092382     7.047     6.912 13 56762.17530289 44.249
 214 299.472638 -33.098163     9.417     6.964 20 56772.09093552 38.851
 215 299.466768 -33.094793     6.931     6.812 14 56782.00659089 39.988
 216 299.460226 -33.090118     7.059     7.095 10 56791.92224333 44.553
 217 299.453453 -33.084226     7.423     7.446  3 56801.83789276 38.360
 218 299.453866 -33.084564     7.242     7.217  3 56811.75353684 35.136
 219 299.457026 -33.085896     7.137     7.018  5 56821.66917734 34.531
 220 299.465870 -33.094007     7.403     7.334 15 56831.58481547 46.678
 221 299.472939 -33.097724     9.693     7.449 20 56841.50044925 37.487
 222 299.474808 -33.097521     7.700     7.678 20 56851.41608670 40.256
 223 299.470152 -33.096688     8.875     7.939 17 56861.33174007 39.462
 224 299.465869 -33.094362     8.053     8.012 14 56871.24739238 52.914
 225 299.463799 -33.092715     8.108     8.004 13 56881.16304204 47.283
 226 299.463783 -33.093365     7.940     7.921 12 56891.07868867 48.054
 227 299.461522 -33.091175     7.627     7.631 11 56900.99433160 45.449
 228 299.456045 -33.085212     7.275     7.274  5 56910.90997169 36.540
 229 299.456038 -33.085501     7.058     7.011  4 56920.82561223 30.332
 230 299.461601 -33.090950     8.588     6.990 11 56930.74125239 34.812
 231 299.469679 -33.096309     8.992     6.947 17 56940.65688802 32.858
 232 299.473772 -33.098371    10.781     7.297 20 56950.57252848 34.451
 233 299.469283 -33.096037     9.325     7.379 16 56960.48817992 34.336
 234 299.465457 -33.093956     7.194     7.007 14 56970.40382628 38.741
 235 299.465129 -33.093443     6.742     6.770 13 56980.31946917 42.459
 236 299.469156 -33.095648     7.253     6.628 17 56990.23510835 36.685
 237 299.476094 -33.097547     6.574     6.528 20 57000.15074132 47.260
 238 299.474433 -33.098987     7.304     6.438 20 57010.06639598 36.297
 239 299.470550 -33.096801     7.373     6.755 17 57019.98204738 39.247
 240 299.467029 -33.095105     7.080     7.121 15 57029.89769618 39.277
 241 299.463787 -33.092172     7.597     7.471 13 57039.81334327 43.231
 242 299.463898 -33.092391     7.652     7.578 13 57049.72898920 45.063
 243 299.467766 -33.095409     7.438     7.424 15 57059.64463206 42.670
 244 299.471806 -33.097693     9.655     7.235 19 57069.56026908 36.596
 245 299.473869 -33.097875     8.540     6.866 19 57079.47590117 34.025
 246 299.473695 -33.098693     7.245     7.206 20 57089.39153933 49.206
 247 299.464981 -33.093925     7.289     7.189 13 57099.30719573 44.931
 248 299.460798 -33.091117     7.136     7.045 10 57109.22284966 40.259
 249 299.462253 -33.091673     6.853     6.846 12 57119.13849926 35.990
 250 299.465121 -33.094093     6.349     6.335 13 57129.05414331 45.922
 251 299.466659 -33.095058     6.029     6.042 14 57138.96978140 48.551
 252 299.467880 -33.094752     6.459     6.472 16 57148.88541574 34.350
 253 299.473631 -33.098514     7.009     6.149 19 57158.80104871 37.911
 254 299.473230 -33.097872     9.497     6.125 20 57168.71669794 33.603
 255 299.471608 -33.097941     7.299     6.355 18 57178.63235386 38.394
 256 299.469197 -33.096389     6.438     6.396 17 57188.54800530 39.439
 257 299.466457 -33.094832     6.717     6.502 14 57198.46365264 45.889
 258 299.463402 -33.092255     6.884     6.902 12 57208.37928581 41.816
 259 299.463580 -33.092868     6.707     6.692 12 57218.29492988 48.330
 260 299.466171 -33.094434     7.081     6.968 14 57228.21057323 48.049
 261 299.469996 -33.096842     8.777     7.363 17 57238.12621467 42.591
 262 299.472948 -33.097939    13.643    14.647 20 57248.04185250 35.782
 263 299.474619 -33.098877     9.146     7.517 20 57257.95748770 37.215
 264 299.474764 -33.098281     7.368     7.350 20 57267.87312154 37.221
 265 299.472816 -33.098705     9.498     6.976 19 57277.78876944 40.819
 266 299.469294 -33.096243     8.007     6.537 17 57287.70442515 33.943
 267 299.468306 -33.095935     7.570     6.255 16 57297.62007878 36.916
 268 299.466993 -33.094272     6.227     6.168 15 57307.53572857 44.407
 269 299.463759 -33.092433     6.321     6.315 13 57317.45137450 39.962
 270 299.457256 -33.085128     6.378     6.342  5 57327.36701557 32.675
 271 299.460913 -33.091407     6.590     6.620 10 57337.28265796 35.361
 272 299.461485 -33.091267     6.924     7.020 10 57347.19830564 39.345
 273 299.464201 -33.092748     7.126     7.088 13 57357.11395287 51.821
 274 299.467487 -33.095104     7.319     7.295 15 57367.02959687 40.614
 275 299.468000 -33.094831     7.617     7.562 16 57376.94523712 38.539
 276 299.468923 -33.095829     8.131     8.116 17 57386.86087613 44.115
 277 299.471656 -33.097714    10.631     8.756 19 57396.77651498 35.664
 278 299.474825 -33.097422     8.883     8.645 19 57406.69215238 34.622
 279 299.473917 -33.097855     8.638     8.686 19 57416.60780397 35.382
 280 299.470899 -33.097383    13.963    14.930 18 57426.52345538 34.496
 281 299.464449 -33.093315     8.622     8.577 13 57436.43910277 41.099
 282 299.456719 -33.085689     8.667     8.587  5 57446.35474737 46.771
 283 299.454790 -33.084252     8.225     8.229  3 57456.27039258 37.971
 284 299.461014 -33.091171     8.019     8.000 10 57466.18603767 35.271
 285 299.468891 -33.096102     8.190     8.171 16 57476.10167858 44.650
 286 299.473856 -33.097630    22.692    24.955 20 57486.01731510 31.008
 287 299.475524 -33.097039     8.809     8.141 19 57495.93294846 29.025
 288 299.476163 -33.097018     8.873     8.151 20 57505.84858301 33.068
 289 299.471090 -33.097239    10.575     8.392 19 57515.76423896 33.356
 290 299.469116 -33.096398     8.035     8.053 16 57525.67989260 44.504
 291 299.469094 -33.095406     8.274     7.688 17 57535.59554397 36.647
 292 299.469169 -33.095996     7.396     7.395 17 57545.51119279 54.251
 293 299.466554 -33.094247     7.481     7.399 15 57555.42683868 46.941
 294 299.464493 -33.093680     8.543     7.405 13 57565.34248314 37.740
 295 299.463441 -33.092589     7.676     7.583 13 57575.25812676 47.532
 296 299.465216 -33.093776     7.540     7.525 14 57585.17377025 43.119
 297 299.467769 -33.095136     9.878     7.405 16 57595.08941175 38.495
