#   51.148  -0.619   1.511 ;Mean Elev.(m), Avg Gradient(m/km), RMS Gradient(m/km) - SRTM1     
#   42.112  -0.552   1.520 ;Mean Elev.(m), Avg Gradient(m/km), RMS Gradient(m/km) - ASTER GDEM
#   52.100  -0.519   1.544 ;Mean Elev.(m), Avg Gradient(m/km), RMS Gradient(m/km) - GMTED2010 
   1 302.083398 -27.268110    51.191    51.207  7 54665.99134659 52.971
   2 302.081626 -27.268280    50.964    50.953  7 54675.90699054 55.531
   3 302.079711 -27.266814    50.109    49.957  7 54685.82263296 25.423
   4 302.081606 -27.267990    51.607    51.613  7 54695.73827494 29.576
   5 302.085376 -27.268223    51.420    51.389  6 54705.65391456 29.307
   6 302.084345 -27.267427    51.093    51.050  6 54715.56956698 32.084
   7 302.083564 -27.268389    50.698    50.709  7 54725.48521741 32.656
   8 302.079285 -27.266857    50.701    50.711  7 54735.40086498 53.962
   9 302.075654 -27.267765    50.865    50.838  7 54745.31651194 32.067
  10 302.073415 -27.267306    51.261    51.278  7 54755.23215812 33.912
  11 302.074372 -27.266532    51.510    51.515  7 54765.14780322 34.673
  12 302.078232 -27.267833    52.604    52.652  7 54775.06344612 51.912
  13 302.080629 -27.267868    52.328    52.337  8 54784.97908621 53.363
  14 302.081586 -27.268144    50.912    51.002  7 54794.89472483 33.970
  15 302.082272 -27.268102    51.720    51.746  7 54804.81036298 45.355
  16 302.083883 -27.267969    51.064    51.058  7 54814.72600092 30.622
  17 302.083028 -27.267479    50.647    50.592  6 54824.64164697 32.373
  18 302.080423 -27.267862    50.423    50.403  7 54834.55728735 30.760
  19 302.076688 -27.267964    50.586    50.585  7 54844.47293758 32.123
  20 302.072870 -27.266797    51.013    51.024  7 54854.38858648 48.085
  21 302.070407 -27.266481    50.661    50.671  6 54864.30423524 47.887
  22 302.069941 -27.266901    50.818    50.814  6 54874.21988378 35.122
  23 302.071004 -27.266389    51.292    51.265  6 54884.13552962 38.498
  24 302.073063 -27.266805    51.408    51.371  7 54894.05117219 47.817
  25 302.073893 -27.266737    51.247    51.246  7 54903.96681194 45.008
  26 302.073886 -27.266483    50.565    50.350  7 54913.88245054 36.945
  27 302.074384 -27.267580    50.889    50.936  7 54923.79808904 43.287
  28 302.076070 -27.267471    50.990    50.976  7 54933.71372678 50.080
  29 302.080332 -27.267416    50.567    50.534  8 54943.62936288 49.103
  30 302.085805 -27.267539    50.655    50.578  6 54953.54499703 47.403
  31 302.086042 -27.268029    49.899    49.887  6 54963.46064185 46.425
  32 302.082920 -27.267459    50.394    50.426  7 54973.37628981 46.504
  33 302.080200 -27.266810    51.116    51.112  7 54983.29193669 51.587
  34 302.079420 -27.267418    50.617    50.609  8 54993.20758361 48.019
  35 302.078790 -27.267666    50.429    50.407  7 55003.12322940 33.378
  36 302.077673 -27.267195    50.648    50.645  8 55013.03887300 47.108
  37 302.077545 -27.268132    51.166    51.202  7 55022.95451564 29.539
  38 302.076263 -27.266812    51.793    51.825  7 55032.87015717 44.774
  39 302.077284 -27.267777    51.150    51.126  7 55042.78579890 29.769
  40 302.080077 -27.267259    51.705    51.455  8 55052.70143915 31.367
  41 302.084043 -27.267894    51.596    51.683  6 55062.61707761 28.310
  42 302.084194 -27.268098    51.432    51.442  6 55072.53272202 28.519
  43 302.081589 -27.268351    51.089    51.072  7 55082.44837039 29.766
  44 302.078196 -27.267738    52.546    52.569  7 55092.36401678 33.308
  45 302.075585 -27.266682    52.940    52.922  7 55102.27966260 34.345
  46 302.074762 -27.266314    52.036    52.041  7 55112.19530827 37.930
  47 302.076368 -27.266411    53.014    53.030  7 55122.11095194 35.702
  48 302.078900 -27.266944    55.293    55.271  7 55132.02659292 53.299
  49 302.080376 -27.267349    52.925    52.862  8 55141.94223191 37.813
  50 302.080622 -27.267900    52.907    52.906  8 55151.85787051 46.506
  51 302.080831 -27.267161    52.807    52.807  7 55161.77350940 32.367
  52 302.082312 -27.266649    53.427    53.448  7 55171.68914824 32.130
  53 302.085649 -27.268296    53.816    53.820  6 55181.60478617 41.276
  54 302.082490 -27.268356    53.997    53.971  7 55191.52043630 31.648
  55 302.077213 -27.267187    54.061    54.095  7 55201.43608639 32.359
  56 302.073612 -27.266739    54.566    54.520  7 55211.35173591 38.122
  57 302.072792 -27.267009    54.693    54.664  7 55221.26738509 51.888
  58 302.073498 -27.267471    54.806    54.735  6 55231.18303314 39.446
  59 302.074934 -27.267151    54.353    54.323  7 55241.09867779 36.004
  60 302.075724 -27.268039    53.775    53.786  7 55251.01431898 31.518
  61 302.074571 -27.267314    52.555    52.572  7 55260.92995759 43.823
  62 302.074733 -27.267678    52.798    52.765  7 55270.84559584 39.912
  63 302.076338 -27.267628    52.936    52.897  7 55280.76123428 50.316
  64 302.079423 -27.267167    52.907    52.885  8 55290.67687164 34.315
  65 302.083737 -27.267151    52.874    52.870  7 55300.59250690 33.656
  66 302.083257 -27.267490    51.930    51.930  6 55310.50815345 31.078
  67 302.081316 -27.267698    53.738    53.756  7 55320.42379905 35.382
  68 302.079002 -27.267649    52.470    52.456  8 55330.33944315 52.140
  69 302.077548 -27.267247    52.446    52.464  8 55340.25508685 35.642
  70 302.078251 -27.267407    51.771    51.823  8 55350.17073050 44.508
  71 302.079935 -27.268205    51.686    51.626  7 55360.08637221 53.757
  72 302.079875 -27.267507    51.496    51.484  8 55370.00201123 53.775
  73 302.079893 -27.267556    50.990    51.019  7 55379.91764909 44.621
  74 302.080732 -27.267916    50.777    50.780  8 55389.83328658 33.800
  75 302.083430 -27.267506    51.507    51.554  7 55399.74892327 30.649
  76 302.084556 -27.266689    51.444    51.403  6 55409.66457037 30.921
  77 302.084213 -27.267285    50.792    50.780  7 55419.58022103 51.903
  78 302.082147 -27.267621    51.081    51.085  7 55429.49586825 53.644
  79 302.078550 -27.267125    50.628    50.583  7 55439.41151242 53.056
  80 302.076475 -27.267348    50.220    50.193  7 55449.32715526 45.069
  81 302.076872 -27.267175    50.657    50.598  7 55459.24279770 52.001
  82 302.079415 -27.267416    50.740    50.739  7 55469.15843951 35.802
  83 302.082844 -27.267673    51.888    51.863  6 55479.07407817 31.751
  84 302.085066 -27.266911    51.548    51.537  6 55488.98971372 50.326
  85 302.086832 -27.267584    51.290    51.351  5 55498.90534751 28.662
  86 302.085491 -27.267432    51.393    51.466  6 55508.82098707 32.085
  87 302.082300 -27.268002    51.099    51.101  7 55518.73663747 54.559
  88 302.080309 -27.267114    50.858    50.816  7 55528.65228691 28.377
  89 302.079349 -27.266962    51.611    51.608  7 55538.56793482 28.377
  90 302.078380 -27.267695    52.698    52.739  7 55548.48358066 45.819
  91 302.075445 -27.266552    51.959    51.971  7 55558.39922400 35.619
  92 302.074683 -27.267651    51.227    51.262  7 55568.31486691 54.537
  93 302.076331 -27.267967    51.337    51.278  7 55578.23050881 32.076
  94 302.080060 -27.268083    52.370    52.361  7 55588.14614849 50.857
  95 302.084317 -27.267314    52.195    52.193  6 55598.06178487 43.831
  96 302.087010 -27.267545    52.912    52.823  5 55607.97741867 34.513
  97 302.087739 -27.267205    53.090    53.117  5 55617.89305049 33.882
  98 302.084949 -27.268317    52.601    52.583  6 55627.80869670 48.352
  99 302.081752 -27.266729    53.273    53.262  7 55637.72434792 33.946
 100 302.081709 -27.267089    53.976    53.927  7 55647.63999781 30.674
 101 302.082341 -27.268003    53.820    53.803  7 55657.55564496 52.604
 102 302.081471 -27.267271    52.853    52.876  7 55667.47128734 48.627
 103 302.080463 -27.267405    52.608    52.610  8 55677.38692684 44.121
 104 302.080156 -27.267148    51.591    51.665  7 55687.30256412 53.916
 105 302.081534 -27.266761    51.219    51.191  7 55697.21820005 32.035
 106 302.085392 -27.266908    50.983    50.986  6 55707.13383486 34.188
 107 302.084428 -27.267671    50.944    50.865  7 55717.04948524 47.607
 108 302.081462 -27.266582    50.663    50.637  7 55726.96513270 54.645
 109 302.079564 -27.268056    50.862    50.819  7 55736.88077927 30.216
 110 302.077028 -27.266616    51.487    51.493  7 55746.79642412 53.632
 111 302.077743 -27.267442    51.230    51.225  8 55756.71206795 37.567
 112 302.080819 -27.267849    52.047    52.086  7 55766.62770941 31.615
 113 302.084134 -27.267769    51.602    51.567  6 55776.54334795 28.020
 114 302.086420 -27.268226    52.962    52.998  6 55786.45898364 42.944
 115 302.086819 -27.267407    52.966    52.872  5 55796.37461691 35.799
 116 302.085992 -27.267695    52.346    52.378  5 55806.29025758 32.235
 117 302.084439 -27.267425    52.411    52.434  7 55816.20590603 53.442
 118 302.085753 -27.267625    51.818    51.831  6 55826.12155178 55.104
 119 302.087548 -27.267791    51.575    51.544  6 55836.03719315 55.967
 120 302.088570 -27.268100    51.238    51.229  5 55845.95283123 53.473
 121 302.088646 -27.267765    52.097    52.066  5 55855.86846677 35.780
 122 302.086788 -27.267698    52.018    52.015  6 55865.78410853 33.609
 123 302.082617 -27.267369    51.397    51.409  6 55875.69976134 32.804
 124 302.081785 -27.267216    51.657    51.619  7 55885.61540872 30.190
 125 302.083016 -27.267905    52.128    52.174  7 55895.53105065 50.123
 126 302.085567 -27.268327    51.411    51.398  6 55905.44668735 34.241
 127 302.084312 -27.267860    51.104    51.076  6 55915.36232984 38.001
 128 302.079738 -27.267680    51.084    51.103  8 55925.27798334 39.593
 129 302.077421 -27.266626    50.883    50.860  7 55935.19363341 33.556
 130 302.078553 -27.267560    50.835    50.768  8 55945.10927941 44.518
 131 302.080290 -27.267336    51.498    51.461  8 55955.02492074 33.241
 132 302.081578 -27.267689    51.137    51.074  7 55964.94055960 34.677
 133 302.081390 -27.267489    50.927    50.887  7 55974.85619706 33.428
 134 302.082318 -27.267269    51.068    51.044  7 55984.77183380 51.191
 135 302.086053 -27.267077    51.180    51.147  6 55994.68746846 53.247
 136 302.084985 -27.268042    51.075    51.097  6 56004.60312112 36.535
 137 302.083445 -27.268123    50.833    50.794  7 56014.51876999 47.172
 138 302.080567 -27.267596    51.066    51.052  8 56024.43441528 49.786
 139 302.078119 -27.267566    51.155    51.090  7 56034.35005826 47.563
 140 302.077887 -27.267370    50.780    50.803  8 56044.26569902 33.943
 141 302.079709 -27.267495    51.463    51.451  7 56054.18133705 48.581
 142 302.083369 -27.267414    50.893    50.900  6 56064.09697158 51.251
 143 302.084140 -27.267696    50.775    50.748  6 56074.01261422 50.745
 144 302.081219 -27.268163    51.144    51.146  7 56083.92826329 51.898
 145 302.079234 -27.267907    51.439    51.454  7 56093.84391011 34.220
 146 302.078791 -27.267430    53.655    53.668  7 56103.75955506 53.513
 147 302.080154 -27.267695    52.214    52.235  8 56113.67518602 33.938
 148 302.082289 -27.267000    51.489    51.458  7 56123.59082468 33.594
 149 302.085867 -27.267570    51.423    51.474  6 56133.50645983 34.588
 150 302.086490 -27.267212    51.840    51.771  6 56143.42209843 48.367
 151 302.083213 -27.267439    51.381    51.399  7 56153.33774840 42.667
 152 302.080903 -27.267183    50.997    50.976  7 56163.25339678 33.198
 153 302.081018 -27.267735    50.661    50.638  7 56173.16904342 53.918
 154 302.082612 -27.267374    50.888    50.904  6 56183.08468502 35.991
 155 302.084028 -27.267075    50.911    50.924  6 56193.00032287 50.239
 156 302.084886 -27.267488    50.770    50.796  6 56202.91595829 32.743
 157 302.085849 -27.267051    51.153    51.217  6 56212.83159214 33.953
 158 302.088513 -27.266696    51.043    51.033  5 56222.74722454 40.080
 159 302.084907 -27.266711    51.482    51.497  6 56232.66288087 33.476
 160 302.082684 -27.267102    50.911    50.936  7 56242.57853363 34.232
 161 302.080540 -27.267176    50.356    50.389  7 56252.49418195 35.940
 162 302.079557 -27.267442    50.877    50.882  8 56262.40982572 51.564
 163 302.079264 -27.266980    50.583    50.618  7 56272.32546722 32.766
 164 302.080469 -27.267494    51.304    51.322  8 56282.24110946 30.192
 165 302.079282 -27.267347    51.205    51.220  7 56292.15676125 33.709
 166 302.078738 -27.267143    51.630    51.617  7 56302.07240860 38.430
 167 302.078443 -27.267147    51.431    51.425  8 56311.98805179 33.586
 168 302.078133 -27.267238    50.681    50.673  7 56321.90369307 50.617
 169 302.078628 -27.268109    50.726    50.718  7 56331.81933424 32.054
 170 302.079803 -27.267315    51.361    51.375  8 56341.73497483 28.909
 171 302.083182 -27.267649    52.012    52.025  6 56351.65061362 44.466
 172 302.085077 -27.267684    52.028    52.014  7 56361.56625416 29.957
 173 302.081240 -27.266999    52.087    52.060  7 56371.48190369 31.101
 174 302.077088 -27.266983    51.794    51.781  7 56381.39755035 47.477
 175 302.074520 -27.266912    51.759    51.667  7 56391.31319469 39.051
 176 302.075210 -27.266464    52.161    52.248  7 56401.22883733 39.977
 177 302.078034 -27.266583    51.557    51.586  7 56411.14447738 35.480
 178 302.082093 -27.266737    51.137    51.120  7 56421.06011260 52.054
 179 302.084083 -27.268008    51.904    51.844  7 56430.97575092 39.934
 180 302.078479 -27.266732    51.627    51.646  7 56440.89140268 44.986
 181 302.075644 -27.267037    51.947    51.955  6 56450.80705270 47.818
 182 302.075710 -27.266998    51.565    51.525  7 56460.72270085 51.262
 183 302.076859 -27.266430    54.526    54.460  7 56470.63834575 37.276
 184 302.079016 -27.267271    54.708    54.688  8 56480.55398736 34.854
 185 302.080245 -27.267098    52.689    52.693  7 56490.46962472 53.386
 186 302.081666 -27.266406    52.205    52.159  7 56500.38525922 53.469
 187 302.086195 -27.268734    51.918    51.871  6 56510.30089301 34.402
 188 302.087439 -27.268293    51.569    51.562  6 56520.21653555 54.202
 189 302.085576 -27.267996    51.124    51.094  6 56530.13218820 34.847
 190 302.084158 -27.267488    51.150    51.148  6 56540.04783689 35.453
 191 302.082049 -27.267177    51.125    51.103  7 56549.96348129 38.513
 192 302.079643 -27.267832    51.114    51.102  8 56559.87912382 34.220
 193 302.078176 -27.267531    51.502    51.546  7 56569.79476556 31.136
 194 302.079302 -27.267325    51.594    51.561  8 56579.71040651 42.422
 195 302.084198 -27.267884    51.828    51.874  6 56589.62604419 46.947
 196 302.085010 -27.267605    51.827    51.813  7 56599.54169012 33.672
 197 302.081486 -27.267498    51.253    51.242  8 56609.45734103 34.633
 198 302.078313 -27.267137    51.395    51.381  7 56619.37298686 34.570
 199 302.077428 -27.267273    51.078    51.088  8 56629.28862963 51.561
 200 302.080238 -27.267682    51.592    51.585  8 56639.20426940 47.444
 201 302.082412 -27.266801    51.367    51.410  7 56649.11991423 53.770
 202 302.081582 -27.267421    50.880    50.838  8 56659.03556550 46.272
 203 302.079379 -27.267384    51.592    51.580  7 56668.95121267 34.421
 204 302.076864 -27.267007    51.145    51.081  7 56678.86685765 33.444
 205 302.076906 -27.268090    51.434    51.435  7 56688.78250186 32.539
 206 302.078977 -27.267933    51.751    51.782  7 56698.69814356 38.103
 207 302.083152 -27.267957    50.672    50.694  7 56708.61378089 45.763
 208 302.084800 -27.268114    51.086    51.096  6 56718.52942033 32.589
 209 302.079664 -27.268208    50.563    50.552  7 56728.44507300 34.493
 210 302.074527 -27.267341    51.943    51.955  6 56738.36072113 35.548
 211 302.072657 -27.267644    51.532    51.550  6 56748.27636578 35.416
 212 302.074989 -27.267173    51.321    51.282  7 56758.19200582 50.733
 213 302.080735 -27.267003    51.738    51.701  7 56768.10764009 51.259
 214 302.081649 -27.267655    51.397    51.399  7 56778.02328597 34.190
 215 302.077047 -27.267450    52.170    52.075  7 56787.93894101 32.127
 216 302.072011 -27.267123    51.135    51.141  6 56797.85459271 46.460
 217 302.070096 -27.267573    51.907    51.855  6 56807.77023945 39.114
 218 302.071783 -27.266262    51.866    51.871  6 56817.68588041 37.488
 219 302.076221 -27.266145    54.387    54.346  7 56827.60151831 32.744
 220 302.081516 -27.266794    53.601    53.672  7 56837.51715320 33.396
 221 302.085724 -27.267591    52.894    52.892  6 56847.43278495 47.576
 222 302.081900 -27.267865    52.111    52.132  7 56857.34843613 55.716
 223 302.078517 -27.267925    52.285    52.305  7 56867.26408875 33.211
 224 302.076800 -27.267280    51.796    51.824  7 56877.17973968 33.714
 225 302.076216 -27.266755    51.506    51.547  7 56887.09538756 52.632
 226 302.076323 -27.267542    51.007    50.998  7 56897.01103305 34.183
 227 302.074651 -27.267030    51.272    51.321  6 56906.92667543 49.173
 228 302.073058 -27.266869    50.815    50.763  7 56916.84231610 36.091
 229 302.073880 -27.267116    51.532    51.649  6 56926.75795538 34.323
 230 302.077795 -27.267531    53.508    53.542  7 56936.67359166 33.217
 231 302.084708 -27.267773    51.774    51.792  7 56946.58922295 33.939
 232 302.082801 -27.267845    51.392    51.391  7 56956.50487707 45.426
 233 302.080029 -27.267603    51.235    51.174  8 56966.42052603 33.919
 234 302.077994 -27.267697    51.313    51.323  7 56976.33617067 51.099
 235 302.078081 -27.267378    51.045    51.037  7 56986.25181075 29.183
 236 302.082740 -27.267994    51.592    51.567  7 56996.16744558 35.054
 237 302.084658 -27.266597    51.162    51.127  6 57006.08308911 33.158
 238 302.083084 -27.267671    50.954    50.887  7 57015.99874366 51.838
 239 302.080316 -27.267771    52.550    52.487  7 57025.91439414 51.640
 240 302.077069 -27.266931    51.728    51.735  7 57035.83004262 32.021
 241 302.076003 -27.266451    52.186    52.187  7 57045.74568893 42.952
 242 302.077389 -27.266539    51.444    51.421  7 57055.66133243 36.673
 243 302.080774 -27.267757    51.029    50.998  8 57065.57697122 44.554
 244 302.083193 -27.267782    51.318    51.329  6 57075.49260508 49.906
 245 302.086392 -27.268458    51.520    51.525  6 57085.40823581 52.650
 246 302.080443 -27.267350    51.675    51.677  7 57095.32389079 35.278
 247 302.075515 -27.266434    51.531    51.499  7 57105.23954642 34.016
 248 302.074367 -27.266182    51.037    50.978  7 57115.15519782 51.934
 249 302.076101 -27.267218    50.839    50.862  7 57125.07084346 35.196
 250 302.077826 -27.267640    50.940    50.977  7 57134.98648361 47.721
 251 302.080071 -27.267310    50.710    50.613  8 57144.90211947 34.165
 252 302.082721 -27.267138    50.844    50.823  7 57154.81775310 42.584
 253 302.084279 -27.266917    51.003    50.955  6 57164.73339171 32.234
 254 302.081411 -27.268089    51.484    51.482  7 57174.64904855 39.686
 255 302.079377 -27.267052    51.332    51.211  7 57184.56470146 33.350
 256 302.078634 -27.267056    51.482    51.519  7 57194.48035066 53.345
 257 302.077418 -27.266798    51.208    51.276  7 57204.39598573 52.060
 258 302.076990 -27.267824    52.288    52.344  7 57214.31163090 53.918
 259 302.077651 -27.267767    53.846    53.905  7 57224.22727422 32.294
 260 302.079492 -27.267666    52.806    52.760  7 57234.14291570 43.820
 261 302.081282 -27.266951    51.508    51.455  7 57244.05855392 32.560
 262 302.083200 -27.267195    51.427    51.378  7 57253.97418983 52.400
 263 302.084605 -27.267324    51.006    51.010  6 57263.88982447 36.119
 264 302.085466 -27.267559    51.002    50.941  6 57273.80546328 32.758
 265 302.081890 -27.267273    51.016    51.027  7 57283.72112035 33.339
 266 302.080112 -27.267654    51.218    51.263  8 57293.63677520 49.947
 267 302.078791 -27.267771    50.911    50.846  7 57303.55242652 32.050
 268 302.076576 -27.266213    51.069    51.038  7 57313.46807369 31.647
 269 302.075280 -27.267004    52.130    52.148  6 57323.38371799 52.132
 270 302.075248 -27.267106    51.804    51.790  7 57333.29936011 44.972
 271 302.076831 -27.266267    52.569    52.570  7 57343.21500005 34.026
 272 302.075845 -27.267349    53.962    53.974  7 57353.13065280 32.637
 273 302.077000 -27.266883    55.005    55.066  7 57363.04629679 54.725
 274 302.078542 -27.266731    55.175    55.154  7 57372.96193766 53.722
 275 302.079747 -27.267114    55.116    55.142  7 57382.87757707 54.450
 276 302.081094 -27.266625    54.396    54.342  7 57392.79321613 36.291
 277 302.084338 -27.267486    55.087    55.079  6 57402.70885485 44.521
 278 302.085423 -27.267792    54.044    54.056  6 57412.62449954 30.933
 279 302.082293 -27.267811    53.580    53.590  7 57422.54015168 50.499
 280 302.077914 -27.267429    53.074    53.062  7 57432.45580083 35.195
 281 302.074854 -27.267924    52.800    52.801  7 57442.37144812 55.796
 282 302.073602 -27.266825    54.977    54.932  7 57452.28709425 52.206
 283 302.074622 -27.266201    54.497    54.526  7 57462.20273881 55.123
 284 302.079220 -27.268061    53.249    53.235  7 57472.11838051 31.328
 285 302.082522 -27.268259    53.029    53.038  7 57482.03401783 36.216
 286 302.083929 -27.267156    52.423    52.407  6 57491.94965161 31.719
 287 302.086759 -27.268176    52.362    52.358  6 57501.86528416 39.296
 288 302.084549 -27.267776    51.622    51.563  7 57511.78093323 38.247
 289 302.081185 -27.266544    51.941    51.966  7 57521.69658816 39.224
 290 302.080329 -27.267253    51.939    52.000  8 57531.61224130 49.766
 291 302.079691 -27.267919    52.432    52.473  7 57541.52789110 42.997
 292 302.078447 -27.267763    53.474    53.514  7 57551.44353769 53.180
 293 302.076912 -27.267043    52.115    52.168  7 57561.35918239 36.607
 294 302.076885 -27.267844    52.105    52.132  7 57571.27482689 52.477
 295 302.077408 -27.266946    51.830    51.846  7 57581.19047084 48.437
 296 302.079667 -27.267732    51.651    51.611  7 57591.10611345 48.522
 297 302.080281 -27.266913    51.523    51.500  7 57601.02175294 53.280
