-268323.648   103.477     0.00    1.70
-268033.904   103.374    -0.35    1.74
-267744.177   103.483     0.37    1.67
-267454.467   103.633     0.52    1.78
-267164.775   103.722     0.31    1.77
-266875.099   103.508    -0.74    1.79
-266585.440   103.194    -1.09    2.04
-266295.797   102.860    -1.15    2.11
-266006.172   102.262    -2.07    2.39
-265716.564   101.714    -1.89    2.41
-265426.973   100.699    -3.50    2.48
-265137.398    99.911    -2.72    2.63
-264847.841    98.794    -3.86    3.02
-264558.300    97.580    -4.19    3.04
-264268.777    96.608    -3.36    2.97
-263979.270    95.965    -2.22    2.72
-263689.780    95.022    -3.26    2.75
-263400.307    94.322    -2.42    2.37
-263110.851    93.964    -1.24    2.60
-262821.412    93.993     0.10    2.56
-262531.989    93.713    -0.97    2.69
-262242.584    93.248    -1.61    2.88
-261953.195    92.911    -1.16    2.94
-261663.824    92.925     0.05    2.89
-261374.469    93.051     0.43    3.07
-261085.131    93.665     2.12    3.32
-260795.810    94.237     1.98    3.42
-260506.505    95.066     2.87    3.34
-260217.218    96.080     3.51    2.88
-259927.948    97.106     3.55    2.37
-259638.694    97.455     1.21    2.39
-259349.457    97.495     0.14    2.47
-259060.237    97.529     0.12    2.58
-258771.034    97.287    -0.84    2.55
-258481.848    97.522     0.81    2.47
-258192.678    97.822     1.04    2.39
-257903.525    98.508     2.37    2.20
-257614.390    98.953     1.54    2.30
-257325.271    99.628     2.34    2.62
-257036.168   100.392     2.64    2.61
-256747.083   101.009     2.13    2.75
-256458.015   101.283     0.95    2.66
-256168.963   100.934    -1.21    2.74
-255879.928   100.637    -1.03    2.59
-255590.910   100.163    -1.64    2.85
-255301.908    99.453    -2.46    2.69
-255012.924    98.995    -1.59    2.34
-254723.956    98.570    -1.47    2.05
-254435.005    98.191    -1.31    1.84
-254146.071    97.741    -1.56    1.90
-253857.154    97.228    -1.77    2.22
-253568.253    96.385    -2.92    2.32
-253279.369    95.797    -2.03    2.33
-252990.502    95.332    -1.61    2.33
-252701.652    94.839    -1.71    2.03
-252412.818    94.772    -0.23    1.84
-252124.001    94.877     0.36    1.99
-251835.201    95.294     1.44    1.97
-251546.418    95.385     0.31    1.89
-251257.651    95.714     1.14    1.86
-250968.902    96.360     2.24    1.78
-250680.169    97.135     2.68    3.34
-250391.452    98.036     3.12    4.34
-250102.753    98.550     1.78    4.27
-249814.070    99.036     1.68    4.16
-249525.404    99.414     1.31    4.19
-249236.755    99.537     0.43    4.06
-248948.122    99.640     0.36    3.32
-248659.506    99.308    -1.15    2.40
-248370.907    99.557     0.86    2.28
-248082.324    99.817     0.90    2.13
-247793.758    99.853     0.13    2.15
-247505.209   100.091     0.82    2.09
-247216.677   100.022    -0.24    1.97
-246928.161   100.008    -0.05    2.00
-246639.662   100.036     0.10    1.90
-246351.180   100.022    -0.05    1.96
-246062.714   100.318     1.03    1.97
-245774.265   100.745     1.48    2.00
-245485.833   100.928     0.64    1.95
-245197.418   101.258     1.15    1.78
-244909.019   101.322     0.22    1.79
-244620.637   101.258    -0.22    1.75
-244332.271   101.208    -0.17    1.76
-244043.922   100.892    -1.10    1.89
-243755.590   100.896     0.01    1.93
-243467.274   100.911     0.05    2.01
-243178.975   100.856    -0.19    1.99
-242890.693   100.680    -0.61    1.93
-242602.428   100.502    -0.62    1.96
-242314.179   100.184    -1.10    1.77
-242025.946    99.714    -1.63    1.73
-241737.731    99.265    -1.56    1.66
-241449.532    99.022    -0.84    1.64
-241161.349    98.572    -1.56    1.82
-240873.183    98.308    -0.91    1.80
-240585.034    97.806    -1.74    1.99
-240296.902    97.203    -2.09    2.00
-240008.786    96.776    -1.48    1.96
-239720.686    96.243    -1.85    2.09
-239432.604    95.717    -1.83    2.13
-239144.538    95.486    -0.80    2.13
-238856.488    95.318    -0.58    2.03
-238568.455    95.300    -0.06    2.00
-238280.439    95.543     0.85    2.22
-237992.439    95.853     1.08    2.41
-237704.456    96.374     1.81    2.36
-237416.490    97.214     2.91    2.05
-237128.540    97.493     0.97    2.11
-236840.606    97.637     0.50    1.88
-236552.690    97.572    -0.23    1.65
-236264.789    97.642     0.24    2.05
-235976.906    97.360    -0.98    2.03
-235689.039    97.146    -0.75    2.05
-235401.188    96.537    -2.12    2.49
-235113.354    95.848    -2.39    2.64
-234825.537    95.214    -2.21    2.84
-234537.736    94.586    -2.18    2.49
-234249.952    94.240    -1.20    2.25
-233962.184    94.151    -0.31    2.30
-233674.433    94.220     0.24    2.22
-233386.698    94.374     0.54    2.22
-233098.980    94.741     1.27    1.98
-232811.279    95.234     1.71    1.56
-232523.594    95.443     0.73    1.53
-232235.925    95.537     0.33    1.54
-231948.273    95.865     1.14    1.65
-231660.638    96.234     1.28    1.70
-231373.019    96.637     1.40    1.63
-231085.416    97.022     1.34    1.82
-230797.830    97.389     1.27    1.79
-230510.261    97.694     1.06    1.55
-230222.708    98.022     1.14    1.49
-229935.171    98.272     0.87    1.45
-229647.651    98.356     0.29    1.44
-229360.148    98.565     0.73    1.45
-229072.661    98.622     0.20    1.37
-228785.191    98.880     0.89    1.32
-228497.737    99.080     0.70    1.23
-228210.299    99.222     0.50    1.28
-227922.878    99.543     1.12    1.26
-227635.474    99.689     0.51    1.20
-227348.086    99.449    -0.84    1.34
-227060.714    99.251    -0.69    1.50
-226773.359    98.867    -1.33    1.78
-226486.020    98.508    -1.25    1.86
-226198.698    97.867    -2.23    1.91
-225911.392    97.656    -0.74    1.89
-225624.103    97.594    -0.22    1.85
-225336.830    97.698     0.36    1.80
-225049.573    97.905     0.72    1.62
-224762.333    97.979     0.26    1.63
-224475.110    98.394     1.44    1.56
-224187.903    98.530     0.47    1.63
-223900.712    98.694     0.57    1.63
-223613.538    98.922     0.80    1.67
-223326.380    99.194     0.95    1.65
-223039.239    99.360     0.58    1.52
-222752.114    99.631     0.94    1.55
-222465.005    99.816     0.65    1.52
-222177.913   100.008     0.67    1.42
-221890.837   100.220     0.74    1.27
-221603.778   100.473     0.88    1.13
-221316.735   100.680     0.72    1.15
-221029.708   100.717     0.13    1.06
-220742.698   100.622    -0.33    1.15
-220455.704   100.608    -0.05    1.17
-220168.727   100.537    -0.25    1.23
-219881.766   100.428    -0.38    1.30
-219594.821   100.138    -1.01    1.28
-219307.893    99.906    -0.81    1.23
-219020.981    99.572    -1.17    1.22
-218734.085    99.351    -0.77    1.30
-218447.206    99.008    -1.19    1.40
-218160.343    98.564    -1.55    1.32
-217873.497    98.308    -0.89    1.42
-217586.667    98.081    -0.79    1.41
-217299.853    97.980    -0.35    1.54
-217013.056    97.808    -0.60    1.60
-216726.275    97.867     0.21    1.63
-216439.510    97.897     0.10    1.59
-216152.762    97.731    -0.58    1.56
-215866.030    97.656    -0.26    1.49
-215579.314    97.614    -0.15    1.49
-215292.615    97.478    -0.47    1.27
-215005.932    97.508     0.10    1.35
-214719.265    97.370    -0.48    1.54
-214432.615    97.194    -0.62    1.59
-214145.981    97.036    -0.55    1.69
-213859.363    97.051     0.05    1.64
-213572.762    97.036    -0.05    1.37
-213286.177    97.187     0.53    1.33
-212999.608    97.408     0.77    1.39
-212713.055    97.493     0.30    1.34
-212426.519    97.487    -0.02    1.29
-212139.999    97.240    -0.86    1.38
-211851.440    96.783    -1.58    1.68
-211561.385    96.217    -1.95    1.73
-211271.346    95.606    -2.11    1.79
-210981.323    95.051    -1.91    1.90
-210691.318    94.431    -2.14    1.95
-210401.329    93.978    -1.56    1.98
-210111.358    93.080    -3.10    2.26
-209821.402    92.631    -1.55    2.31
-209531.464    92.066    -1.95    2.46
-209241.543    91.558    -1.76    2.29
-208951.638    91.237    -1.11    2.26
-208661.750    90.952    -0.98    2.18
-208371.878    90.559    -1.36    1.94
-208082.024    90.508    -0.18    1.82
-207792.186    90.243    -0.91    1.75
-207502.365    90.065    -0.62    1.56
-207212.560    89.772    -1.01    1.22
-206922.772    89.600    -0.60    1.25
-206633.002    89.495    -0.36    1.27
-206343.247    89.459    -0.12    1.33
-206053.510    89.380    -0.27    1.32
-205763.789    89.480     0.35    1.25
-205474.085    89.552     0.25    1.28
-205184.397    89.867     1.09    1.25
-204894.727    89.994     0.44    1.43
-204605.073    90.239     0.84    1.44
-204315.435    90.501     0.91    1.43
-204025.815    90.837     1.16    1.50
-203736.211    91.228     1.35    1.43
-203446.624    91.600     1.28    1.42
-203157.053    91.935     1.16    1.33
-202867.499    92.417     1.66    1.31
-202577.962    92.870     1.56    1.37
-202288.441    93.258     1.34    1.33
-201998.938    93.459     0.69    1.27
-201709.450    93.825     1.27    1.21
-201419.980    94.375     1.90    1.32
-201130.526    94.805     1.48    1.35
-200841.089    95.155     1.21    1.52
-200551.668    95.640     1.68    1.57
-200262.264    96.051     1.42    1.62
-199972.877    96.586     1.85    1.68
-199683.506    97.151     1.95    1.78
-199394.152    97.665     1.78    1.65
-199104.815    98.287     2.15    1.63
-198815.494    98.787     1.73    1.68
-198526.190    99.177     1.35    1.55
-198236.902    99.403     0.78    1.37
-197947.632    99.586     0.63    1.38
-197658.377    99.670     0.29    1.29
-197369.140    99.572    -0.34    1.36
-197079.919    99.258    -1.09    1.38
-196790.714    98.851    -1.41    1.37
-196501.526    98.552    -1.03    1.53
-196212.355    97.980    -1.98    1.65
-195923.201    97.417    -1.95    1.71
-195634.063    96.995    -1.46    1.57
-195344.941    96.389    -2.10    1.50
-195055.836    96.108    -0.97    1.54
-194766.748    95.905    -0.70    1.46
-194477.676    95.751    -0.53    1.43
-194188.621    95.625    -0.43    1.48
-193899.583    95.551    -0.26    1.58
-193610.561    95.356    -0.68    1.91
-193321.555    95.187    -0.58    1.98
-193032.566    94.951    -0.82    2.33
-192743.594    94.825    -0.44    2.56
-192454.638    94.640    -0.64    2.75
-192165.699    94.544    -0.33    2.86
-191876.777    94.167    -1.30    3.07
-191587.871    93.665    -1.74    3.46
-191298.981    93.191    -1.64    3.32
-191010.108    92.515    -2.34    3.26
-190721.252    91.741    -2.68    3.07
-190432.412    91.107    -2.19    3.07
-190143.588    90.155    -3.30    2.75
-189854.781    89.375    -2.70    2.71
-189565.991    88.594    -2.71    2.50
-189277.217    87.808    -2.72    2.29
-188988.460    86.853    -3.31    2.11
-188699.719    86.222    -2.19    2.01
-188410.995    85.590    -2.19    1.95
-188122.287    85.008    -2.02    1.84
-187833.596    84.405    -2.09    1.94
-187544.921    83.728    -2.34    2.05
-187256.263    82.808    -3.19    2.36
-186967.621    81.880    -3.22    2.46
-186678.996    81.107    -2.68    2.19
-186390.387    81.146     0.13    2.15
-186101.794    81.508     1.26    2.57
-185813.219    82.713     4.17    3.18
-185524.659    84.022     4.54    3.38
-185236.116    85.464     5.00    3.09
-184947.590    87.066     5.55    2.71
-184659.080    88.065     3.46    2.49
-184370.586    89.080     3.52    2.41
-184082.109    90.080     3.47    2.52
-183793.649    91.022     3.27    2.36
-183505.205    91.769     2.59    2.32
-183216.777    92.385     2.14    2.12
-182928.366    92.861     1.65    1.83
-182639.971    93.184     1.12    1.31
-182351.593    93.262     0.27    1.27
-182063.231    93.036    -0.78    1.27
-181774.885    92.755    -0.98    1.34
-181486.556    92.220    -1.86    1.46
-181198.243    91.727    -1.71    1.30
-180909.947    91.316    -1.42    1.19
-180621.667    91.037    -0.97    1.18
-180333.404    90.890    -0.51    1.35
-180045.157    90.637    -0.88    1.28
-179756.927    90.445    -0.67    1.12
-179468.712    90.420    -0.09    1.11
-179180.515    90.290    -0.45    1.25
-178892.333    90.093    -0.68    1.25
-178604.168    89.851    -0.84    1.15
-178316.020    89.637    -0.74    1.11
-178027.888    89.552    -0.29    1.18
-177739.772    89.327    -0.78    1.29
-177451.672    89.120    -0.72    1.26
-177163.589    88.789    -1.15    1.22
-176875.523    88.580    -0.73    1.16
-176587.473    88.417    -0.57    1.10
-176299.439    88.222    -0.67    1.10
-176011.421    88.080    -0.50    1.06
-175723.420    87.816    -0.91    1.15
-175435.435    87.655    -0.56    1.16
-175147.467    87.431    -0.78    1.21
-174859.515    87.337    -0.33    1.23
-174571.579    87.147    -0.66    1.44
-174283.659    86.953    -0.68    1.59
-173995.756    86.708    -0.85    1.57
-173707.870    86.602    -0.37    1.87
-173419.999    86.365    -0.82    1.97
-173132.145    86.214    -0.53    2.10
-172844.307    86.037    -0.61    2.20
-172556.486    85.670    -1.27    2.29
-172268.681    85.360    -1.08    2.22
-171980.892    85.022    -1.17    2.24
-171693.120    84.608    -1.44    2.10
-171405.364    84.228    -1.32    1.90
-171117.624    84.065    -0.57    1.82
-170829.900    83.787    -0.97    1.59
-170542.193    83.665    -0.42    1.32
-170254.502    83.389    -0.96    1.21
-169966.828    83.365    -0.08    1.16
-169679.169    83.211    -0.54    1.09
-169391.527    83.175    -0.12    0.94
-169103.901    83.199     0.08    0.98
-168816.292    83.459     0.90    0.98
-168528.699    83.559     0.35    1.15
-168241.122    83.875     1.10    1.24
-167953.561    84.161     0.99    1.34
-167666.017    84.480     1.11    1.34
-167378.489    84.814     1.16    1.34
-167090.977    84.995     0.63    1.19
-166803.482    85.094     0.35    1.18
-166516.002    85.167     0.26    1.10
-166228.539    85.265     0.34    0.98
-165941.092    85.258    -0.03    1.08
-165653.662    85.151    -0.37    1.10
-165366.248    84.966    -0.64    1.17
-165078.849    84.793    -0.60    1.10
-164791.468    84.600    -0.67    1.10
-164504.102    84.394    -0.72    1.08
-164216.753    84.140    -0.88    1.02
-163929.420    84.137    -0.01    1.10
-163642.103    83.934    -0.70    1.09
-163354.802    83.894    -0.14    1.12
-163067.518    83.797    -0.34    1.15
-162780.249    83.584    -0.74    1.09
-162492.997    83.530    -0.19    1.08
-162205.761    83.487    -0.15    1.14
-161918.542    83.508     0.07    1.14
-161631.338    83.537     0.10    1.18
-161344.151    83.640     0.36    1.17
-161056.980    83.684     0.15    1.18
-160769.825    83.839     0.54    1.05
-160482.687    83.951     0.39    1.01
-160195.564    84.175     0.78    1.10
-159908.458    84.425     0.87    1.38
-159621.368    84.600     0.61    1.37
-159334.294    84.875     0.96    1.44
-159047.236    85.199     1.13    1.44
-158760.195    85.405     0.72    1.38
-158473.169    85.588     0.64    1.37
-158186.160    85.755     0.58    1.33
-157899.167    85.694    -0.21    1.33
-157612.190    85.727     0.11    1.44
-157325.229    85.727     0.00    1.59
-157038.284    85.515    -0.74    1.78
-156751.356    85.365    -0.52    2.01
-156464.444    85.287    -0.27    2.06
-156177.547    84.776    -1.78    2.32
-155890.667    84.558    -0.76    2.51
-155603.803    84.036    -1.82    2.59
-155316.956    83.637    -1.39    2.70
-155030.124    83.290    -1.21    3.10
-154743.308    82.602    -2.40    3.23
-154456.509    81.790    -2.83    3.40
-154169.726    81.331    -1.60    3.51
-153882.958    80.199    -3.95    4.15
-153596.207    79.417    -2.73    4.44
-153309.472    78.811    -2.11    4.64
-153022.753    78.480    -1.16    5.02
-152736.051    78.551     0.25    5.07
-152449.364    78.508    -0.15    5.16
-152162.693    78.675     0.58    4.81
-151876.039    78.581    -0.33    4.48
-151589.401    77.861    -2.51    4.16
-151302.778    76.714    -4.00    3.85
-151016.172    75.308    -4.90    3.80
-150729.582    73.501    -6.31    4.14
-150443.008    71.337    -7.55    4.52
-150156.450    69.403    -6.75    4.76
-149869.531    66.865    -8.84    5.38
-149579.471    64.370    -8.60    5.14
-149289.429    62.228    -7.39    5.00
-148999.402    60.140    -7.20    4.38
-148709.393    58.327    -6.25    3.97
-148419.400    56.713    -5.57    3.36
-148129.423    55.360    -4.66    3.05
-147839.463    54.093    -4.37    3.34
-147549.520    52.733    -4.69    3.37
-147259.593    51.451    -4.42    3.50
-146969.682    50.008    -4.98    3.69
-146679.788    48.863    -3.95    3.88
-146389.911    47.092    -6.11    3.78
-146100.050    46.009    -3.74    3.55
-145810.205    44.950    -3.65    3.21
-145520.377    43.839    -3.83    3.26
-145230.566    42.566    -4.39    2.71
-144940.771    41.861    -2.44    2.54
-144650.992    41.095    -2.64    2.18
-144361.230    40.631    -1.60    1.78
-144071.485    40.093    -1.86    1.44
-143781.756    39.938    -0.53    1.32
-143492.043    39.751    -0.65    1.32
-143202.347    39.769     0.06    1.33
-142912.668    39.640    -0.44    1.35
-142623.004    39.816     0.61    1.47
-142333.358    40.037     0.76    1.63
-142043.728    40.265     0.79    2.09
-141754.114    41.135     3.00    3.16
-141464.516    42.337     4.15    4.11
-141174.936    43.628     4.46    4.95
-140885.371    45.551     6.64    6.37
-140595.823    47.743     7.57    7.24
-140306.292    49.096     4.67    7.67
-140016.776    51.718     9.06    7.30
-139727.278    53.614     6.55    7.09
-139437.796    55.819     7.62    6.43
-139148.330    57.522     5.88    6.01
-138858.880    58.434     3.15    4.91
-138569.447    58.993     1.93    3.90
-138280.031    59.037     0.15    3.77
-137990.631    57.846    -4.12    4.41
-137701.247    56.708    -3.93    4.49
-137411.879    54.769    -6.70    4.47
-137122.528    52.882    -6.52    4.23
-136833.194    51.346    -5.31    3.82
-136543.876    50.225    -3.88    3.58
-136254.574    49.478    -2.58    3.77
-135965.289    49.581     0.36    3.99
-135676.020    49.434    -0.51    4.21
-135386.767    49.937     1.74    4.53
-135097.531    50.177     0.83    4.22
-134808.311    49.939    -0.82    3.69
-134519.107    49.839    -0.35    3.44
-134229.920    49.825    -0.05    3.21
-133940.750    49.655    -0.59    3.15
-133651.595    49.965     1.07    3.12
-133362.457    50.508     1.88    3.12
-133073.335    50.622     0.40    2.96
-132784.230    50.637     0.05    2.68
-132495.141    50.225    -1.42    2.74
-132206.068    50.205    -0.07    2.61
-131917.012    49.689    -1.79    3.21
-131627.972    49.243    -1.54    3.24
-131338.949    48.922    -1.11    3.41
-131049.941    48.581    -1.18    3.58
-130760.950    48.294    -0.99    3.84
-130471.976    48.783     1.69    4.26
-130183.017    49.242     1.59    4.65
-129894.075    49.938     2.41    4.43
-129605.150    50.689     2.60    4.22
-129316.240    51.140     1.56    3.71
-129027.347    51.385     0.85    3.39
-128738.471    51.399     0.05    3.49
-128449.610    51.163    -0.82    3.89
-128160.766    50.403    -2.63    4.24
-127871.938    49.163    -4.29    4.92
-127583.127    47.508    -5.73    5.14
-127294.331    46.390    -3.87    5.13
-127005.552    45.390    -3.46    4.91
-126716.790    44.331    -3.67    4.64
-126428.043    44.298    -0.12    4.40
-126139.313    43.980    -1.10    4.36
-125850.599    44.251     0.94    3.85
-125561.902    45.008     2.62    3.99
-125273.220    46.389     4.78    4.01
-124984.555    48.122     6.01    4.14
-124695.906    49.802     5.82    4.03
-124407.274    51.443     5.69    3.74
-124118.657    52.522     3.74    3.26
-123830.057    53.065     1.88    3.17
-123541.474    52.837    -0.79    3.44
-123252.906    51.938    -3.12    3.93
-122964.355    50.544    -4.83    3.77
-122675.820    49.094    -5.03    3.24
-122387.301    47.581    -5.24    2.78
-122098.798    46.625    -3.31    2.31
-121810.312    45.794    -2.88    1.80
-121521.841    45.234    -1.94    1.63
-121233.387    45.280     0.16    1.80
-120944.950    45.765     1.68    2.27
-120656.528    46.622     2.97    2.76
-120368.123    47.634     3.51    2.91
-120079.734    48.890     4.35    3.18
-119791.361    50.272     4.79    3.16
-119503.004    51.993     5.97    2.73
-119214.664    53.365     4.76    2.56
-118926.339    54.651     4.46    2.69
-118638.031    55.783     3.93    2.64
-118349.739    56.776     3.44    2.52
-118061.463    57.758     3.41    2.50
-117773.204    58.302     1.89    2.32
-117484.961    58.846     1.89    2.06
-117196.733    59.180     1.16    1.71
-116908.522    59.290     0.38    1.55
-116620.327    59.286    -0.01    1.45
-116332.149    59.163    -0.43    1.34
-116043.986    58.952    -0.73    1.30
-115755.840    58.428    -1.82    1.35
-115467.709    57.949    -1.66    1.56
-115179.595    57.552    -1.38    1.60
-114891.497    56.848    -2.44    1.48
-114603.416    56.248    -2.09    1.73
-114315.350    55.508    -2.57    1.94
-114027.300    54.783    -2.52    1.90
-113739.267    54.222    -1.95    1.86
-113451.250    53.287    -3.25    1.83
-113163.249    52.751    -1.86    1.78
-112875.264    52.111    -2.22    1.70
-112587.295    51.399    -2.47    1.90
-112299.342    50.966    -1.50    1.74
-112011.405    50.414    -1.92    1.67
-111723.485    49.882    -1.85    1.52
-111435.580    49.608    -0.95    1.72
-111147.692    49.287    -1.12    1.83
-110859.820    49.108    -0.62    1.72
-110571.964    48.787    -1.12    1.73
-110284.124    48.356    -1.50    2.01
-109996.300    47.670    -2.38    2.17
-109708.492    47.091    -2.01    1.98
-109420.700    46.544    -1.90    2.06
-109132.925    45.951    -2.06    2.01
-108845.165    45.140    -2.82    1.48
-108557.422    44.622    -1.80    1.65
-108269.694    43.890    -2.55    1.94
-107981.983    43.051    -2.92    2.27
-107694.288    42.262    -2.74    2.26
-107406.608    41.550    -2.47    1.88
-107118.945    41.051    -1.73    1.64
-106831.298    40.783    -0.93    1.45
-106543.667    40.552    -0.80    1.48
-106256.052    40.508    -0.15    1.45
-105968.453    40.566     0.20    1.42
-105680.870    40.419    -0.51    1.58
-105393.303    40.276    -0.50    1.58
-105105.752    40.065    -0.73    1.53
-104818.218    39.853    -0.73    1.54
-104530.699    39.586    -0.93    1.48
-104243.196    39.508    -0.27    1.44
-103955.709    39.272    -0.82    1.31
-103668.239    39.493     0.77    1.66
-103380.784    39.390    -0.36    1.74
-103093.345    39.437     0.16    1.77
-102805.923    39.308    -0.45    1.56
-102518.516    39.092    -0.75    1.49
-102231.126    39.037    -0.19    1.52
-101943.751    38.892    -0.50    1.69
-101656.392    38.537    -1.24    1.42
-101369.050    38.493    -0.15    1.41
-101081.723    38.184    -1.07    1.32
-100794.412    38.037    -0.51    1.32
-100507.118    37.867    -0.59    1.33
-100219.839    37.731    -0.48    1.29
 -99932.576    37.529    -0.70    1.24
 -99645.330    37.445    -0.29    1.25
 -99358.099    37.375    -0.24    1.16
 -99070.884    37.312    -0.22    1.15
 -98783.685    37.243    -0.24    1.10
 -98496.503    37.022    -0.77    1.20
 -98209.336    36.882    -0.49    1.26
 -97922.185    36.776    -0.37    1.28
 -97635.050    36.628    -0.51    1.28
 -97347.931    36.551    -0.27    1.28
 -97060.828    36.544    -0.02    1.21
 -96773.741    36.422    -0.42    1.13
 -96486.670    36.405    -0.06    1.43
 -96199.614    36.272    -0.46    1.46
 -95912.575    35.880    -1.37    1.57
 -95625.552    35.365    -1.79    1.95
 -95338.544    34.608    -2.64    1.91
 -95051.553    33.811    -2.78    1.84
 -94764.577    33.151    -2.30    2.01
 -94477.618    32.508    -2.24    1.89
 -94190.674    32.125    -1.33    1.66
 -93903.746    31.617    -1.77    1.52
 -93616.834    31.428    -0.66    1.38
 -93329.938    31.065    -1.27    1.48
 -93043.058    30.908    -0.55    1.49
 -92756.194    30.808    -0.35    1.59
 -92469.345    30.665    -0.50    1.58
 -92182.513    30.422    -0.85    1.65
 -91895.696    30.302    -0.42    1.70
 -91608.896    30.155    -0.51    1.70
 -91322.111    30.037    -0.41    1.65
 -91035.342    29.559    -1.67    1.35
 -90748.589    29.095    -1.62    1.41
 -90461.852    28.747    -1.21    1.34
 -90175.131    28.660    -0.30    1.28
 -89888.426    28.414    -0.86    1.25
 -89601.736    28.302    -0.39    1.23
 -89315.062    28.243    -0.21    1.18
 -89028.405    28.108    -0.47    1.24
 -88741.763    27.993    -0.40    1.25
 -88455.137    28.051     0.20    1.15
 -88168.526    28.008    -0.15    1.08
 -87881.932    28.036     0.10    1.16
 -87593.097    28.177     0.49    1.24
 -87303.067    28.211     0.12    1.23
 -87013.053    28.361     0.52    1.27
 -86723.056    28.451     0.31    1.02
 -86433.075    28.670     0.76    1.24
 -86143.110    29.051     1.31    1.57
 -85853.161    29.422     1.28    1.68
 -85563.229    29.816     1.36    1.66
 -85273.313    29.979     0.56    1.51
 -84983.413    30.155     0.61    1.48
 -84693.530    30.155     0.00    1.44
 -84403.663    29.922    -0.80    1.31
 -84113.812    29.780    -0.49    1.32
 -83823.977    29.694    -0.30    1.21
 -83534.159    29.572    -0.42    1.22
 -83244.357    29.646     0.25    1.34
 -82954.571    29.743     0.34    1.38
 -82664.801    29.828     0.29    1.37
 -82375.048    29.816    -0.04    1.34
 -82085.311    29.508    -1.06    1.48
 -81795.590    29.365    -0.49    1.42
 -81505.885    29.191    -0.60    1.43
 -81216.197    28.780    -1.42    1.63
 -80926.525    28.052    -2.51    1.92
 -80636.869    27.611    -1.52    2.01
 -80347.229    26.611    -3.45    2.66
 -80057.605    25.380    -4.25    3.41
 -79767.998    24.093    -4.44    3.83
 -79478.407    22.908    -4.09    3.87
 -79188.832    21.851    -3.65    4.07
 -78899.273    20.588    -4.36    3.90
 -78609.731    19.302    -4.44    3.65
 -78320.205    18.743    -1.93    3.65
 -78030.695    17.522    -4.22    3.04
 -77741.201    16.819    -2.43    2.72
 -77451.723    16.149    -2.32    2.30
 -77162.262    15.422    -2.51    2.05
 -76872.816    14.834    -2.03    1.78
 -76583.387    14.551    -0.98    1.56
 -76293.974    14.096    -1.57    1.47
 -76004.578    13.816    -0.97    1.52
 -75715.197    13.689    -0.44    1.51
 -75425.833    13.728     0.14    1.68
 -75136.484    13.544    -0.64    1.61
 -74847.152    13.394    -0.52    1.67
 -74557.836    13.248    -0.50    1.61
 -74268.536    13.322     0.26    1.62
 -73979.253    13.140    -0.63    1.46
 -73689.985    13.155     0.05    1.56
 -73400.734    13.037    -0.41    1.50
 -73111.499    12.938    -0.34    1.54
 -72822.280    12.694    -0.84    1.58
 -72533.077    12.262    -1.49    1.53
 -72243.890    11.863    -1.38    1.50
 -71954.719    11.451    -1.42    1.60
 -71665.565    11.111    -1.18    1.43
 -71376.426    10.892    -0.76    1.42
 -71087.304    10.880    -0.04    1.43
 -70798.198    11.214     1.16    1.59
 -70509.108    11.790     1.99    2.03
 -70220.034    12.713     3.19    2.72
 -69930.976    13.934     4.23    3.11
 -69641.934    15.108     4.06    3.22
 -69352.909    16.405     4.49    3.29
 -69063.899    17.573     4.04    3.03
 -68774.906    18.837     4.37    2.61
 -68485.928    19.954     3.87    1.97
 -68196.967    20.747     2.74    1.83
 -67908.022    21.080     1.15    1.52
 -67619.093    21.537     1.58    1.50
 -67330.180    21.980     1.53    1.75
 -67041.283    22.199     0.76    1.74
 -66752.402    22.251     0.18    1.75
 -66463.537    22.280     0.10    1.85
 -66174.688    22.092    -0.65    2.06
 -65885.856    21.529    -1.95    2.37
 -65597.039    20.922    -2.10    2.42
 -65308.238    19.978    -3.27    2.35
 -65019.454    19.180    -2.77    2.24
 -64730.685    18.361    -2.84    2.24
 -64441.933    17.094    -4.39    2.34
 -64153.196    16.137    -3.32    2.51
 -63864.476    15.064    -3.72    2.68
 -63575.772    13.882    -4.10    2.71
 -63287.084    12.776    -3.83    2.80
 -62998.411    11.111    -5.77    3.05
 -62709.755     9.890    -4.23    2.88
 -62421.115     9.008    -3.06    2.91
 -62132.491     7.694    -4.55    2.62
 -61843.882     6.680    -3.51    2.23
 -61555.290     5.953    -2.52    2.02
 -61266.714     5.220    -2.54    1.79
 -60978.154     4.718    -1.74    1.82
 -60689.610     4.375    -1.19    1.68
 -60401.082     3.993    -1.33    1.55
 -60112.570     3.486    -1.76    2.08
 -59824.073     2.622    -2.99    2.70
 -59535.593     1.780    -2.92    3.09
 -59247.129     1.051    -2.53    3.16
 -58958.681     0.351    -2.43    3.25
 -58670.249    -0.375    -2.52    2.87
 -58381.832    -0.845    -1.63    2.63
 -58093.432    -1.097    -0.87    2.42
 -57805.048    -1.152    -0.19    2.31
 -57516.680    -0.820     1.15    2.51
 -57228.327    -0.920    -0.34    2.38
 -56939.991    -0.780     0.48    2.39
 -56651.670    -0.878    -0.34    2.25
 -56363.366    -0.610     0.93    2.47
 -56075.077    -0.360     0.87    2.44
 -55786.805    -0.396    -0.12    2.52
 -55498.548    -0.406    -0.04    2.33
 -55210.308    -0.392     0.05    2.28
 -54922.083    -0.246     0.51    2.47
 -54633.874    -0.406    -0.55    2.45
 -54345.681    -0.492    -0.30    2.59
 -54057.504    -0.306     0.65    2.61
 -53769.343    -0.125     0.63    2.60
 -53481.198    -0.127    -0.01    2.61
 -53193.069     0.194     1.11    2.57
 -52904.956     0.565     1.29    2.32
 -52616.858     1.276     2.47    1.63
 -52328.777     1.403     0.44    1.48
 -52040.711     1.394    -0.03    1.59
 -51752.662     1.500     0.37    1.66
 -51464.628     1.625     0.44    1.53
 -51176.610     1.500    -0.44    1.43
 -50888.608     1.465    -0.12    1.50
 -50600.622     1.451    -0.05    1.53
 -50312.652     1.478     0.09    1.41
 -50024.698     1.445    -0.12    1.31
 -49736.759     1.137    -1.07    1.29
 -49448.837     1.127    -0.03    1.37
 -49160.930     0.978    -0.52    1.44
 -48873.039     1.082     0.36    1.62
 -48585.164     1.037    -0.16    1.60
 -48297.305     0.794    -0.84    1.70
 -48009.462     0.669    -0.43    1.80
 -47721.635     0.487    -0.63    1.80
 -47433.823     0.251    -0.82    1.80
 -47146.028    -0.007    -0.90    1.51
 -46858.248    -0.110    -0.36    1.58
 -46570.484    -0.095     0.05    1.49
 -46282.736    -0.078     0.06    1.48
 -45995.004    -0.092    -0.05    1.35
 -45707.288    -0.181    -0.31    1.33
 -45419.587    -0.147     0.12    1.25
 -45131.902    -0.035     0.39    1.25
 -44844.233     0.052     0.30    1.21
 -44556.580     0.125     0.25    1.19
 -44268.943     0.199     0.26    1.12
 -43981.322     0.165    -0.12    1.17
 -43693.716     0.137    -0.10    1.17
 -43406.126     0.138     0.01    1.24
 -43118.552     0.248     0.38    1.21
 -42830.994     0.037    -0.73    1.15
 -42543.452     0.216     0.63    1.25
 -42255.925     0.184    -0.11    1.33
 -41968.414     0.214     0.10    1.33
 -41680.919     0.094    -0.42    1.54
 -41393.440    -0.106    -0.70    1.66
 -41105.977    -0.020     0.30    1.76
 -40818.529    -0.178    -0.55    1.85
 -40531.097    -0.206    -0.10    1.88
 -40243.681    -0.097     0.38    1.80
 -39956.281    -0.007     0.31    1.81
 -39668.896     0.008     0.05    1.77
 -39381.528    -0.020    -0.10    1.79
 -39094.175    -0.149    -0.45    1.81
 -38806.837     0.037     0.65    1.84
 -38519.516     0.356     1.11    1.64
 -38232.210     0.637     0.98    1.42
 -37944.920     0.846     0.73    1.39
 -37657.646     1.022     0.61    1.21
 -37370.388     1.008    -0.05    1.16
 -37083.145     0.993    -0.05    1.19
 -36795.918     0.882    -0.39    1.19
 -36508.707     0.834    -0.17    1.29
 -36221.511     1.008     0.61    1.31
 -35934.331     1.008    -0.00    1.37
 -35647.167     1.022     0.05    1.53
 -35360.019     1.081     0.20    1.66
 -35072.886     0.994    -0.30    1.68
 -34785.769     1.008     0.05    1.62
 -34498.668     1.008     0.00    1.80
 -34211.583     0.718    -1.01    1.72
 -33924.513     0.314    -1.41    2.51
 -33637.459    -0.249    -1.96    2.84
 -33350.421    -0.702    -1.58    2.96
 -33063.398    -1.375    -2.34    3.16
 -32776.391    -1.606    -0.81    2.83
 -32489.400    -1.684    -0.27    2.78
 -32202.424    -1.078     2.11    2.91
 -31915.464    -0.463     2.14    2.79
 -31628.520     0.420     3.08    2.41
 -31341.592     0.851     1.50    1.97
 -31054.679     1.399     1.91    1.28
 -30767.782     1.390    -0.03    1.41
 -30480.900     1.269    -0.42    1.44
 -30194.034     1.302     0.12    1.53
 -29907.184     1.322     0.07    1.48
 -29620.350     1.337     0.05    1.45
 -29333.531     1.314    -0.08    1.39
 -29046.727     1.380     0.23    1.20
 -28759.940     1.437     0.20    1.10
 -28473.168     1.596     0.56    1.18
 -28186.412     1.501    -0.33    1.34
 -27899.671     1.669     0.59    1.69
 -27612.946     1.544    -0.44    1.89
 -27326.237     1.248    -1.03    2.21
 -27039.543     0.953    -1.03    2.28
 -26752.865     0.651    -1.05    2.38
 -26466.203     0.551    -0.35    2.46
 -26179.556     0.613     0.22    2.44
 -25892.925     0.709     0.33    2.24
 -25605.641     1.199     1.71    2.12
 -25315.613     1.790     2.04    1.75
 -25025.601     2.051     0.90    1.71
 -24735.605     2.564     1.77    1.42
 -24445.626     3.051     1.68    1.59
 -24155.662     3.225     0.60    1.61
 -23865.714     3.306     0.28    1.59
 -23575.782     3.552     0.85    1.86
 -23285.867     3.714     0.56    1.91
 -22995.967     3.684    -0.10    1.58
 -22706.084     3.718     0.12    1.47
 -22416.216     3.994     0.95    1.77
 -22126.365     4.308     1.08    2.25
 -21836.529     5.066     2.62    2.63
 -21546.710     5.754     2.37    3.61
 -21256.906     5.477    -0.96    3.87
 -20967.119     5.065    -1.42    4.40
 -20677.347     4.765    -1.04    4.55
 -20387.592     4.465    -1.04    4.59
 -20097.853     4.137    -1.13    4.67
 -19808.129     3.530    -2.10    4.61
 -19518.422     2.993    -1.85    4.35
 -19228.730     2.142    -2.94    4.16
 -18939.055     1.399    -2.56    3.73
 -18649.396     0.559    -2.90    3.26
 -18359.752    -0.094    -2.25    2.36
 -18070.125    -0.563    -1.62    1.42
 -17780.513    -0.463     0.35    1.55
 -17490.918    -0.261     0.70    1.71
 -17201.338     0.272     1.84    2.22
 -16911.775     0.993     2.49    2.51
 -16622.227     1.694     2.42    2.70
 -16332.695     2.408     2.47    2.57
 -16043.180     3.081     2.32    2.34
 -15753.680     3.283     0.70    2.55
 -15464.196     3.747     1.60    2.36
 -15174.729     3.734    -0.04    2.62
 -14885.277     3.743     0.03    2.55
 -14595.841     3.669    -0.25    2.61
 -14306.421     3.713     0.15    2.67
 -14017.017     3.896     0.63    2.18
 -13727.629     3.808    -0.30    2.17
 -13438.257     3.602    -0.71    2.10
 -13148.900     3.575    -0.09    1.72
 -12859.560     3.492    -0.29    1.54
 -12570.236     3.552     0.21    1.54
 -12280.927     3.617     0.22    1.61
 -11991.635     3.565    -0.18    1.71
 -11702.358     3.867     1.04    1.84
 -11413.097     4.108     0.83    1.86
 -11123.853     4.346     0.82    1.93
 -10834.624     4.798     1.56    2.23
 -10545.411     5.157     1.24    2.60
 -10256.214     5.008    -0.51    3.03
  -9967.032     4.880    -0.44    3.05
  -9677.867     4.952     0.25    3.74
  -9388.718     4.965     0.05    3.88
  -9099.584     4.906    -0.20    4.06
  -8810.466     4.316    -2.04    3.95
  -8521.365     4.096    -0.76    3.92
  -8232.279     4.366     0.93    3.99
  -7943.209     4.269    -0.34    4.05
  -7654.154     4.472     0.70    3.94
  -7365.116     4.495     0.08    4.22
  -7076.094     4.713     0.75    4.48
  -6787.087     5.066     1.22    4.58
  -6498.096     5.272     0.71    5.04
  -6209.121     5.097    -0.61    5.09
  -5920.162     4.765    -1.15    4.95
  -5631.219     4.808     0.15    5.23
  -5342.292     4.428    -1.31    5.52
  -5053.380     3.666    -2.64    5.43
  -4764.485     2.951    -2.48    5.37
  -4475.605     2.508    -1.53    5.21
  -4186.741     1.890    -2.14    5.29
  -3897.893     1.351    -1.87    5.24
  -3609.060     0.298    -3.65    4.09
  -3320.244    -0.935    -4.27    0.36
  -3031.443    -0.978    -0.15    0.00
  -2742.658    -0.692     0.99    1.42
  -2453.889    -0.713    -0.07    1.18
  -2165.136    -0.396     1.10    1.58
  -1876.398     0.008     1.40    2.05
  -1587.677     0.640     2.19    2.61
  -1298.971     1.182     1.88    3.13
  -1010.281     1.790     2.11    3.25
   -721.606     2.356     1.96    3.45
   -432.948     2.457     0.35    3.53
   -144.305     2.790     1.15    3.76
    144.322     3.331     1.87    3.96
    432.933     3.316    -0.05    3.95
    721.528     3.258    -0.20    3.84
   1010.108     3.228    -0.10    3.81
   1298.672     3.472     0.84    3.68
   1587.220     3.457    -0.05    3.55
   1875.752     3.194    -0.91    3.21
   2164.269     3.251     0.20    2.76
   2452.770     3.390     0.48    2.76
   2741.255     3.649     0.90    2.74
   3029.724     3.478    -0.59    2.79
   3318.178     3.515     0.13    2.71
   3606.615     3.544     0.10    2.71
   3895.037     3.465    -0.27    2.77
   4183.444     3.480     0.05    2.84
   4471.834     3.184    -1.02    2.75
   4760.209     3.331     0.51    2.45
   5048.568     3.331     0.00    2.38
   5336.912     3.465     0.46    2.29
   5625.239     3.403    -0.22    2.19
   5913.551     3.287    -0.40    2.11
   6201.848     3.322     0.12    2.10
   6490.128     3.283    -0.14    2.01
   6778.393     3.356     0.25    2.13
   7066.642     3.140    -0.75    2.04
   7354.875     2.828    -1.08    2.15
   7643.093     2.751    -0.27    2.17
   7931.295     2.896     0.50    1.94
   8219.481     2.892    -0.01    2.02
   8507.652     2.646    -0.85    1.99
   8795.807     2.493    -0.53    2.17
   9083.946     2.694     0.70    2.36
   9372.070     2.949     0.88    2.77
   9660.178     2.979     0.10    3.04
   9948.270     2.808    -0.59    3.36
  10236.346     2.480    -1.14    3.59
  10524.407     2.151    -1.14    3.69
  10812.452     1.272    -3.05    3.29
  11100.482     0.575    -2.42    2.96
  11388.496    -0.097    -2.33    2.32
  11676.494    -0.492    -1.37    1.92
  11964.477    -0.742    -0.87    1.40
  12252.443    -0.506     0.82    1.91
  12540.395     0.065     1.98    2.49
  12828.330     0.537     1.64    2.75
  13116.250     0.979     1.54    2.82
  13404.155     1.201     0.77    2.69
  13692.043     1.743     1.88    2.75
  13979.916     1.934     0.66    2.76
  14267.774     2.478     1.89    2.79
  14555.616     2.680     0.70    2.83
  14843.442     3.037     1.24    2.87
  15131.253     3.473     1.52    2.81
  15419.047     4.167     2.41    3.00
  15706.827     4.822     2.28    2.88
  15994.591     5.522     2.43    2.82
  16282.339     5.978     1.58    2.79
  16570.071     5.951    -0.09    2.58
  16857.788     5.880    -0.25    2.63
  17145.489     5.501    -1.32    2.67
  17433.175     4.937    -1.96    2.52
  17720.845     4.465    -1.64    2.41
  18008.500     3.993    -1.64    1.86
  18296.139     3.919    -0.25    1.70
  18583.762     3.679    -0.84    1.82
  18871.370     3.494    -0.64    1.82
  19158.962     3.408    -0.30    1.66
  19446.539     3.425     0.06    1.55
  19734.100     3.651     0.78    1.51
  20021.646     3.559    -0.32    1.66
  20309.176     3.628     0.24    1.85
  20596.690     3.831     0.71    2.01
  20884.189     3.963     0.46    1.95
  21171.672     4.265     1.05    1.99
  21459.140     4.622     1.24    2.19
  21746.592     5.037     1.44    1.74
  22034.029     5.182     0.50    1.61
  22321.450     5.283     0.35    1.54
  22608.855     5.067    -0.75    1.79
  22896.245     4.787    -0.97    2.01
  23183.620     4.341    -1.55    2.14
  23470.979     3.921    -1.46    2.16
  23758.322     3.312    -2.12    2.40
  24045.650     3.240    -0.25    2.42
  24332.962     3.486     0.86    2.39
  24620.259     3.640     0.54    2.30
  24907.541     3.728     0.31    2.18
  25194.807     3.949     0.77    2.17
  25482.057     3.843    -0.37    1.98
  25769.292     3.993     0.52    1.99
  26056.511     4.037     0.15    1.96
  26343.715     3.965    -0.25    1.74
  26630.903     4.080     0.40    1.60
  26918.076     4.381     1.05    1.60
  27205.233     4.905     1.83    1.76
  27492.375     4.962     0.20    1.82
  27779.502     5.187     0.78    1.87
  28066.613     5.254     0.24    2.02
  28353.708     5.646     1.36    2.08
  28640.788     5.994     1.21    2.30
  28927.852     6.037     0.15    2.22
  29214.901     5.949    -0.31    2.34
  29501.935     5.993     0.15    2.27
  29788.953     5.871    -0.43    2.16
  30075.956     5.750    -0.42    2.30
  30362.943     5.341    -1.42    2.25
  30649.915     5.008    -1.16    2.11
  30936.871     4.870    -0.48    1.72
  31223.812     4.837    -0.11    1.64
  31510.737     5.194     1.24    1.75
  31797.647     5.464     0.94    1.94
  32084.541     5.655     0.67    2.07
  32371.421     5.861     0.72    2.22
  32658.284     6.465     2.11    2.48
  32945.132     7.051     2.04    2.68
  33231.965     7.445     1.37    2.72
  33518.782     7.722     0.97    2.98
  33805.584     8.308     2.04    2.75
  34092.371     8.699     1.36    2.33
  34379.142     8.875     0.62    2.15
  34665.898     8.890     0.05    2.16
  34952.638     8.761    -0.45    2.28
  35239.363     8.248    -1.79    2.02
  35526.072     7.967    -0.98    2.14
  35812.767     7.921    -0.16    2.20
  36099.445     7.665    -0.89    2.13
  36386.109     7.553    -0.39    2.02
  36675.276     7.500    -0.18    1.78
  36965.279     7.949     1.55    2.08
  37255.267     7.905    -0.15    2.51
  37545.239     8.008     0.36    2.41
  37835.194     8.037     0.10    2.46
  38125.134     8.151     0.39    2.38
  38415.059     7.646    -1.74    2.71
  38704.967     7.604    -0.14    2.76
  38994.860     7.598    -0.02    2.96
  39284.736     7.552    -0.16    3.08
  39574.597     7.718     0.57    3.03
  39864.443     7.684    -0.12    2.99
  40154.272     7.765     0.28    2.85
  40444.086     8.080     1.09    2.25
  40733.884     7.831    -0.86    1.67
  41023.666     7.739    -0.32    1.62
  41313.432     7.628    -0.38    1.60
  41603.183     7.537    -0.32    1.59
  41892.918     7.434    -0.35    1.63
  42182.637     6.967    -1.61    1.68
  42472.340     6.863    -0.36    1.51
  42762.027     6.604    -0.89    1.49
  43051.699     6.346    -0.89    1.33
  43341.355     6.390     0.15    1.43
  43630.996     6.269    -0.42    1.42
  43920.620     6.037    -0.80    1.52
  44210.229     6.051     0.05    1.53
  44499.822     5.747    -1.05    1.50
  44789.399     5.655    -0.32    1.48
  45078.961     5.522    -0.46    1.45
  45368.507     5.575     0.18    1.42
  45658.037     5.611     0.12    1.44
  45947.551     5.508    -0.36    1.39
  46237.050     5.617     0.38    1.56
  46526.533     5.594    -0.08    1.55
  46816.000     5.655     0.21    1.59
  47105.452     5.709     0.19    1.65
  47394.888     5.949     0.83    1.77
  47684.308     6.142     0.67    1.60
  47973.712     6.222     0.28    1.50
  48263.101     6.332     0.38    1.48
  48552.474     6.254    -0.27    1.50
  48841.832     6.428     0.60    1.45
  49131.173     6.455     0.09    1.44
  49420.499     6.462     0.02    1.66
  49709.810     6.566     0.36    1.70
  49999.104     6.709     0.49    1.73
  50288.383     6.537    -0.60    1.65
  50577.647     6.451    -0.30    1.61
  50866.894     6.225    -0.78    1.57
  51156.126     6.280     0.19    1.32
  51445.343     6.280     0.00    1.26
  51734.543     6.381     0.35    1.29
  52023.728     6.416     0.12    1.20
  52312.898     6.608     0.66    1.21
  52602.051     6.606    -0.01    1.29
  52891.189     6.631     0.09    1.20
  53180.312     6.708     0.27    1.27
  53469.419     6.802     0.32    1.38
  53758.510     6.714    -0.31    1.35
  54047.585     6.699    -0.05    1.41
  54336.645     6.480    -0.76    1.51
  54625.689     6.651     0.59    1.49
  54914.718     6.689     0.13    1.44
  55203.731     6.602    -0.30    1.48
  55492.728     6.575    -0.10    1.45
  55781.710     6.522    -0.18    1.49
  56070.676     6.598     0.26    1.43
  56359.627     6.646     0.16    1.34
  56648.562     6.472    -0.60    1.25
  56937.481     6.408    -0.22    1.20
  57226.385     6.494     0.30    1.25
  57515.273     6.515     0.07    1.16
  57804.145     6.611     0.33    1.11
  58093.002     6.507    -0.36    1.19
  58381.844     6.395    -0.39    1.13
  58670.670     6.327    -0.24    1.22
  58959.480     6.341     0.05    1.28
  59248.274     6.374     0.12    1.33
  59537.053     6.487     0.39    1.38
  59825.817     6.596     0.38    1.44
  60114.565     6.758     0.56    1.42
  60403.297     6.743    -0.05    1.31
  60692.014     6.649    -0.32    1.28
  60980.715     6.431    -0.76    1.19
  61269.401     6.370    -0.21    1.17
  61558.071     6.425     0.19    1.19
  61846.726     6.581     0.54    1.14
  62135.365     6.553    -0.10    1.18
  62423.988     6.743     0.66    1.18
  62712.596     6.873     0.45    1.09
  63001.188     6.979     0.37    1.19
  63289.765     7.108     0.45    1.19
  63578.327     7.294     0.64    1.25
  63866.872     7.269    -0.09    1.23
  64155.403     7.231    -0.13    1.41
  64443.917     7.272     0.14    1.44
  64732.417     7.265    -0.03    1.40
  65020.900     7.366     0.35    1.40
  65309.369     7.405     0.14    1.39
  65597.821     7.617     0.73    1.38
  65886.259     7.572    -0.16    1.37
  66174.680     7.608     0.13    1.28
  66463.086     7.664     0.19    1.31
  66751.477     7.611    -0.19    1.19
  67039.852     7.754     0.50    1.24
  67328.212     7.794     0.14    1.21
  67616.556     7.780    -0.05    1.17
  67904.885     7.978     0.69    1.04
  68193.198     8.022     0.16    1.15
  68481.496     8.051     0.10    1.19
  68769.778     7.948    -0.36    1.21
  69058.045     7.816    -0.46    1.37
  69346.297     7.993     0.61    1.35
  69634.532     7.819    -0.60    1.36
  69922.753     7.761    -0.20    1.29
  70210.958     7.819     0.20    1.30
  70499.147     7.993     0.60    1.39
  70787.321     8.081     0.31    1.33
  71075.480     8.287     0.71    1.46
  71363.623     8.265    -0.08    1.45
  71651.751     8.228    -0.13    1.41
  71939.863     8.258     0.10    1.48
  72227.960     8.410     0.53    1.54
  72516.041     8.151    -0.90    1.53
  72804.107     7.980    -0.60    1.42
  73092.158     8.112     0.46    1.43
  73380.193     8.052    -0.21    1.34
  73668.213     8.159     0.37    1.33
  73956.217     8.237     0.27    1.35
  74244.206     8.308     0.25    1.30
  74532.179     8.485     0.61    1.37
  74820.137     8.515     0.10    1.36
  75108.080     8.718     0.70    1.36
  75396.007     8.947     0.79    1.34
  75683.919     9.008     0.21    1.33
  75971.815     9.184     0.61    1.32
  76259.696     9.225     0.14    1.37
  76547.562     9.269     0.15    1.33
  76835.412     9.151    -0.41    1.30
  77123.247     8.964    -0.65    1.34
  77411.066     8.787    -0.61    1.33
  77698.871     8.743    -0.15    1.47
  77986.659     8.719    -0.08    1.45
  78274.433     8.649    -0.24    1.48
  78562.191     8.537    -0.39    1.43
  78849.933     8.581     0.15    1.40
  79137.660     8.431    -0.52    1.25
  79425.372     8.494     0.22    1.25
  79713.069     8.552     0.20    1.25
  80000.750     8.581     0.10    1.16
  80288.416     8.750     0.59    1.17
  80576.066     8.739    -0.04    1.19
  80863.701     8.551    -0.65    1.09
  81151.321     8.709     0.55    1.14
  81438.925     8.741     0.11    1.12
  81726.514     8.921     0.63    1.29
  82014.088     8.933     0.04    1.30
  82301.647     9.037     0.36    1.19
  82589.190     9.169     0.46    1.25
  82876.717     9.240     0.24    1.28
  83164.230     9.208    -0.11    1.30
  83451.727     9.165    -0.15    1.37
  83739.209     8.910    -0.89    1.43
  84026.675     8.805    -0.36    1.55
  84314.126     8.625    -0.62    1.66
  84601.562     8.416    -0.73    1.75
  84888.983     8.174    -0.84    1.85
  85176.388     8.153    -0.07    1.86
  85463.778     8.052    -0.35    1.86
  85751.153     8.008    -0.15    1.65
  86038.512     8.280     0.94    1.62
  86325.856     8.312     0.11    1.50
  86613.185     8.287    -0.09    1.09
  86900.498     8.419     0.46    1.31
  87187.797     8.679     0.90    1.37
  87475.080     9.037     1.24    1.45
  87762.347     9.399     1.26    1.46
  88049.600     9.608     0.73    1.47
  88336.837     9.921     1.09    1.30
  88624.059     9.994     0.25    1.15
  88911.265    10.008     0.05    1.23
  89198.457     9.846    -0.56    1.12
  89485.633     9.743    -0.36    1.22
  89772.794     9.747     0.01    1.27
  90059.939     9.733    -0.05    1.34
  90347.069     9.783     0.18    1.31
  90634.185     9.718    -0.23    1.22
  90921.284     9.631    -0.30    1.07
  91208.369     9.704     0.25    1.01
  91495.438     9.856     0.53    1.05
  91782.493     9.934     0.27    1.00
  92069.531    10.007     0.26    1.04
  92356.555    10.122     0.40    0.99
  92643.564    10.222     0.35    0.94
  92930.557    10.322     0.35    0.97
  93217.535    10.283    -0.14    0.87
  93504.498    10.306     0.08    0.95
  93791.445    10.419     0.40    1.02
  94078.378    10.431     0.04    1.05
  94365.295    10.501     0.24    1.07
  94652.197    10.459    -0.15    1.13
  94939.084    10.336    -0.43    1.10
  95225.955    10.380     0.15    1.12
  95512.812    10.422     0.15    1.18
  95799.653    10.545     0.43    1.17
  96086.479    10.449    -0.33    1.20
  96373.290    10.500     0.18    1.16
  96660.086    10.551     0.18    1.13
  96946.866    10.580     0.10    1.24
  97233.631    10.649     0.24    1.14
  97520.381    10.787     0.48    1.25
  97807.116    10.758    -0.10    1.20
  98093.836    10.978     0.77    1.25
  98380.541    10.964    -0.05    1.16
  98668.244    11.172     0.72    1.14
  98958.245    11.269     0.33    1.13
  99248.231    11.501     0.80    1.15
  99538.201    11.718     0.75    1.15
  99828.155    11.689    -0.10    1.12
 100118.094    11.659    -0.10    1.16
 100408.017    11.508    -0.52    1.24
 100697.925    11.507    -0.00    1.23
 100987.817    11.365    -0.49    1.17
 101277.693    11.298    -0.23    1.20
 101567.554    11.243    -0.19    1.12
 101857.400    11.243     0.00    1.12
 102147.230    11.080    -0.56    1.08
 102437.044    11.053    -0.10    1.12
 102726.843    11.081     0.10    1.26
 103016.626    11.127     0.16    1.22
 103306.394    11.222     0.33    1.31
 103596.146    11.322     0.35    1.39
 103885.883    11.370     0.17    1.30
 104175.604    11.251    -0.41    1.45
 104465.310    11.157    -0.33    1.39
 104755.000    11.199     0.15    1.34
 105044.675    11.172    -0.09    1.29
 105334.334    11.385     0.74    1.33
 105623.978    11.565     0.62    1.29
 105913.606    11.906     1.18    1.45
 106203.218    12.051     0.50    1.35
 106492.816    12.366     1.09    1.39
 106782.397    12.492     0.44    1.46
 107071.963    12.581     0.31    1.55
 107361.514    12.124    -1.58    1.71
 107651.049    11.979    -0.50    1.67
 107940.569    11.551    -1.48    1.69
 108230.073    11.370    -0.62    1.64
 108519.562    11.214    -0.54    1.51
 108809.035    11.265     0.18    1.50
 109098.493    11.447     0.63    1.48
 109387.935    11.802     1.23    1.57
 109677.362    12.066     0.91    1.54
 109966.774    12.290     0.77    1.48
 110256.170    12.422     0.46    1.48
 110545.550    12.455     0.11    1.48
 110834.915    12.640     0.64    1.65
 111124.265    13.199     1.93    2.21
 111413.599    13.385     0.64    2.38
 111702.918    13.608     0.77    2.46
 111992.221    13.908     1.04    2.43
 112281.509    14.124     0.75    2.24
 112570.781    14.201     0.27    2.07
 112860.038    13.993    -0.72    1.54
 113149.280    13.750    -0.84    1.67
 113438.506    13.545    -0.71    1.66
 113727.717    13.381    -0.57    1.46
 114016.912    13.169    -0.73    1.28
 114306.092    13.108    -0.21    1.39
 114595.256    12.937    -0.59    1.37
 114884.405    12.992     0.19    1.41
 115173.539    13.169     0.61    1.55
 115462.657    13.097    -0.25    1.69
 115751.760    13.228     0.45    1.84
 116040.848    13.646     1.44    2.09
 116329.920    13.530    -0.40    2.03
 116618.976    13.434    -0.33    1.73
 116908.018    13.375    -0.20    1.53
 117197.044    13.199    -0.61    1.43
 117486.054    13.157    -0.15    1.37
 117775.049    12.919    -0.82    1.27
 118064.029    12.875    -0.15    1.16
 118352.994    13.113     0.82    1.11
 118641.943    13.194     0.28    1.10
 118930.876    13.211     0.06    1.09
 119219.795    13.159    -0.18    1.09
 119508.698    13.272     0.39    1.14
 119797.585    13.306     0.12    1.08
 120086.458    13.237    -0.24    1.13
 120375.314    13.394     0.54    1.14
 120664.156    13.457     0.22    1.17
 120952.982    13.449    -0.03    1.27
 121241.793    13.455     0.02    1.22
 121530.589    13.410    -0.16    1.21
 121819.369    13.351    -0.21    1.16
 122108.134    13.366     0.05    1.20
 122396.883    13.251    -0.40    1.23
 122685.617    13.167    -0.29    1.17
 122974.336    12.994    -0.60    1.04
 123263.040    13.007     0.05    1.02
 123551.728    13.022     0.05    0.92
 123840.401    13.008    -0.05    0.94
 124129.059    13.125     0.41    0.88
 124417.701    13.065    -0.21    0.98
 124706.328    13.248     0.63    0.91
 124994.940    13.155    -0.32    1.08
 125283.536    13.269     0.40    1.17
 125572.117    13.219    -0.17    1.22
 125860.683    13.189    -0.11    1.27
 126149.234    13.405     0.75    1.25
 126437.769    13.664     0.90    1.36
 126726.289    13.617    -0.16    1.49
 127014.794    13.776     0.55    1.47
 127303.283    13.727    -0.17    1.40
 127591.757    13.798     0.25    1.42
 127880.216    13.875     0.27    1.44
 128168.660    13.802    -0.25    1.38
 128457.088    14.008     0.71    1.19
 128745.501    14.051     0.15    1.18
 129033.899    14.079     0.10    1.27
 129322.282    14.312     0.81    1.11
 129610.649    14.346     0.12    1.14
 129899.001    14.568     0.77    1.28
 130187.338    14.553    -0.05    1.41
 130475.659    14.861     1.07    1.49
 130763.966    15.112     0.87    1.44
 131052.257    15.443     1.15    1.56
 131340.533    15.808     1.27    1.69
 131628.793    15.894     0.30    1.60
 131917.039    16.081     0.65    1.43
 132205.269    15.963    -0.41    1.49
 132493.484    15.861    -0.35    1.45
 132781.684    15.790    -0.24    1.50
 133069.868    15.422    -1.28    1.32
 133358.038    15.374    -0.17    1.35
 133646.192    15.283    -0.32    1.31
 133934.331    15.316     0.12    1.32
 134222.454    15.392     0.26    1.40
 134510.563    15.371    -0.07    1.48
 134798.656    15.272    -0.34    1.50
 135086.734    15.068    -0.71    1.55
 135374.797    15.108     0.14    1.43
 135662.845    15.251     0.50    1.43
 135950.877    14.994    -0.89    1.20
 136238.895    15.022     0.10    1.03
 136526.897    15.007    -0.05    1.21
 136814.884    15.037     0.10    1.17
 137102.856    15.083     0.16    1.20
 137390.812    15.140     0.20    1.26
 137678.754    15.280     0.48    1.27
 137966.680    15.508     0.79    1.42
 138254.591    15.544     0.13    1.35
 138542.487    15.765     0.77    1.27
 138830.368    15.734    -0.11    1.36
 139118.234    15.566    -0.58    1.39
 139406.084    15.366    -0.70    1.29
 139693.920    15.298    -0.24    1.37
 139981.740    15.108    -0.66    1.34
 140269.545    15.080    -0.10    1.42
 140557.335    15.196     0.41    1.42
 140845.110    15.276     0.28    1.30
 141132.869    15.228    -0.17    1.31
 141420.614    15.431     0.71    1.31
 141708.343    15.443     0.04    1.32
 141996.058    15.559     0.40    1.33
 142283.757    15.674     0.40    1.16
 142571.441    15.651    -0.08    1.19
 142859.110    15.689     0.13    1.24
 143146.764    15.628    -0.21    1.23
 143434.403    15.743     0.40    1.35
 143722.026    15.948     0.71    1.32
 144009.635    16.022     0.26    1.29
 144297.228    16.080     0.20    1.35
 144584.806    16.254     0.60    1.52
 144872.370    16.699     1.55    2.22
 145159.918    16.798     0.35    2.19
 145447.451    16.964     0.57    2.20
 145734.969    17.157     0.67    2.15
 146022.472    17.184     0.10    2.13
 146309.960    17.155    -0.10    2.14
 146597.432    16.993    -0.56    1.83
 146884.890    16.837    -0.54    1.35
 147172.333    16.608    -0.80    1.32
 147459.760    16.649     0.14    1.27
 147747.173    16.669     0.07    1.26
 148034.570    16.754     0.29    1.27
 148321.952    16.669    -0.29    1.26
 148609.320    16.794     0.43    1.37
 148896.672    16.805     0.04    1.29
 149184.009    16.863     0.20    1.30
 149471.331    16.784    -0.28    1.19
 149758.638    16.754    -0.10    1.25
 150045.930    16.795     0.14    1.17
 150333.208    16.843     0.17    1.19
 150620.470    16.776    -0.23    1.09
 150907.716    16.890     0.40    1.13
 151194.948    17.022     0.46    0.98
 151482.165    17.065     0.15    1.00
 151769.367    16.964    -0.35    0.93
 152056.554    16.905    -0.20    0.94
 152343.726    16.798    -0.37    1.01
 152630.883    16.649    -0.52    0.92
 152918.025    16.608    -0.14    0.89
 153205.151    16.581    -0.09    0.92
 153492.263    16.642     0.21    0.88
 153779.360    16.699     0.20    1.00
 154066.442    16.679    -0.07    0.95
 154353.509    16.750     0.25    0.92
 154640.561    16.899     0.52    1.04
 154927.597    16.964     0.22    1.05
 155214.619    17.140     0.61    1.02
 155501.626    17.135    -0.02    1.05
 155788.618    17.167     0.11    1.09
 156075.595    17.095    -0.25    1.09
 156362.557    17.125     0.11    1.11
 156649.504    17.098    -0.09    1.11
 156936.436    17.199     0.35    1.26
 157223.353    17.172    -0.09    1.12
 157510.255    17.283     0.39    1.12
 157797.142    17.294     0.04    1.10
 158084.014    17.228    -0.23    0.99
 158370.871    17.196    -0.11    0.80
 158657.714    17.310     0.40    0.89
 158944.541    17.310     0.00    0.89
 159231.353    17.316     0.02    0.92
 159518.151    17.341     0.08    0.91
 159804.933    17.346     0.02    0.91
 160091.701    17.422     0.27    0.94
 160378.453    17.370    -0.18    0.92
 160665.191    17.500     0.45    0.96
 160954.762    17.484    -0.06    1.43
 161244.738    17.155    -1.14    1.89
 161534.699    16.745    -1.41    2.30
 161824.645    16.327    -1.44    2.55
 162114.575    15.737    -2.03    2.94
 162404.490    15.390    -1.20    3.13
 162694.389    14.934    -1.57    3.13
 162984.274    14.422    -1.77    3.27
 163274.143    14.128    -1.01    3.50
 163563.996    13.743    -1.33    3.30
 163853.835    13.265    -1.65    2.74
 164143.658    12.805    -1.59    2.36
 164433.466    12.182    -2.15    1.56
 164723.258    12.237     0.19    1.45
 165013.035    12.169    -0.23    1.42
 165302.797    12.147    -0.08    1.44
 165592.544    12.081    -0.23    1.44
 165882.275    12.283     0.70    1.31
 166171.991    12.414     0.45    1.10
 166461.692    12.318    -0.33    1.11
 166751.378    12.167    -0.52    1.19
 167041.048    12.022    -0.50    1.27
 167330.703    11.871    -0.52    1.28
 167620.342    11.761    -0.38    1.25
 167909.967    11.493    -0.92    1.18
 168199.576    11.331    -0.56    1.31
 168489.170    11.342     0.04    1.39
 168778.749    11.322    -0.07    1.44
 169068.312    11.370     0.17    1.54
 169357.860    11.155    -0.74    1.65
 169647.393    11.201     0.16    1.65
 169936.911    11.405     0.70    1.68
 170226.414    11.935     1.83    1.52
 170515.901    12.251     1.09    1.31
 170805.373    12.515     0.91    1.01
 171094.830    12.659     0.50    0.89
 171384.271    12.684     0.09    0.96
 171673.697    12.507    -0.61    0.92
 171963.109    12.371    -0.47    0.97
 172252.504    12.243    -0.44    1.01
 172541.885    12.142    -0.35    1.05
 172831.251    12.094    -0.17    1.12
 173120.601    11.993    -0.35    1.05
 173409.936    11.962    -0.11    0.99
 173699.256    11.978     0.06    0.98
 173988.561    12.052     0.26    1.00
 174277.850    12.052    -0.00    0.96
 174567.124    12.081     0.10    0.93
 174856.383    12.182     0.35    0.96
 175145.627    12.327     0.50    1.00
 175434.856    12.336     0.03    1.06
 175724.070    12.434     0.34    1.10
 176013.268    12.515     0.28    1.17
 176302.451    12.675     0.55    1.14
 176591.619    12.537    -0.48    1.02
 176880.772    12.739     0.70    1.06
 177169.910    12.890     0.52    1.04
 177459.032    12.993     0.36    0.99
 177748.140    13.097     0.36    0.89
 178037.232    12.993    -0.36    0.94
 178326.309    12.933    -0.21    0.92
 178615.371    12.858    -0.26    0.93
 178904.418    12.947     0.31    0.88
 179193.449    12.922    -0.08    0.95
 179482.466    12.933     0.04    0.93
 179771.467    12.947     0.05    1.03
 180060.453    13.037     0.31    1.01
 180349.425    13.112     0.26    0.98
 180638.380    13.228     0.40    0.94
 180927.321    13.494     0.92    1.03
 181216.247    13.640     0.51    0.98
 181505.158    13.733     0.32    1.06
 181794.053    13.583    -0.52    1.19
 182082.934    13.464    -0.41    1.33
 182371.799    13.438    -0.09    1.26
 182660.649    13.316    -0.42    1.22
 182949.484    13.208    -0.38    1.01
 183238.304    13.140    -0.24    0.92
 183527.109    13.246     0.37    0.92
 183815.899    13.469     0.77    0.97
 184104.673    13.522     0.19    0.93
 184393.433    13.625     0.36    0.99
 184682.177    13.745     0.42    1.04
 184970.907    13.819     0.26    1.11
 185259.621    13.994     0.60    1.19
 185548.320    14.122     0.45    1.19
 185837.004    14.316     0.67    1.02
 186125.674    14.376     0.21    1.02
 186414.328    14.552     0.61    0.91
 186702.967    14.611     0.20    0.97
 186991.590    14.558    -0.18    1.07
 187280.199    14.586     0.10    1.12
 187568.793    14.390    -0.68    1.28
 187857.372    14.225    -0.57    1.44
 188145.936    14.053    -0.60    1.56
 188434.484    13.977    -0.26    1.56
 188723.018    14.082     0.36    1.62
 189011.536    14.306     0.78    1.53
 189300.040    14.608     1.05    1.55
 189588.528    14.714     0.37    1.36
 189877.002    14.965     0.87    1.13
 190165.460    14.992     0.09    1.11
 190453.904    14.795    -0.68    1.13
 190742.332    14.625    -0.59    1.17
 191030.745    14.604    -0.07    1.13
 191319.144    14.680     0.26    1.13
 191607.527    14.622    -0.20    1.22
 191895.895    14.472    -0.52    1.27
 192184.249    14.515     0.15    1.22
 192472.587    14.560     0.15    1.23
 192760.910    14.699     0.48    1.30
 193049.218    14.734     0.12    1.17
 193337.512    14.704    -0.11    1.13
 193625.790    14.937     0.81    1.05
 193914.053    15.052     0.40    0.98
 194202.302    15.051    -0.00    0.98
 194490.535    14.976    -0.26    0.94
 194778.753    15.022     0.16    0.99
 195066.957    15.037     0.05    0.91
 195355.145    15.219     0.63    0.95
 195643.318    15.370     0.52    1.00
 195931.477    15.551     0.63    0.91
 196219.620    15.637     0.30    0.89
 196507.749    15.699     0.22    0.91
 196795.862    15.694    -0.02    0.89
 197083.961    15.611    -0.29    0.93
 197372.045    15.410    -0.69    0.90
 197660.113    15.394    -0.06    0.95
 197948.167    15.459     0.23    0.97
 198236.206    15.508     0.17    0.98
 198524.230    15.470    -0.13    0.93
 198812.239    15.590     0.41    0.94
 199100.233    15.628     0.14    1.02
 199388.212    15.664     0.12    1.03
 199676.176    15.734     0.24    1.05
 199964.125    15.739     0.01    1.04
 200252.059    15.802     0.22    1.06
 200539.978    15.837     0.12    1.04
 200827.883    15.964     0.44    1.14
 201115.772    16.083     0.41    1.08
 201403.647    16.316     0.81    1.15
 201691.507    16.455     0.48    1.14
 201979.351    16.559     0.36    1.15
 202267.181    16.675     0.40    1.15
 202554.996    16.709     0.12    1.10
 202842.796    16.743     0.12    1.13
 203130.581    16.780     0.13    1.10
 203418.351    16.905     0.43    1.07
 203706.107    17.007     0.36    0.94
 203993.847    16.993    -0.05    0.93
 204281.573    17.022     0.10    0.95
 204569.284    16.962    -0.21    0.99
 204856.979    16.993     0.11    0.92
 205144.660    17.008     0.05    0.99
 205432.326    17.069     0.21    1.02
 205719.978    17.081     0.04    1.08
 206007.614    17.210     0.45    1.28
 206295.235    17.228     0.06    1.20
 206582.842    17.530     1.05    1.18
 206870.434    17.675     0.50    1.35
 207158.011    17.684     0.03    1.37
 207445.573    17.931     0.86    1.33
 207733.120    17.861    -0.25    1.25
 208020.652    17.838    -0.08    1.18
 208308.170    17.828    -0.03    1.25
 208595.672    17.919     0.32    1.20
 208883.160    18.067     0.51    1.16
 209170.633    18.022    -0.16    1.12
 209458.091    18.140     0.41    1.20
 209745.535    18.280     0.49    1.35
 210032.963    18.371     0.32    1.41
 210320.377    18.280    -0.32    1.45
 210607.776    18.214    -0.23    1.49
 210895.160    18.287     0.26    1.52
 211182.529    18.337     0.17    1.49
 211469.883    18.065    -0.94    1.36
 211757.223    18.022    -0.15    1.37
 212044.548    17.993    -0.10    1.33
 212331.858    17.993    -0.00    1.36
 212619.153    17.963    -0.10    1.28
 212906.433    17.894    -0.24    1.19
 213193.699    17.921     0.09    1.13
 213480.950    17.908    -0.04    1.08
 213768.186    17.978     0.24    1.13
 214055.407    18.007     0.10    1.10
 214342.613    17.962    -0.16    1.12
 214629.805    18.098     0.47    1.24
 214916.982    18.007    -0.32    1.22
 215204.144    18.052     0.15    1.26
 215491.291    18.280     0.79    1.16
 215778.424    18.302     0.08    1.14
 216065.542    18.522     0.77    1.16
 216352.645    18.719     0.69    0.94
 216639.733    18.916     0.69    0.95
 216926.807    18.964     0.16    0.91
 217213.865    18.963    -0.00    0.94
 217500.909    18.937    -0.09    0.91
 217787.939    18.837    -0.35    1.01
 218074.953    18.655    -0.63    1.06
 218361.953    18.478    -0.61    1.08
 218648.938    18.366    -0.39    1.14
 218935.908    18.361    -0.02    1.10
 219222.864    18.422     0.22    1.22
 219509.805    18.493     0.25    1.24
 219796.731    18.675     0.63    1.34
 220083.642    18.931     0.90    1.39
 220370.539    19.196     0.92    1.32
 220657.421    19.375     0.62    1.27
 220944.288    19.484     0.38    1.23
 221231.141    19.566     0.29    1.26
 221517.978    19.443    -0.43    1.28
 221804.802    19.454     0.04    1.24
 222091.610    19.522     0.24    1.22
