-265884.300   -15.851     0.00    8.46
-265596.191   -14.981     3.02    8.70
-265308.095   -12.969     6.98    9.36
-265020.011   -10.799     7.53    9.76
-264731.939    -7.950     9.89    9.37
-264443.880    -6.025     6.69    8.56
-264155.834    -5.639     1.34    8.33
-263867.800    -5.330     1.07    8.29
-263579.778    -3.644     5.86    8.30
-263291.769    -2.274     4.76    8.88
-263003.772    -0.844     4.97    8.63
-262715.787     0.852     5.89    8.68
-262427.815     2.845     6.92    8.23
-262139.856     5.372     8.78    6.35
-261851.909     6.492     3.89    5.67
-261563.974     7.172     2.36    7.04
-261276.052     4.497    -9.29   10.46
-260988.142     3.841    -2.28   10.82
-260700.245     4.497     2.28   10.83
-260412.360     5.716     4.23   11.90
-260124.488     7.913     7.63   14.05
-259836.628    13.572    19.66   16.85
-259548.780    18.814    18.21   15.95
-259260.945    23.783    17.27   13.96
-258973.122    25.526     6.06   11.44
-258685.311    25.673     0.51   10.41
-258397.513    22.667   -10.45   11.27
-258109.728    19.736   -10.19   10.89
-257821.954    16.814   -10.16   11.01
-257534.194    14.572    -7.79   10.69
-257246.445    12.033    -8.83   11.02
-256958.709    11.352    -2.37   11.16
-256670.986    10.126    -4.26   11.35
-256383.274     9.016    -3.86   11.04
-256095.575     6.726    -7.96   11.33
-255807.889     5.363    -4.74   10.98
-255520.215     3.382    -6.89   10.87
-255232.553     1.438    -6.76   11.26
-254944.904    -2.324   -13.08   13.07
-254657.267    -5.905   -12.46   13.20
-254369.642   -10.367   -15.51   11.50
-254082.030   -12.598    -7.76    9.96
-253794.430   -12.459     0.48    9.52
-253506.843    -8.717    13.01   13.01
-253219.268    -2.382    22.03   15.85
-252931.705     4.603    24.29   16.31
-252644.154    11.079    22.53   14.88
-252356.616    16.618    19.27   11.56
-252069.091    19.479     9.95    9.94
-251781.577    19.376    -0.36   10.54
-251494.076    15.885   -12.14   11.41
-251206.588    11.721   -14.49   10.80
-250919.111     7.489   -14.73    9.97
-250631.647     4.337   -10.97   10.31
-250344.196     1.386   -10.27   11.08
-250056.757    -0.163    -5.39   11.55
-249769.330    -1.098    -3.25   10.83
-249481.915    -2.358    -4.39   11.29
-249194.513    -4.367    -6.99   11.11
-248906.951    -7.421   -10.62   11.46
-248616.884    -8.936    -5.23   11.08
-248326.829   -11.428    -8.59   11.15
-248036.787   -14.042    -9.01   10.58
-247746.758   -16.428    -8.23    9.43
-247456.741   -18.274    -6.37    7.72
-247166.736   -20.121    -6.37    5.24
-246876.745   -17.678     8.42    7.93
-246586.765   -16.114     5.39    8.86
-246296.799   -13.452     9.18   10.19
-246006.845    -9.533    13.52   11.62
-245716.903    -6.724     9.69   11.52
-245426.974    -3.259    11.95   10.35
-245137.058    -2.167     3.77   11.02
-244847.154    -4.095    -6.65   12.46
-244557.263    -6.905    -9.70   13.07
-244267.384    -9.540    -9.09   12.09
-243977.518   -11.644    -7.26   10.40
-243687.665   -11.367     0.96    9.95
-243397.824    -7.228    14.28   12.29
-243107.995    -1.413    20.07   13.29
-242818.179     5.499    23.85   11.82
-242528.376    10.958    18.84   12.29
-242238.585    15.270    14.88   13.81
-241948.807    19.564    14.82   16.11
-241659.041    19.772     0.72   17.55
-241369.288    19.064    -2.44   19.34
-241079.547    18.876    -0.65   18.71
-240789.819    17.428    -5.00   16.65
-240500.104    16.999    -1.48   14.23
-240210.400    20.926    13.56   17.39
-239920.710    26.943    20.78   20.91
-239631.032    37.572    36.70   28.61
-239341.366    52.861    52.79   41.06
-239051.713    73.762    72.17   48.99
-238762.073    87.279    46.68   48.63
-238472.445    98.905    40.15   47.37
-238182.829    96.679    -7.69   49.64
-237893.226    89.649   -24.28   53.91
-237603.635    78.926   -37.03   54.28
-237314.057    58.676   -69.94   43.52
-237024.492    41.772   -58.39   28.45
-236734.939    30.838   -37.77   23.44
-236445.398    29.973    -2.98   23.22
-236155.870    28.295    -5.80   23.76
-235866.355    29.716     4.91   28.48
-235576.852    30.798     3.74   28.03
-235287.361    34.489    12.75   25.98
-234997.883    32.563    -6.65   19.90
-234708.417    29.587   -10.28   17.86
-234418.964    23.110   -22.38   18.77
-234129.523    18.479   -16.00   20.47
-233840.095     9.939   -29.51   20.04
-233550.679     0.483   -32.68   13.95
-233261.276    -3.905   -15.17   10.19
-232971.885    -4.937    -3.56    8.56
-232682.507    -2.028    10.05   11.72
-232393.141     3.126    17.81   15.42
-232103.787     9.231    21.10   16.19
-231814.446    14.541    18.36   14.02
-231525.118    19.003    15.42    9.79
-231235.802    20.646     5.68    8.45
-230946.498    19.972    -2.33    8.87
-230657.207    18.655    -4.55    9.42
-230367.928    17.378    -4.42    8.88
-230078.661    15.587    -6.19    9.22
-229789.408    12.833    -9.52   10.13
-229500.166    10.173    -9.20   12.50
-229210.937     5.349   -16.68   14.66
-228921.720    -1.561   -23.90   16.04
-228632.516    -7.451   -20.37   13.53
-228343.324   -11.077   -12.54   10.77
-228054.145   -12.333    -4.35   10.32
-227764.978   -11.936     1.38   11.70
-227475.823    -8.740    11.05   12.51
-227186.681    -4.597    14.33   12.75
-226897.552     0.542    17.78   13.05
-226608.434     5.382    16.74   13.66
-226319.329     9.960    15.84   13.90
-226030.237    14.720    16.47   11.77
-225741.157    18.813    14.16    9.29
-225452.089    19.326     1.77    9.49
-225163.034    20.449     3.89   10.21
-224873.991    17.679    -9.58   14.13
-224584.960    16.126    -5.38   14.78
-224295.942    13.741    -8.25   14.66
-224006.937    13.159    -2.01   14.95
-223717.943    12.667    -1.70   14.79
-223428.962    13.640     3.37   14.10
-223139.994    14.526     3.07   13.19
-222851.037    16.900     8.22   13.42
-222562.094    19.333     8.42   13.45
-222273.162    22.158     9.78   13.70
-221984.243    22.113    -0.16   13.37
-221695.336    21.292    -2.84   14.42
-221406.442    21.318     0.09   13.52
-221117.560    21.691     1.29   13.13
-220828.690    22.367     2.34   12.55
-220539.833    22.572     0.71   11.64
-220250.988    24.757     7.57   12.59
-219962.156    29.004    14.71   13.02
-219673.335    35.175    21.37   14.52
-219384.528    42.495    25.35   13.33
-219095.732    47.126    16.04   12.37
-218806.949    51.018    13.48   12.69
-218518.178    52.403     4.80   13.26
-218229.420    53.841     4.98   14.62
-217940.673    55.295     5.03   16.54
-217651.940    55.064    -0.80   17.71
-217363.218    55.898     2.89   20.37
-217074.509    56.170     0.94   19.28
-216785.812    54.882    -4.46   20.52
-216497.128    50.046   -16.76   23.88
-216208.455    43.751   -21.81   23.81
-215919.796    38.547   -18.03   20.36
-215631.148    37.279    -4.39   16.90
-215342.513    36.587    -2.40   14.29
-215053.890    38.603     6.98   14.31
-214765.279    42.254    12.65   14.04
-214476.681    46.203    13.68   15.21
-214188.095    50.873    16.19   14.65
-213899.521    56.492    19.47   15.63
-213610.960    62.155    19.63   19.07
-213322.411    66.989    16.75   20.02
-213033.874    73.365    22.10   23.05
-212745.349    83.128    33.84   28.40
-212456.837    91.928    30.51   31.39
-212168.337   100.563    29.94   32.21
-211879.850   110.618    34.86   30.83
-211591.374   121.534    37.85   30.40
-211302.911   130.333    30.51   28.91
-211014.460   141.655    39.26   25.75
-210726.022   149.679    27.82   21.58
-210437.596   156.013    21.96   17.82
-210149.182   158.704     9.33   16.05
-209860.780   156.943    -6.11   18.04
-209572.391   148.716   -28.53   24.36
-209284.013   139.710   -31.23   28.95
-208995.649   125.736   -48.47   33.91
-208707.296   114.905   -37.57   33.50
-208418.956   101.143   -47.74   26.29
-208130.627    93.908   -25.10   21.66
-207842.312    85.218   -30.14   16.97
-207554.008    79.943   -18.30   15.43
-207265.717    78.231    -5.94   15.25
-206977.437    78.376     0.50   17.02
-206689.171    81.013     9.15   19.26
-206400.916    87.156    21.32   25.36
-206112.674    92.852    19.76   24.97
-205824.443    94.184     4.62   24.15
-205536.225    90.473   -12.88   25.91
-205248.020    83.479   -24.27   26.99
-204959.826    74.870   -29.88   25.84
-204671.645    68.792   -21.09   21.30
-204383.476    66.386    -8.35   17.20
-204095.319    74.413    27.86   26.86
-203807.175    87.418    45.14   35.28
-203519.042   102.987    54.04   36.94
-203230.922   120.361    60.31   32.68
-202942.814   136.524    56.11   25.31
-202654.719   145.418    30.88   15.86
-202366.635   148.587    11.00   11.60
-202078.564   148.251    -1.17   12.58
-201790.505   146.803    -5.03   14.88
-201502.458   142.751   -14.07   16.81
-201214.423   139.683   -10.66   16.51
-200926.401   135.464   -14.65   17.93
-200638.390   136.929     5.09   17.84
-200350.392   136.186    -2.58   19.60
-200062.406   136.199     0.05   18.86
-199774.433   135.751    -1.56   18.41
-199486.471   135.337    -1.44   17.79
-199198.522   132.079   -11.31   19.42
-198910.585   129.305    -9.64   18.28
-198622.660   124.618   -16.28   17.97
-198334.747   120.173   -15.44   18.04
-198046.846   113.664   -22.61   18.74
-197758.958   108.879   -16.62   17.99
-197471.081   104.454   -15.37   16.65
-197183.217    99.095   -18.62   16.85
-196895.365    93.628   -19.00   16.94
-196607.525    86.803   -23.72   18.57
-196319.698    78.640   -28.36   21.16
-196031.882    70.975   -26.64   23.40
-195744.079    62.050   -31.02   28.28
-195456.288    51.398   -37.02   32.26
-195168.509    41.313   -35.05   31.56
-194880.742    32.814   -29.54   30.40
-194592.987    23.658   -31.82   27.94
-194305.244    14.772   -30.89   22.26
-194017.514     9.049   -19.89   15.04
-193729.796    12.017    10.32   17.21
-193442.089    18.635    23.01   24.62
-193154.395    27.382    30.41   29.38
-192866.713    37.386    34.78   31.44
-192579.044    50.310    44.93   32.10
-192291.386    63.403    45.52   27.89
-192003.740    76.279    44.77   21.20
-191716.107    84.365    28.12   17.34
-191428.486    91.741    25.65   13.89
-191140.877    95.867    14.35   11.65
-190853.279    97.789     6.68   10.11
-190565.695    95.356    -8.46   13.90
-190278.122    90.489   -16.93   15.78
-189990.561    85.662   -16.79   16.35
-189703.012    83.154    -8.72   15.49
-189415.476    80.587    -8.93   14.57
-189127.951    81.963     4.79   15.63
-188840.439    87.704    19.97   17.36
-188552.939    93.326    19.55   16.74
-188265.451    98.382    17.59   17.35
-187977.975   100.564     7.59   17.72
-187690.511   103.579    10.49   18.46
-187403.059   105.612     7.07   17.75
-187115.619   107.879     7.89   16.83
-186828.191   108.273     1.37   14.32
-186538.946   113.079    16.62   14.75
-186248.900   118.049    17.14   15.52
-185958.866   124.495    22.23   17.28
-185668.845   133.322    30.44   18.83
-185378.836   141.047    26.64   18.36
-185088.839   148.741    26.54   16.57
-184798.854   152.772    13.90   14.42
-184508.882   155.348     8.89   13.50
-184218.922   154.928    -1.45   14.72
-183928.974   153.276    -5.70   15.49
-183639.039   148.513   -16.43   16.08
-183349.116   144.710   -13.12   16.10
-183059.205   141.751   -10.21   15.58
-182769.307   138.279   -11.98   14.63
-182479.421   134.464   -13.16   12.25
-182189.547   130.251   -14.53   11.00
-181899.685   125.321   -17.01    9.81
-181609.836   120.716   -15.89   10.72
-181319.999   116.402   -14.89   11.51
-181030.175   109.825   -22.69   12.69
-180740.362   102.926   -23.81   14.14
-180450.562    95.603   -25.27   14.66
-180160.775    88.464   -24.64   13.47
-179870.999    83.967   -15.52   12.77
-179581.236    80.279   -12.73   11.13
-179291.485    78.403    -6.48   10.35
-179001.747    76.822    -5.46    9.74
-178712.020    74.534    -7.90    9.74
-178422.306    71.958    -8.89    9.98
-178132.604    68.163   -13.10   10.18
-177842.915    66.095    -7.14    9.80
-177553.237    64.626    -5.07    9.75
-177263.572    65.249     2.15   10.86
-176973.920    66.218     3.35   12.55
-176684.279    66.751     1.84   12.97
-176394.651    65.402    -4.66   13.83
-176105.035    63.731    -5.77   13.80
-175815.431    63.031    -2.42   13.78
-175525.840    63.876     2.92   14.40
-175236.260    66.501     9.07   16.67
-174946.693    68.849     8.11   18.78
-174657.139    73.433    15.84   19.65
-174367.596    77.870    15.32   16.22
-174078.066    79.972     7.26   14.33
-173788.548    77.270    -9.33   14.70
-173499.042    73.249   -13.89   15.12
-173209.548    69.776   -12.00   13.56
-172920.067    68.649    -3.90   13.62
-172630.598    69.725     3.72   15.15
-172341.141    71.501     6.14   16.46
-172051.696    75.128    12.53   17.16
-171762.264    79.640    15.59   15.46
-171472.843    82.710    10.61   14.33
-171183.435    84.033     4.57   13.30
-170894.039    82.524    -5.21   12.11
-170604.656    81.292    -4.26   11.12
-170315.284    77.838   -11.94   11.51
-170025.925    73.833   -13.84   13.12
-169736.578    68.033   -20.05   14.76
-169447.243    61.526   -22.49   14.64
-169157.920    55.408   -21.15   13.21
-168868.610    48.079   -25.33   12.87
-168579.312    43.249   -16.70   12.17
-168290.025    39.841   -11.78   10.07
-168000.752    37.952    -6.53    9.19
-167711.490    35.587    -8.18    9.80
-167422.240    35.533    -0.19   11.27
-167133.003    36.349     2.82   12.86
-166843.778    37.110     2.63   13.66
-166554.565    34.813    -7.94   14.53
-166265.364    33.367    -5.00   16.17
-165976.175    32.218    -3.98   16.51
-165686.999    31.109    -3.83   16.03
-165397.834    29.533    -5.45   15.24
-165108.682    25.526   -13.86   14.94
-164819.542    20.620   -16.97   16.00
-164530.414    15.710   -16.98   16.55
-164241.298    12.156   -12.29   15.39
-163952.195    10.807    -4.67   13.86
-163663.103     9.356    -5.02   13.31
-163374.024     8.730    -2.17   13.74
-163084.957     8.857     0.44   14.07
-162795.902    11.192     8.08   13.77
-162506.859     9.203    -6.89   12.90
-162217.829     7.233    -6.81   12.96
-161928.810     2.861   -15.13   12.18
-161639.803     0.704    -7.46   10.78
-161350.809     1.910     4.17   12.10
-161061.827     2.429     1.80   14.02
-160772.857     5.018     8.96   15.58
-160483.899     7.885     9.92   16.81
-160194.953     9.989     7.28   18.41
-159906.020    10.915     3.21   18.42
-159617.098    10.445    -1.63   17.89
-159328.189     9.063    -4.78   16.20
-159039.291    10.018     3.31   15.81
-158750.406    11.618     5.54   15.04
-158461.533    13.726     7.30   16.12
-158172.672    16.064     8.10   18.30
-157883.823    20.254    14.51   20.33
-157594.986    23.902    12.63   20.17
-157306.161    28.704    16.63   19.44
-157017.349    27.397    -4.53   18.20
-156728.548    25.486    -6.62   17.98
-156439.760    22.352   -10.85   16.12
-156150.983    22.295    -0.20   15.07
-155862.219    21.495    -2.77   14.91
-155573.467    23.768     7.87   15.40
-155284.727    24.479     2.46   16.02
-154995.999    24.787     1.07   15.44
-154707.283    23.203    -5.49   15.17
-154418.579    21.246    -6.78   15.51
-154129.887    18.882    -8.19   15.00
-153841.208    15.629   -11.27   12.99
-153552.540    15.845     0.75   13.44
-153263.884    17.486     5.68   14.05
-152975.241    19.140     5.73   12.91
-152686.609    21.126     6.88   13.15
-152397.990    22.423     4.50   14.22
-152109.383    21.524    -3.12   15.26
-151820.787    19.458    -7.16   17.03
-151532.204    14.370   -17.63   17.53
-151243.633     9.218   -17.85   17.97
-150955.074     2.279   -24.05   15.68
-150666.527    -2.155   -15.37   12.90
-150377.992    -5.233   -10.67    9.91
-150089.469    -5.098     0.47   10.83
-149800.958    -0.813    14.85   15.76
-149512.459     5.450    21.71   19.94
-149223.972    14.508    31.40   22.29
-148935.497    21.140    22.99   21.07
-148647.034    28.541    25.66   18.07
-148358.583    36.673    28.20   16.03
-148070.144    42.356    19.71   14.15
-147781.718    46.463    14.24   11.94
-147493.303    47.695     4.27   11.82
-147204.900    49.303     5.58   12.29
-146916.509    50.913     5.58   13.69
-146628.131    52.303     4.82   15.51
-146339.764    52.939     2.20   17.56
-146051.409    52.079    -2.98   17.94
-145763.066    50.376    -5.91   18.41
-145474.736    49.310    -3.70   18.54
-145186.417    51.204     6.57   19.25
-144898.110    50.849    -1.23   21.96
-144609.816    51.264     1.44   22.32
-144321.533    46.967   -14.91   23.88
-144033.262    43.937   -10.51   23.73
-143745.003    40.450   -12.10   22.95
-143456.757    39.110    -4.65   23.07
-143168.522    36.246    -9.94   23.07
-142880.299    35.233    -3.51   22.40
-142592.088    34.403    -2.88   24.62
-142303.890    36.735     8.09   25.16
-142015.703    36.761     0.09   25.21
-141727.528    34.017    -9.52   24.28
-141439.365    28.822   -18.03   22.95
-141151.214    25.495   -11.55   21.05
-140863.075    22.610   -10.01   18.75
-140574.948    19.805    -9.73   15.82
-140286.833    20.861     3.66   17.16
-139998.730    24.305    11.96   20.46
-139710.639    30.187    20.42   24.01
-139422.560    36.049    20.35   24.56
-139134.492    40.695    16.13   25.31
-138846.437    46.079    18.69   26.07
-138558.394    49.864    13.14   23.97
-138270.362    49.556    -1.07   22.89
-137982.343    49.111    -1.54   21.00
-137694.335    50.470     4.72   20.31
-137406.340    52.018     5.38   19.07
-137118.356    54.730     9.42   19.94
-136830.384    61.127    22.22   20.87
-136542.425    69.829    30.22   20.33
-136254.477    78.547    30.28   19.49
-135966.541    87.064    29.58   20.98
-135678.617    95.156    28.11   21.65
-135390.705   103.587    29.29   20.67
-135102.805   108.140    15.82   18.56
-134814.917   109.017     3.05   18.67
-134527.040   106.346    -9.28   19.97
-134239.176   105.095    -4.35   20.73
-133951.323   103.510    -5.51   21.96
-133663.483   103.990     1.67   22.97
-133375.654   105.095     3.84   23.36
-133087.837   107.803     9.41   22.92
-132800.032   110.079     7.91   20.24
-132512.239   110.549     1.63   19.55
-132224.458   110.789     0.83   17.88
-131936.689   110.905     0.40   17.68
-131648.932   114.034    10.88   19.12
-131361.187   116.501     8.58   19.62
-131073.453   122.984    22.53   16.32
-130785.731   125.175     7.61   15.33
-130498.022   128.175    10.43   14.94
-130210.324   129.206     3.59   14.27
-129922.638   130.376     4.07   12.30
-129634.964   130.649     0.95   11.80
-129347.301   129.222    -4.96   12.98
-129059.651   125.810   -11.87   14.95
-128772.013   119.443   -22.14   17.41
-128484.386   112.483   -24.20   18.54
-128196.771   103.756   -30.34   20.06
-127909.168    95.852   -27.49   18.84
-127621.577    92.140   -12.91   17.06
-127333.998    90.408    -6.02   17.11
-127046.431    87.892    -8.75   16.98
-126758.875    87.296    -2.07   17.47
-126471.332    90.064     9.63   17.85
-126183.800    96.679    23.01   17.63
-125896.280   103.172    22.58   19.52
-125608.772   106.761    12.49   19.34
-125321.276   108.501     6.05   17.75
-125033.791   110.692     7.62   14.75
-124746.319   104.776   -20.58   19.32
-124458.011    98.063   -23.29   23.05
-124167.984    87.587   -36.12   24.25
-123877.968    76.533   -38.12   25.19
-123587.965    66.439   -34.81   22.06
-123297.974    59.794   -22.92   17.23
-123007.995    58.603    -4.11   15.90
-122718.028    61.001     8.27   18.96
-122428.073    68.579    26.14   23.05
-122138.130    77.611    31.15   25.26
-121848.199    90.510    44.50   23.05
-121558.280   101.187    36.83   22.21
-121268.373   112.096    37.63   19.54
-120978.479   117.618    19.05   15.66
-120688.596   119.720     7.25   14.40
-120398.726   116.776   -10.16   16.90
-120108.867   111.341   -18.75   19.60
-119819.021   101.943   -32.43   22.99
-119529.186    90.563   -39.27   21.21
-119239.364    85.329   -18.06   18.74
-118949.553    80.778   -15.71   16.92
-118659.755    79.329    -5.00   17.56
-118369.969    79.803     1.63   19.76
-118080.194    82.361     8.83   21.64
-117790.432    83.902     5.32   21.99
-117500.682    83.716    -0.64   20.32
-117210.944    83.112    -2.09   17.80
-116921.217    80.845    -7.82   19.97
-116631.503    73.251   -26.21   23.02
-116341.801    67.470   -19.96   21.37
-116052.111    63.408   -14.02   18.25
-115762.433    63.841     1.50   18.63
-115472.767    67.908    14.04   22.15
-115183.113    77.937    34.63   24.40
-114893.470    91.204    45.81   25.48
-114603.840   104.519    45.97   23.49
-114314.222   115.189    36.84   21.16
-114024.616   124.644    32.65   18.01
-113735.022   129.972    18.40   14.64
-113445.440   134.572    15.89   12.73
-113155.870   137.898    11.49   13.19
-112866.311   140.495     8.97   12.11
-112576.765   141.231     2.54   13.10
-112287.231   139.689    -5.33   14.65
-111997.709   134.517   -17.86   14.76
-111708.199   129.112   -18.67   14.46
-111418.700   123.064   -20.89   16.27
-111129.214   118.807   -14.71   18.73
-110839.740   113.704   -17.63   22.45
-110550.277   105.968   -26.73   23.76
-110260.827    97.126   -30.55   24.89
-109971.389    88.708   -29.08   24.45
-109681.962    79.649   -31.31   22.13
-109392.548    73.187   -22.33   22.41
-109103.145    66.439   -23.32   20.90
-108813.754    62.429   -13.86   19.41
-108524.376    62.305    -0.43   21.07
-108235.009    60.533    -6.13   21.15
-107945.654    59.418    -3.85   21.53
-107656.312    56.381   -10.50   19.94
-107366.981    54.033    -8.12   20.02
-107077.662    47.937   -21.07   21.81
-106788.355    39.730   -28.37   21.66
-106499.060    31.710   -27.72   18.48
-106209.777    26.227   -18.96   14.58
-105920.505    24.987    -4.29   12.35
-105631.246    27.019     7.02   13.70
-105341.999    31.822    16.61   16.07
-105052.763    37.926    21.10   15.98
-104763.540    44.642    23.22   15.59
-104474.328    50.646    20.76   16.26
-104185.129    56.861    21.49   16.97
-103895.941    61.482    15.98   17.04
-103606.765    65.541    14.04   17.20
-103317.601    69.686    14.33   17.79
-103028.449    74.470    16.55   17.61
-102739.309    78.129    12.65   17.78
-102450.181    82.892    16.48   18.63
-102161.065    89.329    22.27   18.17
-101871.960    97.187    27.18   17.20
-101582.868   104.818    26.40   14.89
-101293.787   111.548    23.28   12.39
-101004.719   117.952    22.16   11.04
-100715.662   123.460    19.06   10.42
-100426.617   128.642    17.93   10.29
-100137.584   134.726    21.05   10.71
 -99848.563   140.246    19.10   11.51
 -99559.553   146.352    21.13   12.02
 -99270.556   152.314    20.63   10.85
 -98981.570   156.363    14.01    9.03
 -98692.597   157.454     3.78    7.98
 -98403.635   156.307    -3.97    8.98
 -98114.685   154.246    -7.13   10.25
 -97825.747   150.154   -14.16   13.22
 -97536.821   144.433   -19.80   14.98
 -97247.907   137.246   -24.88   16.09
 -96959.004   131.017   -21.56   17.33
 -96670.114   125.626   -18.66   17.24
 -96381.235   122.433   -11.05   15.35
 -96092.368   121.803    -2.18   16.84
 -95803.513   124.345     8.80   19.37
 -95514.670   129.547    18.01   20.29
 -95225.838   135.428    20.36   20.55
 -94937.019   138.870    11.92   16.02
 -94648.211   137.968    -3.12   16.30
 -94359.415   132.172   -20.07   19.49
 -94070.631   122.673   -32.89   21.27
 -93781.859   113.667   -31.19   18.43
 -93493.099   110.238   -11.87   15.13
 -93204.350   109.524    -2.47   14.52
 -92915.614   113.892    15.13   17.02
 -92626.889   118.798    16.99   19.65
 -92338.176   125.879    24.53   18.70
 -92049.475   131.333    18.89   15.26
 -91760.785   135.273    13.65   14.12
 -91472.108   138.852    12.40   14.47
 -91183.442   142.531    12.75   13.07
 -90894.788   143.720     4.12   12.60
 -90606.146   146.741    10.47   12.11
 -90317.516   149.454     9.40   12.07
 -90028.897   152.533    10.67   12.50
 -89740.290   155.470    10.18   11.82
 -89451.695   156.563     3.79   10.89
 -89163.112   155.803    -2.63   11.49
 -88874.541   153.229    -8.92   13.10
 -88585.981   147.973   -18.21   15.58
 -88297.434   141.034   -24.05   15.62
 -88008.898   133.626   -25.67   16.18
 -87720.374   128.879   -16.45   15.74
 -87431.861   123.486   -18.70   15.34
 -87143.361   118.473   -17.37   15.11
 -86854.872   114.004   -15.49   15.76
 -86566.395   111.218    -9.66   16.95
 -86277.929   106.895   -14.99   17.95
 -85989.476   104.144    -9.54   19.23
 -85701.034    99.127   -17.39   18.88
 -85412.604    95.921   -11.12   19.20
 -85124.186    87.173   -30.33   19.34
 -84835.780    83.939   -11.22   18.78
 -84547.385    80.318   -12.56   18.66
 -84259.002    79.423    -3.10   18.26
 -83970.631    76.789    -9.13   18.18
 -83682.272    72.941   -13.35   19.57
 -83393.924    70.849    -7.26   20.46
 -83105.588    72.741     6.56   21.53
 -82817.264    70.382    -8.18   24.12
 -82528.951    67.756    -9.11   24.56
 -82240.651    64.796   -10.27   24.68
 -81952.362    61.486   -11.48   24.11
 -81664.085    58.751    -9.49   21.66
 -81375.819    55.261   -12.11   20.04
 -81087.566    51.310   -13.71   18.53
 -80799.324    47.640   -12.73   17.23
 -80511.093    42.921   -16.37   16.26
 -80222.875    37.767   -17.88   17.30
 -79934.668    32.663   -17.71   17.03
 -79646.473    26.110   -22.74   15.35
 -79358.290    23.367    -9.52   12.73
 -79070.118    24.579     4.21   13.54
 -78781.958    27.464    10.01   16.92
 -78493.810    34.526    24.51   19.35
 -78205.673    43.194    30.09   20.84
 -77917.549    52.829    33.44   19.46
 -77629.436    61.376    29.67   17.29
 -77341.334    67.218    20.28   15.19
 -77053.245    70.541    11.54   13.45
 -76765.167    73.460    10.13   13.73
 -76477.100    71.460    -6.94   15.89
 -76189.046    71.402    -0.20   17.31
 -75901.003    70.501    -3.13   16.30
 -75612.972    71.772     4.41   15.81
 -75324.952    70.504    -4.40   15.69
 -75036.944    70.564     0.21   16.00
 -74748.948    70.173    -1.36   17.36
 -74460.964    71.129     3.32   16.70
 -74172.991    70.361    -2.67   16.50
 -73885.030    70.018    -1.19   15.41
 -73597.080    70.989     3.37   15.36
 -73309.143    76.140    17.89   18.16
 -73021.217    85.018    30.84   21.85
 -72733.302    95.546    36.57   19.65
 -72445.399   102.048    22.59   18.05
 -72157.508   106.651    15.99   15.52
 -71869.629   109.004     8.17   13.85
 -71581.761   108.264    -2.57   13.82
 -71293.905   105.033   -11.23   13.72
 -71006.061    99.937   -17.70   12.93
 -70718.228    96.172   -13.08   13.76
 -70430.407    92.289   -13.49   14.05
 -70142.597    89.279   -10.46   15.57
 -69854.799    86.249   -10.53   16.06
 -69567.013    85.564    -2.38   16.90
 -69279.239    83.158    -8.36   17.09
 -68991.476    81.439    -5.97   15.23
 -68703.724    79.805    -5.68   14.32
 -68415.985    79.318    -1.70   12.68
 -68128.257    77.470    -6.42   12.28
 -67840.540    75.345    -7.39   12.01
 -67552.836    71.095   -14.77   12.13
 -67265.142    66.048   -17.54   12.73
 -66977.461    60.333   -19.87   14.25
 -66689.791    53.243   -24.65   16.16
 -66402.133    46.286   -24.19   18.22
 -66114.486    38.610   -26.69   16.93
 -65826.851    34.731   -13.49   14.50
 -65539.228    32.387    -8.15   12.22
 -65251.616    32.761     1.30   12.69
 -64964.016    36.163    11.83   15.65
 -64676.427    42.479    21.97   18.12
 -64388.850    50.236    26.97   17.12
 -64101.285    56.695    22.46   16.30
 -63813.731    61.695    17.39   14.01
 -63526.189    64.246     8.87   13.01
 -63238.658    64.047    -0.69   13.24
 -62951.139    60.595   -12.01   13.84
 -62663.632    57.813    -9.68   13.05
 -62376.136    53.249   -15.88   13.21
 -62086.203    48.564   -16.16   15.00
 -61796.194    41.772   -23.42   14.92
 -61506.197    35.397   -21.98   15.35
 -61216.212    31.664   -12.87   16.06
 -60926.239    28.628   -10.47   15.06
 -60636.277    24.704   -13.53   14.68
 -60346.328    21.218   -12.03   14.87
 -60056.390    19.664    -5.36   17.01
 -59766.464    16.829    -9.78   18.22
 -59476.549    15.048    -6.15   16.97
 -59186.647    11.349   -12.76   15.25
 -58896.756    10.111    -4.27   14.15
 -58606.877     7.556    -8.82   11.79
 -58317.010     7.751     0.68   10.84
 -58027.155     7.418    -1.15    9.85
 -57737.311     8.450     3.56    9.73
 -57447.480     7.954    -1.71    9.31
 -57157.660     7.483    -1.63    8.70
 -56867.852     6.381    -3.80    8.41
 -56578.055     5.279    -3.80    7.61
 -56288.270     3.794    -5.13    6.29
 -55998.498     3.206    -2.03    4.90
 -55708.737     3.249     0.15    4.56
 -55418.987     4.363     3.85    4.42
 -55129.250     4.956     2.05    4.18
 -54839.524     5.579     2.15    3.98
 -54549.810     5.367    -0.73    4.50
 -54260.108     4.156    -4.18    5.55
 -53970.417     2.611    -5.34    6.09
 -53680.738     1.146    -5.06    6.27
 -53391.071    -0.921    -7.13    5.81
 -53101.416    -2.652    -5.98    4.68
 -52811.773    -4.042    -4.80    1.99
 -52522.141    -4.178    -0.47    1.95
 -52232.521    -4.186    -0.03    1.92
 -51942.913    -4.454    -0.92    1.53
 -51653.316    -4.499    -0.15    1.19
 -51363.731    -4.511    -0.04    1.12
 -51074.158    -4.224     0.99    1.20
 -50784.597    -4.121     0.36    1.20
 -50495.047    -3.655     1.61    1.75
 -50205.509    -3.388     0.92    1.79
 -49915.983    -3.301     0.30    1.84
 -49626.469    -3.092     0.72    1.78
 -49336.966    -2.780     1.08    1.88
 -49047.475    -2.546     0.81    1.86
 -48757.996    -2.186     1.24    1.66
 -48468.528    -2.254    -0.23    1.22
 -48179.072    -2.066     0.65    1.10
 -47889.628    -2.092    -0.09    1.08
 -47600.196    -2.136    -0.15    1.07
 -47310.775    -2.030     0.37    1.22
 -47021.366    -1.827     0.70    1.43
 -46731.969    -1.499     1.13    1.64
 -46442.583    -1.171     1.13    1.75
 -46153.209    -0.858     1.08    1.73
 -45863.847    -0.436     1.46    1.89
 -45574.496     0.017     1.56    2.29
 -45285.158     0.572     1.92    2.55
 -44995.830     1.126     1.92    2.88
 -44706.515     2.296     4.04    3.54
 -44417.211     3.189     3.09    3.78
 -44127.919     3.900     2.46    3.53
 -43838.639     4.382     1.67    3.17
 -43549.370     4.557     0.60    2.93
 -43260.113     4.603     0.16    2.72
 -42970.867     4.413    -0.66    2.54
 -42681.634     4.695     0.98    2.30
 -42392.411     4.778     0.29    2.05
 -42103.201     5.418     2.21    2.28
 -41814.002     5.731     1.08    2.32
 -41524.815     6.460     2.52    2.06
 -41235.640     7.338     3.03    2.08
 -40946.476     8.140     2.78    2.40
 -40657.324     8.934     2.75    2.68
 -40368.183    10.333     4.84    2.58
 -40079.054    11.345     3.50    2.57
 -39789.937    12.952     5.56    3.18
 -39500.832    14.556     5.55    3.97
 -39211.738    16.889     8.07    5.50
 -38922.655    18.838     6.74    6.46
 -38633.585    22.751    13.54    7.85
 -38344.526    25.986    11.19    9.23
 -38055.478    30.879    16.93   10.90
 -37766.443    35.429    15.74   12.05
 -37477.419    40.805    18.60   13.93
 -37188.406    46.495    19.69   14.71
 -36899.405    52.841    21.96   14.03
 -36610.416    59.814    24.13   12.14
 -36321.438    65.249    18.81   10.59
 -36032.472    69.048    13.15    9.80
 -35743.518    73.128    14.12    9.02
 -35454.575    75.095     6.81    9.16
 -35165.644    75.757     2.29    9.56
 -34876.724    75.972     0.74    9.39
 -34587.816    76.418     1.54    8.91
 -34298.920    76.233    -0.64    8.86
 -34010.035    76.939     2.44    8.36
 -33721.162    76.970     0.11    8.50
 -33432.301    77.879     3.15    8.34
 -33143.451    78.756     3.04    8.42
 -32854.612    80.497     6.03    7.74
 -32565.785    82.095     5.53    7.73
 -32276.970    84.004     6.61    7.70
 -31988.167    85.314     4.54    8.72
 -31699.374    88.246    10.15    8.65
 -31410.594    90.064     6.29    9.74
 -31121.825    94.079    13.91   10.90
 -30833.068    96.818     9.48   11.36
 -30544.322    99.387     8.90   10.72
 -30255.588   101.845     8.51    9.61
 -29966.865   103.418     5.45    8.57
 -29678.154   104.794     4.76    7.42
 -29389.455   106.720     6.67    6.82
 -29100.767   108.825     7.29    6.44
 -28812.091   110.861     7.05    6.67
 -28523.426   113.587     9.45    7.56
 -28234.773   114.967     4.78    7.89
 -27946.131   115.984     3.53   10.40
 -27657.501   114.918    -3.69   11.27
 -27368.882   112.658    -7.83   16.09
 -27080.275   109.849    -9.73   16.97
 -26791.680   109.341    -1.76   16.14
 -26503.096   107.238    -7.29   14.77
 -26214.523   107.850     2.12   13.01
 -25925.963   109.861     6.97   13.07
 -25637.413   114.861    17.33   12.82
 -25348.875   118.158    11.43   12.67
 -25060.349   121.489    11.54   12.50
 -24771.834   121.345    -0.50   12.58
 -24483.331   118.370   -10.31   14.15
 -24194.840   117.392    -3.39   15.03
 -23906.359   114.841    -8.84   14.91
 -23617.891   113.095    -6.05   15.68
 -23329.434   111.110    -6.88   16.63
 -23040.988   112.640     5.30   20.16
 -22752.554   112.048    -2.05   20.18
 -22464.131   111.329    -2.49   20.58
 -22175.720   108.179   -10.92   20.87
 -21887.321   102.433   -19.92   21.79
 -21598.933    97.186   -18.20   22.78
 -21310.556    91.731   -18.91   22.69
 -21022.191    86.741   -17.30   20.97
 -20733.837    80.939   -20.12   20.56
 -20445.495    76.313   -16.04   19.08
 -20157.165    74.720    -5.52   18.36
 -19868.846    68.792   -20.56   17.90
 -19580.538    64.095   -16.29   16.52
 -19292.242    63.510    -2.03   14.75
 -19003.957    67.658    14.39   16.51
 -18715.684    71.211    12.33   17.83
 -18427.422    77.349    21.30   20.68
 -18139.172    83.079    19.88   22.64
 -17850.934    90.302    25.06   18.71
 -17562.706    93.501    11.10   16.50
 -17274.491    95.515     6.99   15.89
 -16986.286    92.789    -9.46   17.85
 -16698.093    89.445   -11.61   17.52
 -16409.912    84.708   -16.43   17.44
 -16121.742    77.714   -24.27   18.48
 -15833.584    70.449   -25.21   20.48
 -15545.437    60.772   -33.58   23.11
 -15257.301    51.499   -32.18   22.22
 -14969.177    44.676   -23.68   19.47
 -14681.064    40.189   -15.58   16.59
 -14392.963    37.905    -7.93   13.61
 -14104.873    38.095     0.66   13.83
 -13816.795    41.610    12.20   15.73
 -13528.728    48.381    23.51   16.12
 -13240.673    56.354    27.68   15.99
 -12952.629    62.548    21.51   16.44
 -12664.596    68.096    19.26   16.50
 -12376.575    73.418    18.48   14.98
 -12088.566    78.572    17.89   12.12
 -11800.567    81.618    10.58    9.60
 -11512.580    82.142     1.82    8.73
 -11224.605    80.845    -4.50    9.89
 -10936.641    77.413   -11.92   10.05
 -10648.689    71.314   -21.18   12.91
 -10360.747    67.811   -12.17   14.09
 -10072.818    64.155   -12.70   15.35
  -9784.899    61.244   -10.11   15.32
  -9496.992    55.923   -18.48   14.79
  -9209.097    51.446   -15.55   14.77
  -8921.213    49.361    -7.24   14.79
  -8633.340    49.326    -0.12   13.60
  -8345.479    49.892     1.97   12.67
  -8057.629    49.231    -2.30   12.41
  -7769.790    49.937     2.45   13.26
  -7481.963    50.192     0.89   12.96
  -7194.148    51.473     4.45   12.81
  -6906.343    50.794    -2.36   12.93
  -6618.550    47.445   -11.64   15.02
  -6330.769    41.952   -19.08   17.09
  -6042.999    35.908   -21.01   19.76
  -5755.240    29.572   -22.02   22.99
  -5467.493    23.064   -22.62   22.58
  -5179.757    15.128   -27.58   19.86
  -4892.032     9.173   -20.70   14.57
  -4604.319     4.704   -15.53   10.06
  -4316.617     1.470   -11.24    5.79
  -4028.926     0.499    -3.38    2.59
  -3741.247     0.644     0.50    2.69
  -3453.579     0.814     0.59    2.77
  -3165.923     0.628    -0.65    2.65
  -2878.278     0.854     0.79    2.77
  -2590.644     0.956     0.36    2.72
  -2303.022     1.439     1.68    3.08
  -2015.411     1.892     1.58    3.37
  -1727.811     1.572    -1.11    3.35
  -1440.223     1.646     0.26    3.17
  -1152.646     0.864    -2.72    2.88
   -865.080     0.852    -0.04    2.87
   -577.526     0.595    -0.89    2.77
   -289.983     0.216    -1.32    2.49
     -0.938    -0.059    -0.95    2.01
    289.056     0.146     0.71    2.12
    579.039     0.439     1.01    2.35
    869.010     0.473     0.12    2.25
   1158.970     0.534     0.21    2.14
   1448.918     0.363    -0.59    1.94
   1738.854     0.158    -0.71    1.66
   2028.779     0.313     0.54    1.63
   2318.693     0.345     0.11    1.92
   2608.594     0.158    -0.65    2.13
   2898.485     0.004    -0.53    2.37
   3188.364    -0.224    -0.78    2.39
   3478.231    -0.397    -0.60    2.44
   3768.086    -0.971    -1.98    2.16
   4057.931    -0.936     0.12    2.19
   4347.763    -0.635     1.04    2.54
   4637.584     0.048     2.36    2.74
   4927.394     0.679     2.18    2.70
   5217.192     1.540     2.97    2.82
   5506.978     2.289     2.59    2.83
   5796.753     3.125     2.88    2.62
   6086.517     3.730     2.09    2.26
   6376.269     3.937     0.71    2.37
   6666.009     4.016     0.27    2.31
   6955.738     4.048     0.11    2.15
   7245.456     4.079     0.11    2.08
   7535.162     4.079     0.00    2.13
   7824.856     4.031    -0.17    2.06
   8114.539     3.950    -0.28    2.15
   8404.211     3.751    -0.69    1.91
   8693.871     3.794     0.15    1.90
   8983.519     4.111     1.10    1.79
   9273.156     4.381     0.93    1.67
   9562.781     4.492     0.38    1.77
   9852.395     4.533     0.14    1.65
  10141.998     4.829     1.03    1.59
  10431.589     5.018     0.65    1.51
  10721.169     4.968    -0.17    1.66
  11010.737     4.983     0.05    1.64
  11300.293     4.873    -0.38    1.53
  11589.838     4.968     0.33    1.48
  11879.372     4.908    -0.21    1.43
  12168.894     4.772    -0.47    1.53
  12458.405     4.683    -0.31    1.42
  12747.904     4.692     0.03    1.33
  13037.392     4.679    -0.04    1.30
  13326.868     4.635    -0.15    1.45
  13616.333     4.861     0.78    1.57
  13905.786     5.033     0.60    1.74
  14195.228     5.033    -0.00    1.80
  14484.659     5.111     0.27    1.80
  14774.078     4.986    -0.43    1.81
  15063.486     4.963    -0.08    1.85
  15352.882     5.126     0.56    1.93
  15642.266     5.310     0.64    2.09
  15931.640     5.892     2.01    2.61
  16221.002     6.572     2.35    3.11
  16510.352     7.579     3.48    3.64
  16799.691     8.696     3.86    3.96
  17089.019    10.249     5.37    4.24
  17378.335    11.458     4.18    4.07
  17667.639    12.464     3.48    3.42
  17956.933    13.633     4.04    2.56
  18246.214    14.408     2.68    1.74
  18535.485    14.413     0.02    1.85
  18824.744    14.156    -0.89    1.88
  19113.992    13.958    -0.68    1.84
  19403.228    13.564    -1.36    1.72
  19692.452    13.246    -1.10    1.66
  19981.666    12.861    -1.33    1.61
  20270.868    12.913     0.18    1.49
  20560.058    12.937     0.08    1.52
  20849.237    12.818    -0.41    1.64
  21138.405    12.910     0.32    1.90
  21427.562    13.172     0.90    2.30
  21716.707    13.692     1.80    2.64
  22005.840    14.112     1.45    2.98
  22294.962    14.508     1.37    3.18
  22584.073    15.267     2.63    2.91
  22873.172    15.889     2.15    2.55
  23162.260    16.423     1.85    2.56
  23451.337    17.079     2.27    2.49
  23740.402    17.563     1.67    2.38
  24029.456    18.413     2.94    2.39
  24318.499    19.318     3.13    2.58
  24607.530    20.206     3.08    2.62
  24896.550    21.310     3.82    2.84
  25185.558    22.298     3.42    2.98
  25474.555    22.644     1.20    3.03
  25763.541    22.370    -0.95    3.35
  26052.515    21.905    -1.61    3.58
  26341.478    21.111    -2.75    3.72
  26630.429    20.329    -2.70    3.55
  26919.370    19.633    -2.41    3.31
  27208.299    18.876    -2.62    2.91
  27497.216    18.309    -1.96    2.98
  27786.122    18.142    -0.58    3.27
  28075.017    18.635     1.71    3.52
  28363.901    18.876     0.84    3.89
  28652.773    19.155     0.97    4.18
  28941.633    19.579     1.47    4.06
  29230.483    20.030     1.56    4.05
  29519.321    20.579     1.90    3.95
  29808.148    21.445     3.00    3.62
  30096.963    22.033     2.04    3.38
  30385.767    22.495     1.60    3.27
  30674.560    23.220     2.51    2.53
  30963.342    23.725     1.75    2.14
  31252.112    23.595    -0.45    2.17
  31540.871    23.663     0.23    2.25
  31829.618    23.454    -0.72    2.67
  32118.354    23.295    -0.55    2.89
  32407.079    22.895    -1.39    2.98
  32695.793    22.267    -2.17    3.19
  32984.495    21.579    -2.38    3.12
  33273.186    21.129    -1.56    3.15
  33561.866    20.941    -0.65    3.16
  33850.534    21.124     0.63    3.30
  34139.191    21.673     1.90    3.61
  34427.837    22.443     2.67    3.92
  34716.471    23.642     4.15    3.92
  35005.095    24.429     2.73    3.67
  35293.706    25.283     2.96    3.08
  35582.307    26.352     3.71    4.06
  35870.896    27.587     4.28    5.53
  36159.474    28.264     2.35    5.71
  36448.041    28.651     1.34    5.53
  36736.596    29.243     2.05    5.32
  37025.141    29.064    -0.62    4.88
  37313.674    28.873    -0.66    4.80
  37602.195    28.048    -2.86    3.71
  37890.705    27.203    -2.93    2.19
  38179.205    27.902     2.42    3.66
  38467.692    28.950     3.63    4.80
  38756.169    30.220     4.40    5.27
  39044.634    31.402     4.10    5.36
  39333.088    32.128     2.52    5.19
  39621.531    32.954     2.87    5.17
  39909.962    33.429     1.64    4.78
  40198.383    34.460     3.58    5.36
  40486.792    35.079     2.15    5.38
  40775.189    36.967     6.54    6.22
  41063.576    38.704     6.03    7.22
  41351.951    41.439     9.48    7.55
  41640.315    43.626     7.59    7.30
  41928.668    46.015     8.28    6.12
  42217.010    46.531     1.79    6.70
  42505.340    45.845    -2.38    8.65
  42793.659    43.079    -9.59   11.49
  43081.967    40.386    -9.34   12.62
  43370.263    36.302   -14.17   12.66
  43658.549    33.095   -11.12   11.89
  43946.823    29.619   -12.06   10.26
  44235.086    27.626    -6.91    8.76
  44523.337    25.773    -6.43    6.81
  44811.578    25.397    -1.30    6.02
  45099.807    25.633     0.82    5.88
  45388.025    26.361     2.52    6.67
  45676.232    28.548     7.59    9.02
  45964.428    31.517    10.30   10.49
  46252.612    35.179    12.71   11.76
  46540.785    38.814    12.61   12.93
  46828.947    42.701    13.49   12.82
  47117.098    46.017    11.51   12.20
  47405.238    48.595     8.95   11.04
  47693.366    50.345     6.08    9.48
  47981.483    52.346     6.95    7.33
  48269.589    53.220     3.03    6.73
  48557.684    54.486     4.39    5.91
  48845.768    55.767     4.45    5.28
  49133.840    56.541     2.69    4.71
  49421.901    57.664     3.90    3.36
  49709.952    58.263     2.08    2.81
  49997.990    58.783     1.80    2.85
  50286.018    59.686     3.14    3.47
  50574.035    60.972     4.46    4.41
  50862.040    62.695     5.98    4.43
  51150.034    64.173     5.13    3.72
  51438.017    64.692     1.80    3.44
  51725.989    63.720    -3.38    5.27
  52013.950    61.913    -6.28    7.58
  52301.899    57.633   -14.86   11.32
  52589.838    52.867   -16.55   13.31
  52877.765    49.392   -12.07   13.63
  53165.681    44.895   -15.62   13.31
  53453.586    41.486   -11.84   11.78
  53741.480    38.813    -9.28   10.68
  54029.362    38.236    -2.00   10.11
  54317.234    37.640    -2.07    9.27
  54605.094    38.372     2.54    9.54
  54892.943    39.664     4.49   10.67
  55180.781    42.126     8.55   12.00
  55468.608    44.829     9.39   13.50
  55756.424    49.333    15.65   14.59
  56044.229    53.206    13.46   15.43
  56332.022    57.689    15.57   15.36
  56619.804    60.833    10.93   15.50
  56907.576    64.762    13.65   14.75
  57195.336    66.628     6.48   14.86
  57483.085    69.517    10.04   13.82
  57770.823    71.241     5.99   14.52
  58058.549    74.160    10.15   13.25
  58346.265    74.767     2.11   13.12
  58633.969    76.079     4.56   12.56
  58921.663    76.579     1.74   13.17
  59209.345    78.667     7.26   12.88
  59497.016    78.208    -1.59   13.17
  59784.676    79.206     3.47   13.75
  60072.325    79.000    -0.72   14.46
  60359.963    82.064    10.65   15.95
  60647.590    84.762     9.38   16.84
  60935.206    88.841    14.18   16.71
  61222.810    92.889    14.07   16.27
  61510.404   100.031    24.83   12.58
  61797.986   104.857    16.78   11.09
  62086.191   109.626    16.55    8.20
  62376.173   112.460     9.77    7.82
  62666.143   114.829     8.17    7.70
  62956.102   114.587    -0.83    9.09
  63246.050   114.160    -1.47   10.53
  63535.986   109.460   -16.21   15.13
  63825.911   104.603   -16.75   18.58
  64115.825    98.191   -22.12   18.84
  64405.728    94.704   -12.02   16.07
  64695.619    92.354    -8.11   14.30
  64985.499    96.246    13.43   16.83
  65275.368   101.937    19.63   19.01
  65565.225   110.541    29.68   20.21
  65855.071   119.003    29.19   18.80
  66144.906   126.807    26.93   17.63
  66434.730   132.762    20.55   14.90
  66724.542   138.079    18.35   12.16
  67014.343   140.857     9.58   10.69
  67304.133   144.367    12.11    8.25
  67593.912   146.704     8.06    7.60
  67883.679   148.746     7.05    7.12
  68173.435   150.314     5.41    7.36
  68463.180   153.163     9.83    5.87
  68752.913   154.689     5.27    4.93
  69042.636   155.534     2.92    3.72
  69332.347   154.658    -3.03    5.12
  69622.047   151.721   -10.14    8.15
  69911.735   147.829   -13.43   10.08
  70201.412   143.846   -13.75   10.58
  70491.078   140.861   -10.31   10.58
  70780.733   139.418    -4.98   10.36
  71070.377   139.156    -0.90   11.63
  71360.009   140.640     5.12   12.53
  71649.630   143.533     9.99   12.01
  71939.240   146.613    10.64   10.28
  72228.839   146.454    -0.55    9.60
  72518.426   145.175    -4.42    9.86
  72808.003   141.079   -14.14   12.19
  73097.568   136.249   -16.68   14.28
  73387.121   130.892   -18.50   15.58
  73676.664   124.946   -20.53   15.43
  73966.195   120.595   -15.03   15.93
  74255.715   114.983   -19.38   14.94
  74545.224   108.970   -20.77   15.59
  74834.722   103.572   -18.65   16.01
  75124.209    96.486   -24.48   16.89
  75413.684    90.047   -22.24   16.64
  75703.148    84.892   -17.81   15.29
  75992.601    80.752   -14.30   12.11
  76282.043    79.267    -5.13   10.54
  76571.473    80.879     5.57   12.45
  76860.892    84.397    12.15   16.79
  77150.301    88.032    12.56   18.25
  77439.698    92.298    14.74   19.67
  77729.083    97.273    17.19   20.17
  78018.458   102.333    17.49   19.29
  78307.821   104.818     8.59   18.49
  78597.174   108.517    12.78   16.71
  78886.515   111.111     8.97   15.72
  79175.844   114.772    12.65   15.71
  79465.163   118.784    13.87   14.82
  79754.471   124.905    21.15   14.20
  80043.767   129.572    16.13   14.17
  80333.052   135.454    20.33   12.92
  80622.326   139.204    12.96   12.01
  80911.589   144.015    16.63   13.25
  81200.841   146.342     8.04   14.05
  81490.081   152.096    19.89   14.71
  81779.311   155.095    10.37   15.63
  82068.529   160.187    17.61   14.87
  82357.736   162.454     7.84   13.33
  82646.932   164.899     8.45   12.67
  82936.117   163.613    -4.45   13.53
  83225.290   163.483    -0.45   13.67
  83514.453   160.413   -10.62   12.54
  83803.604   159.572    -2.91   10.66
  84092.745   158.564    -3.49   10.46
  84381.874   156.841    -5.96   12.41
  84670.992   157.805     3.33   13.80
  84960.098   156.192    -5.58   17.62
  85249.194   156.126    -0.23   18.22
  85538.279   153.329    -9.67   19.70
  85827.352   152.720    -2.11   18.91
  86116.414   151.642    -3.73   15.37
  86405.466   152.854     4.19   14.75
  86694.506   156.128    11.33   14.00
  86983.535   161.540    18.72   14.97
  87272.553   167.222    19.66   14.50
  87561.559   171.767    15.72   12.26
  87850.555   174.048     7.89   10.49
  88139.540   175.096     3.63   12.30
  88428.513   170.467   -16.02   15.11
  88717.475   167.370   -10.72   16.72
  89006.426   161.470   -20.42   15.67
  89295.367   158.941    -8.75   14.81
  89584.296   155.126   -13.20   14.52
  89873.214   154.128    -3.46   13.74
  90162.120   152.686    -4.99   12.12
  90451.016   150.333    -8.14   11.60
  90739.901   145.361   -17.21   13.73
  91028.774   138.921   -22.29   17.77
  91317.637   130.479   -29.22   20.37
  91606.488   122.397   -27.98   18.85
  91895.329   115.515   -23.82   16.25
  92184.158   112.095   -11.84   15.28
  92472.976   111.222    -3.02   17.24
  92761.783   113.283     7.13   18.39
  93050.579   119.095    20.12   21.12
  93339.364   125.714    22.92   21.41
  93628.138   132.225    22.54   15.69
  93916.901   135.111     9.99   12.83
  94205.653   135.063    -0.16   11.03
  94494.393   134.286    -2.69   10.57
  94783.123   130.264   -13.93   12.39
  95071.842   127.349   -10.09   12.03
  95360.549   123.445   -13.52   13.20
  95649.246   119.803   -12.61   14.05
  95937.931   117.047    -9.55   14.23
  96226.606   114.937    -7.31   14.58
  96515.269   110.418   -15.65   13.71
  96803.921   106.783   -12.59   13.80
  97092.563   100.191   -22.84   15.02
  97381.193    92.873   -25.35   14.66
  97669.812    87.546   -18.46   12.88
  97958.420    83.233   -14.94   11.49
  98247.017    81.018    -7.68   11.86
  98535.603    79.767    -4.33   11.21
  98824.178    79.307    -1.59   10.33
  99112.743    80.603     4.49    9.97
  99401.296    81.829     4.25    9.99
  99689.838    85.603    13.08   12.83
  99978.369    90.201    15.93   15.98
 100266.889    96.095    20.43   18.18
 100555.397   103.124    24.36   18.56
 100843.895   108.454    18.47   16.95
 101132.382   114.079    19.50   14.62
 101420.858   118.173    14.19   13.57
 101709.323   123.126    17.17   12.72
 101997.777   128.173    17.50   11.90
 102286.220   131.649    12.05   10.94
 102574.652   134.017     8.21   10.54
 102863.073   135.629     5.59   11.04
 103151.483   134.704    -3.21   12.74
 103439.882   135.834     3.91   13.90
 103728.270   136.970     3.94   15.39
 104016.647   138.772     6.25   16.28
 104305.013   140.579     6.27   17.41
 104593.368   143.902    11.52   18.18
 104881.712   147.454    12.32   17.45
 105170.045   149.296     6.39   17.38
 105458.367   150.220     3.20   19.22
 105746.678   151.079     2.98   19.95
 106034.978   151.079     0.00   19.33
 106323.267   150.876    -0.70   19.17
 106611.545   149.689    -4.12   17.95
 106899.812   147.713    -6.85   15.28
 107188.068   147.333    -1.32   12.72
 107476.314   148.199     3.00   11.42
 107764.548   150.158     6.80   13.72
 108052.771   155.958    20.12   17.13
 108340.984   164.773    30.58   18.20
 108629.185   174.329    33.16   19.25
 108917.376   182.349    27.83   19.84
 109205.555   190.261    27.45   17.51
 109493.724   195.736    19.00   13.86
 109781.881   199.216    12.08   10.79
 110070.028   201.433     7.70    7.72
 110358.164   202.746     4.56    5.90
 110646.289   202.329    -1.45    6.23
 110934.402   202.111    -0.76    6.19
 111222.505   201.635    -1.65    7.27
 111510.597   200.633    -3.48    8.10
 111798.678   200.762     0.45    8.24
 112086.749   199.563    -4.16    9.28
 112374.808   198.376    -4.12    9.85
 112662.856   197.538    -2.91    9.89
 112950.893   196.000    -5.34   10.81
 113238.920   194.033    -6.83   11.30
 113526.935   194.361     1.14   10.46
 113814.940   193.524    -2.91   10.47
 114102.934   191.926    -5.55   11.05
 114390.916   189.446    -8.61   12.88
 114678.888   183.798   -19.61   18.63
 114966.849   177.341   -22.42   21.46
 115254.799   171.726   -19.50   20.88
 115542.738   167.625   -14.24   19.30
 115830.667   165.143    -8.62   18.29
 116118.584   164.263    -3.06   18.09
 116406.490   167.492    11.22   18.34
 116694.386   166.679    -2.82   16.49
 116982.271   165.833    -2.94   15.62
 117270.144   161.264   -15.87   14.87
 117558.007   156.524   -16.47   13.48
 117845.859   151.429   -17.70   12.30
 118133.700   149.789    -5.70   11.85
 118421.531   148.476    -4.56   11.47
 118709.350   146.704    -6.16   12.31
 118997.159   145.397    -4.54   12.11
 119284.956   145.921     1.82   13.15
 119572.743   146.692     2.68   12.80
 119860.519   146.564    -0.45   11.60
 120148.284   145.031    -5.33    9.44
 120436.038   142.757    -7.90    8.61
 120723.781   139.298   -12.02    8.38
 121011.513   136.254   -10.58    9.60
 121299.235   133.333   -10.15   11.90
 121586.946   132.305    -3.57   13.99
 121874.645   130.653    -5.74   13.59
 122162.334   133.192     8.83   14.62
 122450.013   135.833     9.18   16.08
 122737.680   141.418    19.41   15.77
 123025.336   144.408    10.39   13.13
 123312.982   146.161     6.10   12.28
 123600.616   144.746    -4.92   13.78
 123888.240   142.386    -8.21   16.41
 124175.853   137.548   -16.82   17.35
 124465.626   133.302   -14.65   17.14
 124755.581   129.595   -12.78   15.99
 125045.526   130.445     2.93   17.89
 125335.459   132.983     8.75   19.86
 125625.382   139.540    22.61   18.24
 125915.293   143.595    13.99   16.37
 126205.194   148.127    15.63   12.79
 126495.083   150.470     8.08   10.33
 126784.961   152.699     7.69    7.48
 127074.829   153.144     1.54    7.90
 127364.685   151.302    -6.36    9.61
 127654.530   148.361   -10.15   11.29
 127944.365   143.302   -17.45   11.77
 128234.188   138.720   -15.81   12.51
 128524.000   132.934   -19.96   11.82
 128813.801   127.612   -18.36   10.91
 129103.592   121.492   -21.12    9.96
 129393.371   117.873   -12.49    8.89
 129683.139   113.556   -14.90    8.71
 129972.896   110.454   -10.70    8.54
 130262.642   108.096    -8.14    7.90
 130552.378   105.063   -10.46    7.88
 130842.102   101.841   -11.12    8.44
 131131.815    98.635   -11.07    9.38
 131421.517    93.556   -17.53   10.43
 131711.209    88.220   -18.42   12.00
 132000.889    82.838   -18.58   13.34
 132290.558    76.547   -21.71   14.85
 132580.217    72.338   -14.53   14.85
 132869.864    67.434   -16.93   15.90
 133159.500    62.838   -15.87   16.59
 133449.126    58.814   -13.89   16.15
 133738.740    54.889   -13.55   15.70
 134028.344    50.318   -15.78   14.37
 134317.936    46.794   -12.17   12.19
 134607.517    44.305    -8.59   10.44
 134897.088    44.321     0.06   10.10
 135186.648    45.501     4.07   11.44
 135476.196    47.667     7.48   14.24
 135765.734    53.413    19.84   17.11
 136055.261    57.950    15.67   17.61
 136344.776    65.450    25.90   18.39
 136634.281    70.730    18.24   19.68
 136923.775    76.033    18.31   19.29
 137213.258    79.079    10.52   18.58
 137502.730    83.492    15.24   18.37
 137792.191    85.305     6.26   17.23
 138081.641    88.289    10.31   18.96
 138371.080    89.892     5.54   19.50
 138660.508    90.889     3.44   19.59
 138949.925    91.236     1.20   18.67
 139239.332    91.434     0.69   18.28
 139528.727    91.870     1.50   15.09
 139818.112    92.857     3.41   13.99
 140107.485    92.810    -0.16   11.11
 140396.848    94.476     5.76   10.53
 140686.199    97.736    11.26   10.89
 140975.540   102.096    15.07   10.14
 141264.870   108.789    23.13    9.88
 141554.189   114.460    19.60   10.89
 141843.497   120.967    22.49   12.88
 142132.794   126.031    17.50   13.28
 142422.080   130.220    14.48   12.88
 142711.356   132.587     8.18   11.94
 143000.620   130.730    -6.42   13.10
 143289.873   127.794   -10.15   15.93
 143579.116   120.902   -23.82   16.63
 143868.348   115.934   -17.17   15.80
 144157.568   112.673   -11.27   14.44
 144446.778   111.556    -3.86   13.91
 144735.977   110.333    -4.23   15.36
 145025.165   111.699     4.72   16.45
 145314.343   112.450     2.60   16.07
 145603.509   112.651     0.69   15.77
 145892.664   107.548   -17.65   18.12
 146181.809   103.032   -15.62   17.97
 146470.943    98.704   -14.97   16.05
 146760.066    96.805    -6.57   15.75
 147049.177    95.208    -5.52   12.20
 147338.279    96.676     5.08   12.22
 147627.369    99.736    10.58   13.98
 147916.448   103.408    12.70   15.28
 148205.517   108.873    18.91   15.13
 148494.574   115.676    23.53   13.33
 148783.621   123.260    26.23   12.31
 149072.657   128.752    19.00   12.73
 149361.682   135.333    22.77   12.98
 149650.696   141.172    20.20   13.29
 149939.699   147.397    21.54   12.61
 150228.692   152.450    17.48   11.54
 150517.673   154.211     6.09   11.05
 150806.644   156.450     7.75   10.97
 151095.604   155.783    -2.31   11.66
 151384.553   155.064    -2.49   11.58
 151673.491   150.829   -14.65   11.72
 151962.419   147.413   -11.82   11.07
 152251.335   143.531   -13.43   11.83
 152540.241   140.238   -11.40   11.80
 152829.136   136.001   -14.66   12.06
 153118.020   131.714   -14.84   13.10
 153406.893   125.861   -20.26   14.67
 153695.756   121.112   -16.44   16.29
 153984.607   116.725   -15.19   15.23
 154273.448   115.254    -5.09   13.17
 154562.278   114.794    -1.59   12.02
 154851.097   118.635    13.30   14.77
 155139.905   124.423    20.04   16.31
 155428.703   130.402    20.70   15.49
 155717.489   135.983    19.32   11.64
 156006.265   138.923    10.18    9.11
 156295.030   140.176     4.34    9.55
 156583.785   141.757     5.47    9.63
 156872.528   143.345     5.50   10.04
 157161.261   144.968     5.62   10.20
 157449.983   145.619     2.25   10.23
 157738.694   146.889     4.40   11.08
 158027.394   145.983    -3.14   11.85
 158316.083   146.556     1.98   11.63
 158604.762   145.954    -2.08   12.39
 158893.430   145.841    -0.39   13.99
 159182.087   143.798    -7.08   14.05
 159470.733   145.096     4.49   14.88
 159759.369   143.531    -5.42   13.26
 160047.994   143.805     0.95   11.79
 160336.608   142.048    -6.09    9.69
 160625.211   141.142    -3.14    9.93
 160913.803   138.708    -8.43   10.10
 161202.385   136.834    -6.50   10.81
 161490.956   134.079    -9.54    9.52
 161779.516   134.612     1.84    9.14
 162068.065   135.413     2.78    9.50
 162356.604   138.095     9.30   10.26
 162645.132   141.254    10.95   10.15
 162933.649   144.773    12.20    9.68
 163222.155   146.128     4.70    8.89
 163510.651   148.273     7.43    8.65
 163799.136   149.564     4.47    9.39
 164087.610   151.984     8.39    9.80
 164376.073   154.158     7.53   11.11
 164664.526   157.208    10.58   12.06
 164952.968   162.257    17.50   12.50
 165241.399   167.921    19.63   12.51
 165529.819   173.206    18.32   12.36
 165818.229   178.460    18.22   10.93
 166106.627   181.658    11.08    8.68
 166395.016   182.805     3.98    7.56
 166683.393   181.273    -5.31    8.92
 166971.760   178.825    -8.49    9.89
 167260.116   174.676   -14.39   10.62
 167548.461   171.079   -12.47   10.79
 167836.795   167.033   -14.03   11.10
 168125.119   164.445    -8.98   10.58
 168413.432   161.095   -11.62   10.63
 168701.735   159.950    -3.97   10.79
 168990.026   157.499    -8.50    8.57
 169278.307   157.921     1.46    7.55
 169566.577   158.873     3.30    7.55
 169854.837   161.392     8.74    9.10
 170143.086   163.563     7.53    9.72
 170431.324   166.305     9.51    9.94
 170719.551   168.547     7.78    9.02
 171007.768   170.563     6.99    8.19
 171295.974   173.031     8.56    8.64
 171584.169   175.048     7.00    8.79
 171872.354   178.492    11.95    9.79
 172160.528   183.445    17.18   10.47
 172448.691   187.725    14.85   11.22
 172736.844   191.321    12.48   10.27
 173024.985   192.587     4.39    9.62
 173313.117   194.189     5.56    9.13
 173601.237   194.204     0.05    9.16
 173889.347   192.079    -7.37   12.65
 174177.446   189.741    -8.12   12.72
 174465.535   187.741    -6.94   13.31
 174753.612   188.873     3.93   13.43
 175041.679   190.397     5.29   14.74
 175329.736   193.633    11.23   15.21
 175617.782   197.333    12.84   15.03
 175905.817   200.192     9.92   13.20
 176193.841   202.834     9.17   10.87
 176481.855   201.531    -4.52   11.36
 176769.858   199.508    -7.02   11.59
 177057.851   195.626   -13.48   10.77
 177345.833   192.954    -9.28   10.59
 177633.804   189.921   -10.53   11.48
 177921.764   186.579   -11.60   12.34
 178209.714   183.302   -11.38   11.50
 178497.653   180.254   -10.58   10.63
 178785.582   177.111   -10.91   10.71
 179073.500   174.283    -9.82   12.00
 179361.407   171.967    -8.04   12.56
 179649.304   168.241   -12.94   14.53
 179937.190   163.619   -16.05   16.84
 180225.065   158.273   -18.57   16.73
 180512.930   153.886   -15.24   16.28
 180800.784   150.017   -13.44   15.66
 181088.628   146.587   -11.91   15.11
 181376.461   143.286   -11.47   16.27
 181664.283   138.524   -16.54   14.73
 181952.095   137.370    -4.01   14.37
 182239.896   136.999    -1.29   14.84
 182527.686   139.954    10.27   16.46
 182815.466   145.251    18.40   18.36
 183103.235   152.413    24.88   17.78
 183390.994   157.620    18.10   13.89
 183678.742   160.963    11.61   12.16
 183966.479   162.506     5.36   11.72
 184254.206   164.986     8.62   11.45
 184541.922   167.603     9.10   12.82
 184829.628   170.564    10.29   13.03
 185117.323   173.079     8.74   12.21
 185405.007   174.918     6.39   11.15
 185692.681   174.208    -2.47   11.63
 185980.344   172.683    -5.30   12.62
 186267.996   170.222    -8.55   12.85
 186556.972   170.142    -0.28   12.46
 186846.915   170.870     2.51   12.86
 187136.848   173.821    10.18   15.61
 187426.769   175.508     5.82   15.86
 187716.680   178.667    10.89   15.48
 188006.580   180.676     6.93   15.00
 188296.470   184.206    12.18   14.60
 188586.348   187.144    10.13   13.85
 188876.216   189.354     7.62   12.60
 189166.073   191.016     5.73   10.33
 189455.919   191.048     0.11    9.22
 189745.754   189.741    -4.51   10.15
 190035.579   187.540    -7.59   12.02
 190325.393   183.015   -15.61   13.56
 190615.196   177.967   -17.42   12.36
 190904.989   174.467   -12.08   13.34
 191194.770   173.531    -3.23   13.71
 191484.541   171.683    -6.38   13.83
 191774.302   169.635    -7.07   13.71
 192064.051   167.524    -7.29   14.15
 192353.790   164.460   -10.57   14.56
 192643.518   160.789   -12.67   14.45
 192933.235   156.483   -14.86   13.73
 193222.942   150.905   -19.25   13.02
 193512.637   146.001   -16.92   12.98
 193802.322   142.492   -12.11   13.51
 194091.997   139.286   -11.07   14.35
 194381.660   136.508    -9.59   15.32
 194671.313   133.529   -10.28   15.99
 194960.955   129.699   -13.22   17.34
 195250.587   125.111   -15.84   17.18
 195540.208   121.876   -11.17   16.99
 195829.818   117.318   -15.74   15.54
 196119.417   113.173   -14.31   12.50
 196409.006   110.279    -9.99    9.94
 196698.583   109.127    -3.98    9.25
 196988.151   110.049     3.18   10.20
 197277.707   111.767     5.93   11.64
 197567.253   115.683    13.52   13.55
 197856.788   119.204    12.16   14.04
 198146.312   120.713     5.21   13.56
 198435.826   121.501     2.72   14.95
 198725.329   120.741    -2.63   15.91
 199014.821   117.595   -10.87   16.84
 199304.303   114.908    -9.28   15.95
 199593.774   112.345    -8.85   13.72
 199883.234   110.813    -5.29   11.54
 200172.683   112.298     5.13   10.68
 200462.122   114.367     7.15   10.81
 200751.550   117.751    11.69   12.57
 201040.968   122.367    15.95   11.04
 201330.375   126.572    14.52    9.53
 201619.771   130.113    12.24    9.11
 201909.156   134.402    14.82   10.40
 202198.531   138.930    15.65   11.69
 202487.895   142.673    12.93   11.87
 202777.249   146.398    12.87   11.90
 203066.592   150.208    13.17   11.04
 203355.924   151.829     5.60   10.10
 203645.245   153.225     4.82   10.15
 203934.556   153.647     1.46    9.94
 204223.856   154.079     1.50   10.07
 204513.146   154.796     2.48    9.59
 204802.425   154.967     0.59    9.64
 205091.693   156.596     5.63   10.40
 205380.951   158.857     7.82   11.78
 205670.198   162.292    11.87   12.62
 205959.434   164.408     7.31   12.64
 206248.660   167.079     9.24   12.94
 206537.875   169.814     9.45   13.28
 206827.079   173.013    11.06   13.49
 207116.273   177.376    15.09   14.90
 207405.456   181.423    13.99   14.61
 207694.629   183.873     8.47   13.56
 207983.790   185.473     5.53   12.97
 208272.942   186.767     4.47   12.55
 208562.082   186.813     0.16   11.41
 208851.212   187.439     2.16   10.78
 209140.332   188.778     4.63   10.78
 209429.441   189.814     3.58   10.27
 209718.539   189.249    -1.95   10.67
 210007.626   188.730    -1.79   11.17
 210296.703   186.163    -8.88   12.22
 210585.770   183.204   -10.23   13.54
 210874.825   181.508    -5.87   14.01
 211163.870   180.984    -1.81   14.13
 211452.905   179.341    -5.68   12.67
 211741.929   178.476    -2.99   12.41
 212030.942   177.784    -2.39   11.26
 212319.945   178.096     1.08   10.22
 212608.937   178.725     2.18    9.11
 212897.919   176.440    -7.90   10.12
 213186.890   174.450    -6.89    9.53
 213475.850   172.852    -5.53    9.17
