#    0.258  -0.842   2.903 ;Mean Elev.(m), Avg Gradient(m/km), RMS Gradient(m/km) - SRTM1     
#    9.434  -0.015   1.251 ;Mean Elev.(m), Avg Gradient(m/km), RMS Gradient(m/km) - ASTER GDEM
#    0.854  -0.079   2.013 ;Mean Elev.(m), Avg Gradient(m/km), RMS Gradient(m/km) - GMTED2010 
   1 301.040935 -33.874820     2.114     1.899  4 54666.40616004 35.240
   2 301.040648 -33.874759     2.060     1.876  3 54676.32180410 29.655
   3 301.042088 -33.874990     1.958     1.975  3 54686.23744677 46.388
   6 301.043519 -33.874930     2.254     2.207  4 54715.98437927 33.911
   7 301.039189 -33.874179     1.982     1.874  4 54725.90002893 30.225
   8 301.035202 -33.873596     1.636     1.584  3 54735.81567708 22.574
   9 301.032830 -33.874344     1.847     1.835  3 54745.73132451 25.628
  10 301.033033 -33.874063     2.186     2.117  3 54755.64697194 33.693
  11 301.033817 -33.874056     2.255     2.232  4 54765.56261795 34.686
  12 301.033898 -33.873843     2.034     2.074  3 54775.47826090 34.659
  13 301.033296 -33.873907     1.907     1.897  3 54785.39390110 31.932
  14 301.034121 -33.874060     1.817     1.868  3 54795.30953972 36.246
  15 301.038152 -33.873975     2.138     2.119  4 54805.22517785 34.082
  16 301.042523 -33.874668     2.127     2.130  3 54815.14081535 30.627
  17 301.042679 -33.874772     1.835     1.863  3 54825.05646153 49.666
  18 301.039295 -33.873749     1.576     1.652  3 54834.97210130 31.025
  19 301.035033 -33.874143     1.211     1.207  3 54844.88775100 28.841
  20 301.033217 -33.873873     1.151     1.161  3 54854.80340046 30.504
  21 301.033431 -33.873577     1.713     1.704  3 54864.71905000 33.009
  22 301.033887 -33.872939     2.049     2.087  3 54874.63469924 41.778
  23 301.033636 -33.872935     2.294     2.349  3 54884.55034551 33.976
  24 301.031144 -33.873863     1.900     1.887  3 54894.46598772 29.555
  25 301.029416 -33.872862     1.873     1.869  3 54904.38162746 32.849
  26 301.029278 -33.873049     1.832     1.845  4 54914.29726559 33.634
  27 301.030777 -33.874368     1.786     1.775  3 54924.21290299 30.399
  28 301.034943 -33.874229     1.569     1.413  3 54934.12854016 39.109
  29 301.039162 -33.874672     1.400     1.290  3 54944.04417531 33.454
  30 301.042619 -33.874451     1.481     1.456  4 54953.95980844 45.320
  31 301.039611 -33.875127     1.886     1.991  3 54963.87545291 31.708
  32 301.037135 -33.874545     1.285     1.270  4 54973.79110111 31.628
  33 301.037370 -33.874055     1.535     1.503  4 54983.70674898 30.062
  34 301.038534 -33.874921     1.838     1.782  3 54993.62239643 31.304
  35 301.039306 -33.874126     2.105     2.023  4 55003.53804301 32.641
  36 301.037546 -33.874720     1.560     1.554  4 55013.45368685 33.967
  37 301.036430 -33.874065     1.821     1.824  4 55023.36932945 36.413
  38 301.036115 -33.874863     1.768     1.672  3 55033.28497096 29.971
  39 301.038662 -33.874498     1.923     1.923  3 55043.20061226 33.795
  40 301.043002 -33.873884     1.762     1.642  3 55053.11625223 34.791
  41 301.043208 -33.877265     2.146     2.146  2 55063.03188896 27.279
  42 301.041521 -33.874892     1.694     1.655  4 55072.94753379 30.671
  43 301.036989 -33.873671     2.309     2.243  3 55082.86318195 37.083
  44 301.033491 -33.873970     2.407     2.384  4 55092.77882870 36.262
  45 301.032902 -33.873763     2.769     2.738  3 55102.69447566 35.843
  46 301.033960 -33.873259     2.260     2.236  3 55112.61012252 37.037
  47 301.034689 -33.873715     2.245     2.169  4 55122.52576679 35.822
  48 301.034692 -33.873991     2.137     2.048  4 55132.44140803 31.545
  49 301.033974 -33.873999     2.220     2.206  3 55142.35704702 34.737
  50 301.034319 -33.873982     2.117     2.110  3 55152.27268531 36.425
  51 301.037219 -33.873904     2.619     2.566  4 55162.18832407 35.523
  52 301.041313 -33.874360     2.885     2.911  4 55172.10396253 35.037
  54 301.041771 -33.874722     2.780     2.784  3 55191.93524978 34.847
  55 301.037452 -33.874450     2.767     2.720  4 55201.85090002 39.178
  56 301.034638 -33.874442     2.890     2.913  3 55211.76654990 34.204
  57 301.034500 -33.873733     2.787     2.764  4 55221.68219966 34.369
  58 301.034362 -33.872944     2.879     2.769  3 55231.59784820 41.442
  59 301.033353 -33.873930     3.220     3.210  3 55241.51349292 33.771
  60 301.031470 -33.873746     3.626     3.640  3 55251.42913405 33.800
  61 301.029998 -33.872941     3.362     3.301  3 55261.34477276 37.946
  62 301.030888 -33.872723     3.309     3.309  3 55271.26041039 34.114
  63 301.033194 -33.873968     3.025     3.010  3 55281.17604774 34.780
  64 301.036776 -33.874787     3.168     3.055  3 55291.09168413 32.690
  65 301.040733 -33.874795     2.662     2.673  3 55301.00731845 43.708
  66 301.039058 -33.874229     2.695     2.655  4 55310.92296493 33.529
  67 301.036842 -33.873835     2.826     2.811  4 55320.83861022 34.288
  68 301.035468 -33.873736     2.405     2.273  3 55330.75425459 39.173
  69 301.035622 -33.874252     2.403     2.407  3 55340.66989885 37.976
  70 301.037586 -33.874043     2.517     2.468  4 55350.58554316 38.536
  71 301.038961 -33.874815     2.296     2.288  4 55360.50118500 42.630
  72 301.039798 -33.874255     2.311     2.316  4 55370.41682464 36.261
  73 301.039952 -33.875103     2.637     2.653  3 55380.33246231 48.548
  74 301.041857 -33.874689     2.262     2.221  3 55390.24809954 29.873
  77 301.041997 -33.873771     2.026     1.986  3 55419.99503282 30.906
  78 301.037331 -33.874938     1.799     1.879  3 55429.91067911 44.593
  79 301.034852 -33.873876     1.704     1.706  3 55439.82632383 43.116
  80 301.034264 -33.873570     2.218     2.241  4 55449.74196740 34.348
  81 301.035149 -33.874012     2.170     2.153  4 55459.65761054 33.481
  82 301.036541 -33.874163     1.839     1.754  4 55469.57325288 29.196
  83 301.037843 -33.874192     1.851     1.850  3 55479.48889203 26.863
  84 301.039175 -33.874179     1.383     1.332  3 55489.40452828 31.759
  85 301.041146 -33.874190     1.505     1.494  3 55499.32016215 29.103
  86 301.041561 -33.874670     2.819     2.807  3 55509.23580222 33.758
  87 301.040262 -33.874132     1.552     1.616  4 55519.15145219 31.393
  88 301.039484 -33.874456     2.056     2.051  3 55529.06710113 26.548
  89 301.038890 -33.874180     1.804     1.831  4 55538.98274858 44.794
  90 301.037918 -33.874076     2.567     2.507  4 55548.89839396 31.809
  91 301.036401 -33.874271     1.800     1.790  3 55558.81403769 21.279
  92 301.036335 -33.874282     1.689     1.510  4 55568.72968083 28.337
  93 301.037541 -33.873976     1.847     1.781  3 55578.64532322 26.321
  94 301.038214 -33.874414     2.061     1.981  4 55588.56096299 38.987
  95 301.039294 -33.874259     2.620     2.635  4 55598.47659964 31.299
  96 301.039725 -33.874882     1.642     1.556  4 55608.39223323 26.266
  97 301.042274 -33.873889     2.380     2.396  3 55618.30786519 40.003
  98 301.041297 -33.874463     2.065     2.112  3 55628.22351152 34.917
  99 301.040082 -33.874925     1.737     1.703  3 55638.13916218 36.151
 100 301.039182 -33.874462     2.269     2.318  3 55648.05481097 31.822
 101 301.037444 -33.873548     2.343     2.329  3 55657.97045689 29.747
 102 301.035564 -33.874026     2.352     2.282  4 55667.88609862 31.115
 103 301.035887 -33.874379     2.327     2.383  3 55677.80173811 33.625
 104 301.039018 -33.873979     2.579     2.565  4 55687.71737620 41.193
 105 301.042363 -33.874536     2.378     2.375  4 55697.63301271 32.051
 107 301.042796 -33.874908     2.320     2.294  4 55717.46429898 35.807
 108 301.040438 -33.874254     2.216     2.138  4 55727.37994695 33.235
 109 301.039284 -33.874177     2.173     2.177  4 55737.29559312 39.978
 110 301.039175 -33.874236     2.135     2.105  3 55747.21123803 33.143
 111 301.039159 -33.874842     2.325     2.392  3 55757.12688080 28.037
 112 301.039306 -33.875200     2.344     2.250  3 55767.04252109 27.606
 113 301.039621 -33.874435     2.207     2.231  3 55776.95815885 34.384
 114 301.039780 -33.874654     2.381     2.466  3 55786.87379395 31.897
 115 301.042061 -33.874766     2.301     2.205  4 55796.78942786 33.175
 116 301.043221 -33.875150     2.149     2.200  3 55806.70507011 30.487
 117 301.043224 -33.874997     2.201     2.202  3 55816.62071957 29.179
 118 301.042605 -33.875014     2.013     1.986  3 55826.53636571 30.386
 119 301.041572 -33.874715     2.291     2.220  4 55836.45200736 32.093
 120 301.040492 -33.874921     2.237     2.209  3 55846.36764546 28.470
 121 301.042243 -33.875488     1.855     1.727  3 55856.28328103 29.155
 122 301.043831 -33.875351     2.385     2.369  3 55866.19892366 29.447
 123 301.043410 -33.874394     1.917     1.879  3 55876.11457632 39.069
 124 301.042896 -33.874492     1.848     1.837  4 55886.03022280 37.432
 125 301.042486 -33.874862     2.134     2.139  4 55895.94586370 32.536
 126 301.043805 -33.874820     1.806     1.651  4 55905.86149984 26.451
 127 301.043152 -33.874689     1.858     1.904  3 55915.77714366 40.438
 128 301.040185 -33.874330     1.882     1.841  4 55925.69279783 45.705
 129 301.038622 -33.874083     1.675     1.564  4 55935.60844878 29.490
 130 301.036697 -33.873810     1.529     1.627  3 55945.52409479 31.421
 131 301.034411 -33.874335     1.333     1.335  3 55955.43973594 25.685
 132 301.034065 -33.873627     1.833     1.836  3 55965.35537457 30.242
 133 301.035416 -33.874238     1.568     1.505  3 55975.27101155 31.953
 134 301.039837 -33.874456     1.795     1.804  4 55985.18664784 29.528
 136 301.042496 -33.874796     1.893     1.862  4 56005.01793390 28.364
 137 301.038486 -33.874180     1.837     1.829  4 56014.93358172 30.349
 138 301.035280 -33.873208     1.718     1.754  3 56024.84922678 28.307
 139 301.034588 -33.873690     1.434     1.437  4 56034.76486994 38.037
 140 301.037328 -33.874834     1.987     2.017  4 56044.68051120 29.369
 141 301.041349 -33.875006     1.507     1.424  3 56054.59614983 27.258
 143 301.043675 -33.874635     1.833     1.768  3 56074.42742821 26.860
 144 301.039713 -33.874485     1.691     1.731  3 56084.34307701 29.660
 145 301.038537 -33.874070     2.155     2.130  3 56094.25872357 32.310
 146 301.039203 -33.874566     1.839     1.757  3 56104.17436797 34.178
 147 301.040280 -33.874445     1.955     1.955  4 56114.08999810 31.087
 148 301.041072 -33.874793     2.328     2.245  3 56124.00563601 33.185
 149 301.042410 -33.873862     2.516     2.090  3 56133.92127046 34.879
 150 301.041345 -33.874539     2.202     2.182  4 56143.83690957 33.195
 151 301.038694 -33.874657     1.915     1.894  4 56153.75255990 32.322
 152 301.038373 -33.874837     2.049     2.014  3 56163.66820922 34.064
 153 301.039473 -33.874606     2.612     2.620  4 56173.58385664 36.164
 154 301.040656 -33.874167     1.960     1.962  3 56183.49949900 31.615
 155 301.039986 -33.874317     2.419     2.336  3 56193.41513716 37.877
 156 301.039086 -33.875061     2.354     2.451  3 56203.33077226 35.997
 157 301.042042 -33.874597     2.424     2.437  4 56213.24640612 40.823
 161 301.041683 -33.874145     2.309     2.463  3 56252.90899528 32.108
 162 301.039667 -33.873757     1.414     1.356  3 56262.82463886 43.466
 163 301.039097 -33.874084     2.078     2.032  3 56272.74028069 35.767
 164 301.039453 -33.874760     2.413     2.400  4 56282.65592384 35.052
 165 301.037936 -33.874210     2.281     2.166  4 56292.57157631 32.672
 166 301.035485 -33.874147     2.304     2.200  3 56302.48722403 31.646
 167 301.033547 -33.873506     2.644     2.408  4 56312.40286747 31.384
 168 301.032517 -33.874206     2.305     2.223  3 56322.31850829 26.328
 169 301.034771 -33.873313     1.754     1.703  3 56332.23414891 30.987
 170 301.037506 -33.874293     2.298     2.430  3 56342.14978871 33.717
 171 301.041567 -33.874020     1.920     1.811  3 56352.06542661 30.118
 172 301.042329 -33.874170     1.938     1.949  3 56361.98106700 40.215
 173 301.038163 -33.874133     2.234     2.227  4 56371.89671600 28.805
 174 301.034867 -33.873655     2.042     1.892  3 56381.81236263 36.071
 175 301.034243 -33.873686     2.085     2.072  3 56391.72800738 28.946
 176 301.036203 -33.874805     1.992     1.893  3 56401.64365040 47.829
 177 301.040141 -33.874039     1.802     1.800  3 56411.55929109 35.525
 178 301.043366 -33.874724     1.865     1.792  3 56421.47492631 33.058
 179 301.043778 -33.874728     2.137     2.130  4 56431.39056543 31.753
 180 301.038845 -33.874459     1.925     1.909  4 56441.30621727 35.390
 181 301.036169 -33.874115     2.067     2.008  4 56451.22186668 28.154
 182 301.035801 -33.873922     2.180     2.191  4 56461.13751401 34.488
 183 301.035818 -33.873852     1.800     1.864  3 56471.05315812 31.770
 184 301.036222 -33.873988     2.299     2.314  3 56480.96879870 38.613
 185 301.036817 -33.874488     2.220     2.216  4 56490.88443560 35.292
 186 301.039339 -33.874370     2.235     2.254  4 56500.80007053 37.997
 187 301.043733 -33.874423     2.143     2.129  3 56510.71570436 38.918
 189 301.042676 -33.874518     2.453     2.438  4 56530.54700195 36.779
 191 301.037961 -33.874944     2.942     2.871  3 56550.37829599 33.165
 192 301.036846 -33.874696     2.229     2.088  4 56560.29393851 33.911
 193 301.038054 -33.874173     2.089     1.937  4 56570.20958019 31.933
 194 301.041162 -33.874195     1.831     1.888  3 56580.12522072 50.056
 197 301.041209 -33.874165     2.521     2.586  4 56609.87215436 33.172
 198 301.038691 -33.874377     1.847     1.775  3 56619.78780040 29.507
 199 301.038246 -33.874353     2.587     2.600  3 56629.70344366 32.229
 200 301.039701 -33.874684     2.139     2.140  3 56639.61908363 40.063
 201 301.039531 -33.874129     1.825     1.894  4 56649.53472992 30.786
 202 301.035283 -33.874837     1.601     1.574  3 56659.45038102 26.379
 203 301.033225 -33.873981     2.510     2.498  3 56669.36602851 32.442
 204 301.033752 -33.873271     1.902     1.826  3 56679.28167361 30.784
 205 301.035486 -33.873995     1.958     1.998  3 56689.19731682 46.562
 206 301.037978 -33.874394     2.214     2.102  3 56699.11295743 31.903
 207 301.040802 -33.874088     1.844     1.955  3 56709.02859359 29.535
 208 301.040785 -33.873822     1.937     1.832  3 56718.94423318 30.606
 209 301.036071 -33.874359     1.828     1.569  3 56728.85988532 28.484
 210 301.034503 -33.873900     2.521     2.511  3 56738.77553407 35.870
 211 301.035304 -33.873978     2.396     2.393  3 56748.69117913 31.713
 212 301.038237 -33.874369     2.366     2.389  4 56758.60681948 30.312
 213 301.042508 -33.874419     2.268     2.243  4 56768.52245379 35.921
 214 301.040770 -33.874089     2.037     1.965  3 56778.43810088 33.077
 215 301.035859 -33.874025     2.048     2.014  4 56788.35375581 31.398
 216 301.032305 -33.873623     2.414     2.395  4 56798.26940729 33.523
 217 301.031522 -33.873832     2.279     2.291  3 56808.18505306 33.694
 218 301.033640 -33.873239     2.019     2.013  3 56818.10069353 40.772
 219 301.035752 -33.873430     2.767     2.624  3 56828.01633028 40.924
 220 301.037323 -33.874927     2.342     2.343  3 56837.93196369 36.467
 221 301.041477 -33.874159     2.584     2.612  3 56847.84759522 33.170
 222 301.039141 -33.874232     2.816     2.678  3 56857.76324796 44.543
 223 301.037885 -33.874985     2.529     2.484  3 56867.67890127 36.803
 224 301.036898 -33.874836     2.820     2.880  3 56877.59455301 46.957
 225 301.035603 -33.873475     2.495     2.539  3 56887.51020174 36.587
 226 301.033196 -33.873140     2.448     2.296  3 56897.42584729 40.086
 227 301.031753 -33.873541     2.374     2.301  3 56907.34148984 38.519
 228 301.032912 -33.874220     2.571     2.623  3 56917.25713042 37.545
 229 301.036747 -33.874906     2.578     2.566  3 56927.17276927 37.533
 230 301.041799 -33.874878     2.543     2.485  3 56937.08840481 48.922
 232 301.041951 -33.874465     2.332     2.260  4 56956.91968970 31.391
 233 301.038028 -33.874377     2.822     2.772  3 56966.83533842 32.102
 234 301.037010 -33.874632     2.251     2.154  3 56976.75098338 31.980
 235 301.039143 -33.874282     2.415     2.418  4 56986.66662430 31.257
 236 301.043260 -33.873838     2.354     2.362  3 56996.58225957 30.391
 237 301.041690 -33.874978     2.441     2.375  3 57006.49790468 32.007
 238 301.037112 -33.873794     1.995     1.980  4 57016.41355917 31.739
 239 301.033622 -33.874271     2.154     2.175  3 57026.32920935 31.655
 240 301.034017 -33.873801     2.893     2.884  3 57036.24485789 40.740
 241 301.036270 -33.873884     2.453     2.453  4 57046.16050381 33.695
 242 301.038311 -33.874711     2.530     2.543  3 57056.07614620 29.517
 243 301.039807 -33.874244     2.115     2.078  4 57065.99178365 30.640
 244 301.040879 -33.874261     2.067     2.065  4 57075.90741670 41.969
 245 301.043900 -33.874763     2.280     2.287  3 57085.82304696 33.269
 246 301.041114 -33.874326     1.974     2.030  3 57095.73870419 33.323
 247 301.038896 -33.874983     2.310     2.326  3 57105.65436048 33.267
 248 301.038992 -33.874125     1.988     1.976  3 57115.57001256 32.904
 249 301.037775 -33.874602     1.975     1.985  3 57125.48565783 30.639
 250 301.037103 -33.873827     2.182     2.094  3 57135.40129777 41.261
 251 301.037880 -33.874461     1.697     1.690  4 57145.31693308 36.338
 252 301.041233 -33.875137     2.013     1.957  3 57155.23256601 29.786
 253 301.043211 -33.876568     2.073     2.073  2 57165.14820496 30.127
 254 301.041789 -33.873927     1.930     1.858  3 57175.06386140 33.484
 255 301.038478 -33.874059     2.173     2.078  3 57184.97951356 45.388
 256 301.035523 -33.873881     2.076     2.080  3 57194.89516199 45.111
 257 301.034145 -33.873167     2.366     2.374  3 57204.81079718 35.552
 258 301.034298 -33.874358     2.341     2.224  3 57214.72644239 32.895
 259 301.037097 -33.874878     2.513     2.612  3 57224.64208653 35.471
 260 301.040212 -33.874447     2.309     2.336  3 57234.55772894 36.740
 261 301.041063 -33.874808     2.562     2.512  3 57244.47336767 35.703
 262 301.041011 -33.875239     2.879     2.745  3 57254.38900350 33.873
 263 301.042735 -33.875066     2.395     2.379  3 57264.30463813 33.454
 266 301.042866 -33.875200     2.158     2.060  3 57294.05158873 43.729
 267 301.039814 -33.875164     2.480     2.503  3 57303.96723933 32.151
 268 301.036455 -33.874361     2.346     2.321  3 57313.88288653 33.647
 269 301.033837 -33.874043     2.410     2.373  3 57323.79853070 32.288
 270 301.033989 -33.874229     2.287     2.150  3 57333.71417327 34.536
 271 301.036727 -33.874329     2.191     2.209  3 57343.62981415 40.489
 272 301.034237 -33.874569     2.351     2.402  3 57353.54546773 30.531
 273 301.034481 -33.873699     2.357     2.288  3 57363.46111249 33.298
 274 301.034246 -33.873744     2.151     2.131  3 57373.37675348 31.446
 275 301.034994 -33.874483     2.863     2.841  3 57383.29239238 39.902
 276 301.038570 -33.873886     3.096     2.974  3 57393.20803120 35.121
 277 301.042638 -33.875307     3.176     3.171  3 57403.12366874 34.068
 279 301.041117 -33.875343     3.378     3.380  3 57422.95496493 50.903
 280 301.037782 -33.873895     3.603     3.614  4 57432.87061415 50.335
 281 301.035381 -33.873847     3.470     3.454  3 57442.78626141 40.863
 282 301.035858 -33.873957     3.113     3.066  3 57452.70190825 36.177
 283 301.038013 -33.873728     3.043     2.921  3 57462.61755352 42.090
 284 301.040833 -33.873788     3.381     3.348  3 57472.53319507 33.931
 285 301.041841 -33.874671     3.102     3.081  4 57482.44883222 32.820
 286 301.042150 -33.874793     3.888     3.932  4 57492.36446607 51.270
 287 301.043345 -33.876697     4.077     4.077  2 57502.28009743 52.704
 288 301.042410 -33.875069     3.930     3.952  3 57512.19574736 39.391
 289 301.040032 -33.875028     3.426     3.456  3 57522.11140170 36.998
 290 301.038673 -33.874383     3.135     3.164  4 57532.02705393 40.761
 291 301.036974 -33.874007     2.659     2.750  3 57541.94270289 36.497
 292 301.035779 -33.873341     2.553     2.475  3 57551.85834931 37.632
 293 301.034553 -33.874611     2.487     2.552  3 57561.77399409 36.786
 294 301.035575 -33.874252     2.538     2.651  3 57571.68963909 33.407
 295 301.037074 -33.874401     2.599     2.558  4 57581.60528390 35.659
 296 301.038652 -33.874742     2.318     2.355  3 57591.52092680 42.052
 297 301.040041 -33.873710     2.613     2.541  3 57601.43656717 34.678
