-227731.946    93.701     0.00    1.06
-227442.962    93.751     0.17    1.03
-227153.961    93.742    -0.03    0.98
-226864.946    93.765     0.08    0.94
-226575.915    93.880     0.40    0.95
-226286.868    94.134     0.88    1.10
-225997.806    94.441     1.06    1.16
-225708.729    94.692     0.87    1.23
-225419.636    94.750     0.20    1.24
-225130.527    94.841     0.31    1.20
-224841.404    94.965     0.43    1.22
-224552.264    95.045     0.28    1.20
-224263.110    95.054     0.03    1.15
-223973.939    95.043    -0.04    1.10
-223684.754    95.068     0.09    0.99
-223395.552    95.199     0.45    0.98
-223106.336    95.295     0.33    1.11
-222817.103    95.349     0.19    1.13
-222527.856    95.453     0.36    1.13
-222238.592    95.677     0.77    1.12
-221949.314    95.909     0.80    1.16
-221660.020    96.057     0.51    1.13
-221370.710    96.228     0.59    1.12
-221081.385    96.213    -0.05    1.01
-220792.044    96.250     0.13    1.04
-220502.688    96.412     0.56    1.24
-220213.316    96.373    -0.14    1.24
-219923.929    96.491     0.41    1.21
-219634.526    96.463    -0.10    1.24
-219345.108    96.463     0.00    1.15
-219055.674    96.602     0.48    1.17
-218766.224    96.647     0.16    1.20
-218476.759    96.616    -0.11    1.04
-218187.279    96.572    -0.15    1.00
-217897.783    96.559    -0.05    1.11
-217608.271    96.662     0.36    1.01
-217318.744    96.761     0.34    0.95
-217029.202    96.791     0.10    1.04
-216739.643    96.766    -0.09    1.07
-216450.070    96.824     0.20    0.98
-216160.480    96.752    -0.25    0.96
-215870.875    96.706    -0.16    0.95
-215581.255    96.734     0.10    0.96
-215291.619    96.706    -0.10    0.98
-215001.967    96.662    -0.15    1.00
-214712.300    96.486    -0.61    1.00
-214422.617    96.397    -0.30    0.93
-214132.919    96.383    -0.05    0.86
-213843.205    96.214    -0.58    0.86
-213553.476    96.097    -0.40    0.88
-213263.731    95.977    -0.42    1.12
-212973.970    96.001     0.08    1.16
-212684.194    95.975    -0.09    1.28
-212394.402    95.971    -0.02    1.31
-212104.594    95.868    -0.36    1.32
-211814.771    95.883     0.05    1.25
-211524.932    95.832    -0.18    1.28
-211235.078    95.719    -0.39    1.14
-210945.208    95.662    -0.20    1.09
-210655.322    95.503    -0.55    1.06
-210365.421    95.462    -0.14    1.02
-210075.504    95.450    -0.04    1.02
-209785.572    95.500     0.18    1.04
-209495.624    95.373    -0.44    1.05
-209205.660    95.226    -0.50    1.12
-208918.300    95.155    -0.25    1.16
-208631.645    95.184     0.10    1.22
-208344.976    95.339     0.54    1.40
-208058.291    95.298    -0.14    1.39
-207771.591    95.412     0.40    1.51
-207484.875    95.513     0.35    1.34
-207198.145    95.445    -0.24    1.29
-206911.399    95.283    -0.57    1.30
-206624.638    95.199    -0.29    1.38
-206337.861    95.163    -0.13    1.48
-206051.070    95.056    -0.37    1.38
-205764.263    95.035    -0.07    1.39
-205477.441    95.000    -0.12    1.41
-205190.604    95.030     0.10    1.45
-204903.751    95.015    -0.05    1.40
-204616.883    94.860    -0.54    1.33
-204330.000    94.793    -0.23    1.16
-204043.102    94.632    -0.56    1.11
-203756.188    94.662     0.11    1.29
-203469.259    94.722     0.21    1.32
-203182.315    94.662    -0.21    1.33
-202895.356    94.750     0.31    1.43
-202608.381    94.880     0.45    1.53
-202321.391    95.126     0.86    1.55
-202034.386    95.184     0.20    1.55
-201747.365    95.250     0.23    1.67
-201460.329    95.324     0.26    1.49
-201173.278    95.736     1.43    1.55
-200886.212    95.647    -0.31    1.57
-200599.130    96.059     1.44    1.66
-200312.033    96.192     0.46    1.63
-200024.920    96.170    -0.08    1.53
-199737.793    96.373     0.71    1.47
-199450.650    96.520     0.51    1.63
-199163.491    96.883     1.26    1.74
-198876.318    97.162     0.97    1.64
-198589.129    97.438     0.96    1.55
-198301.924    97.793     1.23    1.55
-198014.705    98.045     0.88    1.56
-197727.470    98.271     0.79    1.60
-197440.219    98.550     0.97    1.42
-197152.954    98.705     0.54    1.35
-196865.673    98.707     0.00    1.36
-196578.376    98.927     0.77    1.44
-196291.065    99.133     0.72    1.44
-196003.738    99.229     0.34    1.37
-195716.395    99.114    -0.40    1.16
-195429.038    99.112    -0.01    1.17
-195141.664    99.149     0.13    1.20
-194854.276    99.300     0.53    1.10
-194566.872    99.419     0.41    1.06
-194279.453    99.456     0.13    1.12
-193992.018    99.647     0.66    1.17
-193704.568    99.763     0.40    1.11
-193417.103    99.763     0.00    1.19
-193129.622    99.220    -1.89    1.84
-192842.126    98.720    -1.74    2.15
-192554.615    98.363    -1.24    2.29
-192267.088    98.015    -1.21    2.42
-191979.546    97.874    -0.49    2.63
-191691.988    97.908     0.12    2.64
-191404.415    98.039     0.46    2.58
-191116.827    98.054     0.05    2.49
-190829.223    97.409    -2.24    2.94
-190541.603    96.517    -3.10    3.20
-190253.969    95.488    -3.58    2.91
-189966.319    94.559    -3.23    2.60
-189678.653    94.103    -1.58    2.45
-189390.972    94.162     0.20    2.82
-189103.276    94.563     1.39    2.99
-188815.564    94.662     0.35    2.86
-188527.837    94.605    -0.20    2.79
-188240.094    94.141    -1.62    2.70
-187952.336    93.548    -2.06    2.73
-187664.563    92.339    -4.20    2.79
-187376.774    91.513    -2.87    2.69
-187088.969    90.545    -3.36    2.46
-186801.149    89.305    -4.30    2.25
-186513.314    88.416    -3.09    2.22
-186225.463    87.564    -2.96    2.29
-185937.597    86.373    -4.14    2.23
-185649.715    85.324    -3.64    2.39
-185361.818    84.116    -4.19    2.38
-185073.906    83.274    -2.93    2.34
-184785.978    82.089    -4.12    2.36
-184498.034    80.662    -4.95    2.56
-184210.075    79.606    -3.67    2.52
-183922.100    78.590    -3.53    2.50
-183634.110    77.546    -3.62    2.22
-183346.105    76.427    -3.89    2.06
-183058.084    75.647    -2.71    1.92
-182770.048    75.140    -1.76    1.99
-182481.996    74.259    -3.06    1.79
-182193.928    73.520    -2.57    1.81
-181905.845    72.691    -2.88    1.67
-181617.747    72.291    -1.39    1.60
-181329.633    71.891    -1.39    1.54
-181041.503    71.486    -1.41    1.49
-180753.358    71.309    -0.61    1.27
-180465.198    71.309     0.00    1.24
-180177.022    71.177    -0.46    1.15
-179888.830    71.005    -0.59    1.25
-179600.623    70.816    -0.66    1.15
-179312.401    70.416    -1.39    1.11
-179024.162    70.530     0.39    1.96
-178735.909    70.274    -0.89    1.95
-178447.640    70.169    -0.36    1.93
-178159.355    70.133    -0.13    1.92
-177871.055    70.083    -0.17    1.94
-177582.739    69.851    -0.80    1.04
-177294.407    69.790    -0.21    1.10
-177006.060    69.763    -0.09    1.11
-176717.698    69.706    -0.20    1.13
-176429.320    69.738     0.11    1.16
-176140.926    69.722    -0.05    1.18
-175852.517    69.824     0.35    1.12
-175564.092    69.952     0.44    1.12
-175275.652    70.015     0.22    1.04
-174987.196    70.025     0.03    1.00
-174698.725    70.077     0.18    0.92
-174410.238    70.133     0.19    0.89
-174121.735    70.295     0.56    0.96
-173833.217    70.397     0.36    0.99
-173544.683    70.448     0.18    0.98
-173256.133    70.575     0.44    1.02
-172967.568    70.747     0.60    1.09
-172678.988    70.891     0.50    1.25
-172390.392    70.967     0.26    1.27
-172101.780    70.839    -0.44    1.24
-171813.152    70.938     0.34    1.32
-171524.509    70.986     0.17    1.30
-171235.851    70.790    -0.68    1.39
-170947.176    70.662    -0.44    1.37
-170658.486    70.452    -0.73    1.48
-170369.781    70.263    -0.65    1.58
-170081.060    70.118    -0.50    1.59
-169792.323    69.707    -1.42    1.70
-169503.571    69.513    -0.67    1.78
-169214.803    69.105    -1.41    1.96
-168926.019    68.677    -1.48    2.06
-168637.220    68.077    -2.08    2.14
-168348.405    67.534    -1.88    2.18
-168059.574    67.020    -1.78    2.21
-167770.728    66.427    -2.05    2.11
-167481.866    65.707    -2.49    2.07
-167192.988    65.456    -0.87    2.14
-166904.095    64.822    -2.20    2.06
-166615.186    64.242    -2.01    1.87
-166326.261    63.733    -1.76    1.93
-166037.321    63.248    -1.68    1.94
-165748.365    62.856    -1.36    1.91
-165459.393    62.559    -1.03    1.71
-165170.406    62.229    -1.14    1.61
-164881.403    62.059    -0.59    1.51
-164592.385    61.791    -0.93    1.03
-164303.350    61.822     0.11    0.93
-164014.300    61.720    -0.35    0.95
-163725.234    61.662    -0.20    1.04
-163436.153    61.513    -0.52    1.10
-163147.056    61.442    -0.25    1.05
-162857.943    61.353    -0.31    1.04
-162568.814    61.368     0.05    1.24
-162279.670    61.358    -0.03    1.10
-161990.510    61.286    -0.25    1.13
-161701.334    61.089    -0.68    1.22
-161412.143    60.897    -0.66    1.02
-161122.936    60.853    -0.15    1.04
-160833.713    60.617    -0.82    1.00
-160544.474    60.486    -0.45    0.92
-160255.220    60.367    -0.41    0.90
-159965.950    60.141    -0.78    0.98
-159676.664    59.916    -0.78    1.06
-159387.362    59.809    -0.37    1.06
-159098.045    59.648    -0.56    1.03
-158808.712    59.633    -0.05    1.14
-158519.363    59.967     1.15    2.30
-158229.999    60.071     0.36    2.24
-157940.618    60.080     0.03    2.21
-157651.222    60.141     0.21    2.17
-157361.810    60.083    -0.20    2.18
-157072.383    59.995    -0.30    2.26
-156782.939    59.677    -1.10    1.77
-156493.480    59.412    -0.91    0.99
-156204.005    59.045    -1.27    1.17
-155914.514    58.948    -0.33    1.09
-155625.008    58.761    -0.65    1.16
-155335.485    58.605    -0.54    1.20
-155045.947    58.456    -0.52    1.10
-154756.393    58.274    -0.63    1.06
-154466.824    58.020    -0.88    1.08
-154177.238    57.807    -0.73    1.12
-153887.637    57.445    -1.25    1.27
-153598.020    56.927    -1.79    1.30
-153308.387    56.363    -1.95    1.48
-153018.738    55.662    -2.42    1.53
-152729.073    54.853    -2.79    1.61
-152439.393    54.133    -2.49    1.61
-152149.697    53.586    -1.89    1.39
-151859.985    53.305    -0.97    1.54
-151570.257    53.020    -0.99    1.51
-151280.513    52.874    -0.50    1.44
-150990.754    52.734    -0.48    1.51
-150700.978    52.871     0.47    1.47
-150411.187    52.677    -0.67    1.20
-150121.380    52.563    -0.39    1.21
-149831.557    52.662     0.34    1.25
-149541.718    52.648    -0.05    1.27
-149251.864    52.735     0.30    1.17
-148961.993    52.647    -0.30    1.11
-148672.107    52.500    -0.51    1.04
-148382.205    52.456    -0.15    1.02
-148092.287    52.192    -0.91    0.80
-147802.353    52.162    -0.10    0.86
-147512.403    51.909    -0.87    1.05
-147222.437    51.748    -0.55    1.01
-146933.547    51.437    -1.08    1.44
-146646.936    50.851    -2.05    1.72
-146360.310    50.391    -1.60    1.77
-146073.668    49.868    -1.82    1.66
-145787.010    49.244    -2.18    1.50
-145500.337    48.765    -1.67    1.54
-145213.649    48.257    -1.77    1.42
-144926.945    47.720    -1.87    1.52
-144640.226    47.305    -1.45    1.46
-144353.491    46.863    -1.54    1.41
-144066.741    46.602    -0.91    1.25
-143779.975    46.192    -1.43    1.20
-143493.194    45.859    -1.16    1.18
-143206.397    45.691    -0.58    1.16
-142919.585    45.486    -0.72    1.24
-142632.757    45.344    -0.50    1.13
-142345.914    45.099    -0.85    1.18
-142059.055    44.948    -0.53    1.14
-141772.181    44.781    -0.58    1.09
-141485.291    44.706    -0.26    1.08
-141198.386    44.647    -0.21    1.04
-140911.466    44.471    -0.61    1.04
-140624.529    44.420    -0.18    1.07
-140337.578    44.334    -0.30    1.17
-140050.611    44.302    -0.11    1.28
-139763.628    44.057    -0.85    1.49
-139476.630    43.735    -1.12    1.55
-139189.616    43.236    -1.74    1.64
-138902.586    42.948    -1.00    1.86
-138615.542    42.530    -1.46    1.93
-138328.481    41.577    -3.32    2.10
-138041.405    40.648    -3.24    2.08
-137754.314    39.719    -3.24    2.00
-137467.207    39.134    -2.04    1.82
-137180.084    38.517    -2.15    1.61
-136892.946    37.971    -1.90    1.39
-136605.793    37.634    -1.17    1.40
-136318.623    37.221    -1.44    1.39
-136031.439    37.091    -0.45    1.50
-135744.238    37.141     0.17    1.78
-135457.022    37.427     1.00    2.53
-135169.791    37.705     0.97    2.86
-134882.544    38.125     1.46    3.08
-134595.281    38.059    -0.23    3.30
-134308.003    38.103     0.15    3.39
-134020.709    37.427    -2.35    3.40
-133733.400    36.205    -4.25    3.03
-133446.075    35.445    -2.65    2.72
-133158.734    34.452    -3.46    2.33
-132871.378    33.633    -2.85    1.65
-132584.007    33.184    -1.56    1.21
-132296.619    32.901    -0.99    1.03
-132009.216    32.946     0.16    1.07
-131721.798    33.118     0.60    1.44
-131434.364    33.981     3.00    2.42
-131146.914    34.691     2.47    2.82
-130859.449    36.043     4.70    3.55
-130571.968    37.277     4.29    4.03
-130284.471    38.863     5.51    4.20
-129996.959    40.025     4.04    3.72
-129709.431    41.192     4.06    3.16
-129421.887    41.530     1.17    2.70
-129134.328    42.134     2.10    2.39
-128846.753    42.198     0.22    2.24
-128559.163    42.077    -0.42    2.17
-128271.557    41.848    -0.79    2.18
-127983.935    41.220    -2.19    2.34
-127696.298    40.498    -2.51    2.50
-127408.645    40.103    -1.37    2.54
-127120.976    39.368    -2.56    2.44
-126833.292    39.505     0.48    2.32
-126545.592    39.325    -0.63    2.32
-126257.876    39.416     0.32    2.52
-125970.145    39.226    -0.66    2.57
-125682.398    38.619    -2.11    2.62
-125394.636    38.561    -0.20    2.92
-125106.857    38.530    -0.11    2.89
-124819.063    38.222    -1.07    3.05
-124531.254    38.271     0.17    3.03
-124243.428    38.052    -0.76    3.04
-123955.587    37.822    -0.80    3.29
-123667.730    37.339    -1.68    3.41
-123379.858    36.309    -3.58    3.50
-123091.970    35.163    -3.98    3.59
-122804.066    33.765    -4.85    3.55
-122516.146    32.083    -5.84    3.26
-122228.211    30.834    -4.34    2.96
-121940.260    29.788    -3.63    2.46
-121652.293    28.877    -3.16    2.32
-121364.311    28.234    -2.23    2.20
-121076.313    27.795    -1.53    1.87
-120788.299    27.909     0.40    2.01
-120500.269    28.206     1.03    2.17
-120212.224    28.677     1.63    2.11
-119924.163    29.001     1.12    2.20
-119636.086    29.691     2.39    2.41
-119347.994    30.191     1.74    2.31
-119059.885    30.691     1.74    2.58
-118771.761    31.298     2.11    2.73
-118483.622    32.074     2.69    3.41
-118195.466    32.942     3.01    4.11
-117907.295    34.503     5.42    4.95
-117619.108    36.283     6.17    5.58
-117330.905    38.149     6.48    6.01
-117042.686    39.894     6.05    6.08
-116754.452    42.068     7.54    6.06
-116466.202    43.721     5.73    6.07
-116177.936    45.515     6.22    6.18
-115889.654    46.530     3.52    6.17
-115601.357    47.778     4.33    6.48
-115313.044    48.491     2.47    6.36
-115024.715    48.423    -0.24    6.53
-114736.370    48.048    -1.30    6.56
-114448.009    47.691    -1.24    5.96
-114159.633    46.633    -3.67    5.16
-113871.241    46.344    -1.00    4.55
-113582.833    45.265    -3.74    4.30
-113294.409    44.505    -2.63    4.30
-113005.969    43.705    -2.77    3.93
-112717.514    42.973    -2.54    3.49
-112429.043    42.619    -1.23    3.01
-112140.556    42.515    -0.36    2.70
-111852.053    42.438    -0.27    2.72
-111563.534    42.946     1.76    2.85
-111274.999    42.590    -1.23    3.16
-110986.449    42.477    -0.39    3.65
-110697.883    42.043    -1.50    3.81
-110409.301    41.548    -1.71    3.72
-110120.703    41.291    -0.89    3.64
-109832.089    40.897    -1.36    3.21
-109543.460    40.427    -1.63    2.92
-109254.814    40.155    -0.94    2.45
-108966.153    39.662    -1.70    2.25
-108677.476    39.305    -1.24    2.26
-108388.783    38.857    -1.55    1.98
-108100.074    38.395    -1.60    1.73
-107811.349    38.020    -1.30    1.85
-107522.609    37.589    -1.49    1.73
-107233.852    37.030    -1.94    1.72
-106945.080    36.765    -0.92    1.75
-106656.291    36.148    -2.14    1.82
-106367.487    35.434    -2.47    1.88
-106078.667    34.732    -2.43    1.72
-105789.831    34.339    -1.36    1.59
-105500.980    33.865    -1.64    1.54
-105212.112    33.427    -1.52    1.51
-104923.228    33.105    -1.11    1.75
-104634.329    32.780    -1.13    1.72
-104345.414    32.339    -1.53    2.06
-104056.482    31.996    -1.19    2.19
-103767.535    31.552    -1.54    2.33
-103478.572    30.834    -2.48    2.42
-103189.593    30.662    -0.60    2.45
-102900.598    30.059    -2.09    2.38
-102611.587    29.605    -1.57    2.26
-102322.560    29.488    -0.40    2.14
-102033.518    29.020    -1.62    2.15
-101744.459    29.020     0.00    2.06
-101455.384    28.692    -1.14    2.05
-101166.294    28.589    -0.36    2.18
-100877.187    28.498    -0.31    2.26
-100588.065    27.897    -2.08    2.25
-100298.926    27.662    -0.81    2.17
-100009.772    27.234    -1.48    2.05
 -99720.602    26.735    -1.73    1.71
 -99431.416    26.590    -0.50    1.70
 -99142.213    26.206    -1.33    1.87
 -98852.995    26.125    -0.28    1.96
 -98563.761    26.236     0.38    2.07
 -98274.511    25.662    -1.98    2.03
 -97985.245    25.692     0.10    1.89
 -97695.963    25.494    -0.68    1.87
 -97406.665    25.477    -0.06    2.08
 -97117.351    25.691     0.74    2.41
 -96828.021    26.431     2.56    3.38
 -96538.675    26.515     0.29    3.34
 -96249.313    26.853     1.17    3.75
 -95959.935    26.397    -1.58    2.99
 -95670.541    26.177    -0.76    2.74
 -95381.131    25.937    -0.83    2.63
 -95091.705    25.851    -0.30    2.73
 -94802.262    25.409    -1.53    1.41
 -94512.804    25.353    -0.19    1.47
 -94223.330    25.105    -0.86    1.42
 -93933.840    25.074    -0.11    1.39
 -93644.334    24.891    -0.63    1.26
 -93354.812    24.874    -0.06    1.28
 -93065.274    24.621    -0.87    1.19
 -92775.720    24.620    -0.01    1.26
 -92486.149    24.491    -0.44    1.25
 -92196.563    24.471    -0.07    1.23
 -91906.961    24.491     0.07    1.21
 -91617.342    24.412    -0.27    1.23
 -91327.708    24.477     0.22    1.35
 -91038.058    24.431    -0.16    1.35
 -90748.391    24.316    -0.40    1.36
 -90458.708    24.297    -0.07    1.37
 -90169.010    24.169    -0.44    1.31
 -89879.295    23.883    -0.99    1.52
 -89589.564    23.691    -0.66    1.43
 -89299.817    23.561    -0.45    1.44
 -89010.054    23.522    -0.13    1.44
 -88720.275    23.377    -0.50    1.41
 -88430.480    23.155    -0.77    1.43
 -88140.669    23.162     0.02    1.40
 -87850.842    23.147    -0.05    1.30
 -87560.999    23.074    -0.25    1.38
 -87271.139    22.763    -1.07    1.34
 -86981.264    22.448    -1.08    1.42
 -86691.372    22.363    -0.30    1.35
 -86401.464    22.020    -1.18    1.49
 -86111.540    21.691    -1.13    1.37
 -85821.600    21.408    -0.98    1.26
 -85531.644    21.118    -1.00    1.21
 -85241.672    21.089    -0.10    1.22
 -84951.684    20.981    -0.37    1.20
 -84664.623    20.991     0.03    1.19
 -84378.046    21.163     0.60    1.18
 -84091.452    21.148    -0.05    1.21
 -83804.844    21.387     0.83    1.23
 -83518.219    21.468     0.28    1.17
 -83231.579    21.442    -0.09    1.28
 -82944.923    21.530     0.31    1.26
 -82658.251    21.589     0.21    1.25
 -82371.564    21.748     0.56    1.35
 -82084.861    22.020     0.95    1.39
 -81798.142    22.112     0.32    1.43
 -81511.408    22.368     0.89    1.38
 -81224.658    22.412     0.15    1.38
 -80937.892    22.530     0.41    1.26
 -80651.111    22.721     0.67    1.27
 -80364.313    22.851     0.45    1.37
 -80077.500    22.952     0.35    1.40
 -79790.672    22.981     0.10    1.34
 -79503.827    22.952    -0.10    1.33
 -79216.967    23.054     0.35    1.35
 -78930.091    22.865    -0.66    1.33
 -78643.200    22.765    -0.35    1.38
 -78356.292    22.795     0.10    1.38
 -78069.369    22.780    -0.05    1.32
 -77782.430    22.836     0.20    1.42
 -77495.476    23.034     0.69    1.34
 -77208.506    23.134     0.35    1.32
 -76921.519    22.991    -0.50    1.40
 -76634.518    23.010     0.07    1.44
 -76347.500    23.192     0.63    1.49
 -76060.467    23.206     0.05    1.52
 -75773.417    23.456     0.87    1.44
 -75486.352    23.604     0.52    1.47
 -75199.272    23.775     0.60    1.43
 -74912.175    23.877     0.35    1.34
 -74625.063    23.802    -0.26    1.36
 -74337.935    23.836     0.12    1.29
 -74050.791    23.839     0.01    1.42
 -73763.632    23.736    -0.36    1.39
 -73476.456    23.909     0.60    1.53
 -73189.265    23.991     0.29    1.77
 -72902.058    24.085     0.33    2.02
 -72614.835    24.315     0.80    2.09
 -72327.597    24.321     0.02    2.10
 -72040.342    24.620     1.04    1.93
 -71753.072    24.721     0.35    1.86
 -71465.786    24.589    -0.46    1.75
 -71178.484    24.591     0.01    1.59
 -70891.166    24.589    -0.01    1.48
 -70603.833    24.494    -0.33    1.89
 -70316.483    24.604     0.38    1.96
 -70029.118    24.636     0.11    2.00
 -69741.737    24.677     0.14    1.93
 -69454.340    24.677     0.00    2.33
 -69166.928    24.442    -0.82    2.19
 -68879.499    24.691     0.87    2.88
 -68592.055    24.956     0.92    2.96
 -68304.595    25.240     0.99    2.81
 -68017.118    25.402     0.56    2.78
 -67729.627    25.074    -1.14    1.80
 -67442.119    25.048    -0.09    1.66
 -67154.595    25.177     0.45    1.58
 -66867.056    25.250     0.26    1.56
 -66579.500    25.348     0.34    1.51
 -66291.929    25.486     0.48    1.47
 -66004.342    25.463    -0.08    1.40
 -65716.739    25.807     1.20    1.42
 -65429.120    26.006     0.69    1.54
 -65141.485    26.077     0.25    1.49
 -64853.834    26.010    -0.23    1.56
 -64566.168    26.118     0.37    1.80
 -64278.485    25.891    -0.79    1.82
 -63990.787    25.824    -0.23    1.86
 -63703.073    25.563    -0.91    2.09
 -63415.343    25.391    -0.60    2.01
 -63127.596    25.293    -0.34    1.94
 -62839.834    25.114    -0.62    1.79
 -62552.057    25.141     0.09    1.57
 -62264.263    25.265     0.43    1.64
 -61976.453    25.391     0.44    1.65
 -61688.627    25.559     0.58    1.60
 -61400.786    25.705     0.51    1.87
 -61112.928    25.648    -0.20    1.88
 -60825.055    25.636    -0.04    1.79
 -60537.165    25.691     0.19    1.77
 -60249.260    25.532    -0.55    1.52
 -59961.339    25.589     0.20    1.44
 -59673.402    25.377    -0.74    1.56
 -59385.449    24.986    -1.36    1.82
 -59097.479    23.934    -3.65    2.80
 -58809.494    22.748    -4.12    3.56
 -58521.493    21.060    -5.86    4.18
 -58233.476    19.134    -6.69    4.27
 -57945.443    17.431    -5.91    3.77
 -57657.394    15.942    -5.17    2.91
 -57369.330    14.991    -3.30    1.99
 -57081.249    14.456    -1.86    1.55
 -56793.152    14.477     0.07    1.86
 -56505.039    14.963     1.69    2.22
 -56216.910    15.420     1.59    2.45
 -55928.765    16.463     3.62    2.46
 -55640.605    17.488     3.56    2.68
 -55352.428    18.956     5.09    2.74
 -55064.235    20.077     3.89    2.39
 -54776.026    20.750     2.34    2.13
 -54487.802    21.677     3.21    1.86
 -54199.561    22.409     2.54    1.50
 -53911.304    22.841     1.50    1.37
 -53623.031    23.198     1.24    1.17
 -53334.742    23.373     0.61    0.94
 -53046.437    23.456     0.29    1.05
 -52758.117    23.491     0.12    1.08
 -52469.780    23.295    -0.68    1.29
 -52181.427    23.063    -0.80    1.40
 -51893.058    22.902    -0.56    1.55
 -51604.673    22.636    -0.92    1.65
 -51316.272    22.268    -1.27    1.78
 -51027.855    22.199    -0.24    1.75
 -50739.422    21.942    -0.89    1.83
 -50450.972    21.463    -1.66    1.88
 -50162.507    20.836    -2.17    1.75
 -49874.026    20.563    -0.95    1.75
 -49585.529    20.170    -1.36    1.65
 -49297.015    19.691    -1.66    1.72
 -49008.486    19.120    -1.98    1.51
 -48719.940    18.883    -0.82    1.61
 -48431.379    18.765    -0.41    1.82
 -48142.801    18.938     0.60    1.98
 -47854.207    19.228     1.00    1.99
 -47565.597    19.777     1.90    1.94
 -47276.972    20.163     1.34    1.86
 -46988.330    20.510     1.20    1.91
 -46699.671    20.748     0.82    1.83
 -46410.997    20.971     0.77    1.80
 -46122.307    20.956    -0.05    1.94
 -45833.601    21.110     0.53    1.78
 -45544.878    21.148     0.13    1.76
 -45256.140    21.248     0.35    1.72
 -44967.385    21.110    -0.48    1.73
 -44678.614    20.791    -1.10    2.05
 -44389.827    20.663    -0.45    2.02
 -44101.024    20.453    -0.73    2.17
 -43812.205    19.897    -1.92    2.26
 -43523.370    19.199    -2.42    2.32
 -43234.518    18.791    -1.41    2.23
 -42945.651    18.534    -0.89    2.14
 -42656.767    18.170    -1.26    2.08
 -42367.867    18.248     0.27    2.26
 -42078.951    18.054    -0.67    2.52
 -41790.019    17.938    -0.40    2.61
 -41501.071    18.045     0.37    2.43
 -41212.106    18.059     0.05    2.39
 -40923.126    18.367     1.07    2.30
 -40634.129    18.719     1.22    2.71
 -40345.116    19.325     2.10    2.77
 -40056.087    19.663     1.17    2.75
 -39767.042    20.839     4.07    4.83
 -39477.980    21.620     2.70    5.48
 -39188.903    21.765     0.50    5.54
 -38899.809    22.677     3.15    6.30
 -38610.699    23.606     3.22    7.57
 -38321.573    24.663     3.65    8.11
 -38032.431    25.409     2.58    8.46
 -37743.272    26.191     2.70    8.12
 -37454.098    27.250     3.66    7.70
 -37164.907    27.763     1.77    7.33
 -36875.700    28.662     3.11    6.60
 -36586.476    28.477    -0.64    5.09
 -36297.237    27.363    -3.85    4.24
 -36007.981    26.555    -2.79    4.07
 -35718.709    25.991    -1.95    4.23
 -35429.421    24.836    -3.99    3.42
 -35140.117    24.603    -0.81    3.38
 -34850.796    24.548    -0.19    3.44
 -34561.459    24.574     0.09    3.05
 -34272.106    24.863     1.00    2.88
 -33982.737    24.888     0.09    2.62
 -33693.351    24.540    -1.20    1.97
 -33403.950    25.029     1.69    2.30
 -33114.532    24.986    -0.15    2.42
 -32825.097    24.942    -0.15    2.59
 -32535.647    24.634    -1.06    2.26
 -32246.180    24.184    -1.55    2.01
 -31956.697    23.848    -1.16    1.62
 -31667.198    23.763    -0.30    1.55
 -31377.682    23.860     0.34    1.58
 -31088.150    24.020     0.55    1.54
 -30798.602    24.000    -0.07    1.58
 -30509.038    24.324     1.12    1.36
 -30219.457    24.206    -0.41    1.41
 -29929.860    24.205    -0.00    1.40
 -29640.247    24.085    -0.41    1.62
 -29350.618    24.048    -0.13    1.58
 -29060.972    24.163     0.39    1.28
 -28771.310    24.257     0.32    1.24
 -28481.632    24.089    -0.58    1.15
 -28191.937    24.147     0.20    1.11
 -27902.226    24.315     0.58    1.07
 -27612.499    24.381     0.23    0.99
 -27322.755    24.552     0.59    0.98
 -27032.995    24.605     0.18    0.95
 -26743.219    24.621     0.05    0.88
 -26453.427    24.765     0.50    0.91
 -26163.618    24.905     0.48    0.97
 -25873.793    24.897    -0.03    0.97
 -25583.951    24.877    -0.07    1.06
 -25294.093    24.877     0.00    1.15
 -25004.219    24.800    -0.26    1.26
 -24714.329    24.747    -0.18    1.35
 -24424.422    24.834     0.30    1.50
 -24134.499    24.765    -0.24    1.56
 -23844.559    24.820     0.19    1.52
 -23554.603    24.967     0.51    1.66
 -23264.631    24.987     0.07    1.70
 -22974.642    25.277     1.00    1.77
 -22685.954    25.260    -0.06    1.73
 -22399.414    24.977    -0.99    1.66
 -22112.858    25.045     0.24    1.70
 -21826.286    24.956    -0.31    1.63
 -21539.698    25.005     0.17    1.67
 -21253.094    24.986    -0.07    1.75
 -20966.475    25.134     0.52    1.77
 -20679.839    25.156     0.08    1.77
 -20393.188    24.978    -0.62    1.78
 -20106.520    24.705    -0.95    1.68
 -19819.837    24.575    -0.45    1.64
 -19533.137    24.368    -0.72    1.35
 -19246.422    24.220    -0.52    1.27
 -18959.691    23.894    -1.14    1.54
 -18672.944    23.226    -2.33    1.98
 -18386.181    22.395    -2.90    2.55
 -18099.402    21.149    -4.35    3.25
 -17812.607    20.034    -3.89    3.23
 -17525.796    19.508    -1.83    2.93
 -17238.969    18.692    -2.85    2.26
 -16952.126    18.530    -0.56    2.30
 -16665.268    18.735     0.71    2.52
 -16378.393    19.309     2.00    3.02
 -16091.502    20.832     5.31    2.58
 -15804.595    21.606     2.70    2.50
 -15517.673    22.494     3.09    2.30
 -15230.734    23.268     2.70    2.12
 -14943.779    23.977     2.47    1.68
 -14656.809    24.692     2.49    2.08
 -14369.822    25.214     1.82    2.15
 -14082.820    24.074    -3.97    5.95
 -13795.801    22.522    -5.41    8.76
 -13508.766    21.463    -3.69   10.15
 -13221.716    19.607    -6.46   11.60
 -12934.649    18.057    -5.40   12.24
 -12647.567    16.085    -6.87   12.75
 -12360.468    13.909    -7.58   12.93
 -12073.353    13.471    -1.52   12.82
 -11786.223    12.118    -4.71   12.43
 -11499.076    10.836    -4.46   11.95
 -11211.913    10.902     0.23   11.90
 -10924.735    10.403    -1.74   11.83
 -10637.540     9.437    -3.36   11.71
 -10350.329     8.648    -2.75   11.62
 -10063.102     8.286    -1.26   11.59
  -9775.859     7.963    -1.12   11.73
  -9488.600     7.412    -1.92   11.47
  -9201.325     6.177    -4.30   10.73
  -8914.034     6.099    -0.27   10.55
  -8626.727     6.170     0.25   10.93
  -8339.404     5.477    -2.41   10.75
  -8052.065     5.550     0.25   10.85
  -7764.710     5.120    -1.50   11.13
  -7477.338     5.105    -0.05   11.44
  -7189.951     4.295    -2.82   10.91
  -6902.548     2.488    -6.28    9.05
  -6615.128     2.063    -1.48    8.25
  -6327.693     1.288    -2.69    7.17
  -6040.241     0.763    -1.83    6.58
  -5752.773     1.381     2.15    7.65
  -5465.289     0.863    -1.80    6.71
  -5177.789     0.486    -1.31    5.41
  -4890.273     1.309     2.86    6.72
  -4602.741     0.736    -1.99    3.53
  -4315.193     1.445     2.47    3.71
  -4027.628     2.268     2.86    3.83
  -3740.048     3.063     2.76    3.93
  -3452.451     3.353     1.01    3.76
  -3164.839     3.416     0.22    3.32
  -2877.210     3.633     0.75    3.13
  -2589.565     3.749     0.41    2.99
  -2301.904     4.045     1.03    2.70
  -2014.227     4.155     0.38    2.42
  -1726.534     4.381     0.79    2.01
  -1438.824     4.085    -1.03    1.81
  -1151.099     3.367    -2.50    2.33
   -863.357     2.635    -2.55    2.67
   -575.599     1.912    -2.51    2.96
   -287.825     0.883    -3.58    2.61
     -0.035     0.603    -0.97    2.85
    287.771     0.633     0.10    3.29
    575.594     1.043     1.42    3.65
    863.433     2.033     3.44    3.95
   1151.287     2.818     2.73    3.94
   1439.158     3.748     3.23    3.75
   1727.045     4.691     3.28    3.13
   2014.949     4.963     0.94    2.81
   2302.868     5.206     0.85    2.40
   2590.804     5.045    -0.56    2.42
   2878.756     4.747    -1.03    2.50
   3166.724     4.515    -0.81    2.67
   3454.708     4.305    -0.73    2.51
   3742.708     4.268    -0.13    2.38
   4030.725     3.923    -1.20    2.12
   4318.758     3.920    -0.01    2.11
   4606.807     4.089     0.59    2.01
   4894.872     3.749    -1.18    2.52
   5182.953     3.363    -1.34    2.86
   5471.051     3.239    -0.43    2.79
   5759.165     3.120    -0.41    2.99
   6047.295     2.902    -0.75    2.78
   6335.441     2.891    -0.04    2.76
   6623.604     3.545     2.27    2.80
   6911.782     3.942     1.38    2.37
   7199.977     4.000     0.20    2.09
   7488.189     3.846    -0.54    2.24
   7776.416     3.677    -0.59    2.25
   8064.660     3.494    -0.64    2.31
   8352.920     3.283    -0.73    2.33
   8641.196     2.834    -1.56    2.52
   8929.488     2.427    -1.41    2.70
   9217.797     1.824    -2.09    2.81
   9506.122     1.309    -1.79    2.79
   9794.463     0.874    -1.51    2.94
  10082.820     0.620    -0.88    3.11
  10371.194     1.080     1.59    4.44
  10659.584     1.254     0.61    4.72
  10947.990     1.578     1.12    6.13
  11236.413     1.574    -0.02    7.39
  11524.852     2.163     2.04    8.65
  11813.307     1.868    -1.02    8.83
  12101.778     1.277    -2.05    7.97
  12390.266     1.305     0.10    8.00
  12678.770     0.501    -2.79    5.62
  12967.290     0.254    -0.86    4.94
  13255.827     0.358     0.36    4.47
  13544.380     0.574     0.75    4.40
  13832.949     0.777     0.70    4.21
  14121.535     0.530    -0.86    3.27
  14410.136     0.948     1.45    3.55
  14698.754     0.804    -0.50    3.35
  14987.389     0.444    -1.25    3.15
  15276.040     0.325    -0.41    3.06
  15564.707     0.604     0.97    3.40
  15853.390     1.000     1.37    3.41
  16142.090     1.300     1.04    3.31
  16430.806     1.532     0.80    3.17
  16719.539     2.043     1.77    3.09
  17008.287     2.260     0.75    2.78
  17297.053     2.508     0.86    2.63
  17585.834     2.423    -0.29    2.39
  17874.632     2.463     0.14    2.18
  18163.446     2.339    -0.43    2.06
  18452.277     2.344     0.02    1.98
  18741.124     2.206    -0.48    1.98
  19029.987     2.177    -0.10    1.80
  19318.867     2.057    -0.41    2.10
  19607.763     2.134     0.27    2.38
  19896.675     1.987    -0.51    2.56
  20185.604     2.015     0.10    2.71
  20474.549     1.750    -0.92    2.84
  20763.511     1.618    -0.46    2.87
  21052.488     1.263    -1.23    2.91
  21341.483     0.805    -1.58    2.81
  21630.494     0.420    -1.33    2.55
  21919.521     0.105    -1.09    2.45
  22208.564    -0.338    -1.53    1.88
  22497.624    -0.656    -1.10    1.69
  22786.701    -1.000    -1.19    1.24
  23075.793    -1.103    -0.36    1.10
  23364.903    -1.195    -0.32    0.96
  23654.028    -1.323    -0.44    0.00
  23943.170    -1.323     0.00    0.00
  24232.329    -1.323     0.00    0.00
  24521.504    -1.323     0.00    0.00
  24810.695    -1.323     0.00    0.00
  25099.903    -1.323     0.00    0.00
  25389.127    -1.323     0.00    0.00
  25678.367    -0.872     1.56    1.68
  25967.625    -0.619     0.88    2.10
  26256.898     0.163     2.70    3.93
  26546.188     0.606     1.53    4.53
  26835.495     1.621     3.51    6.18
  27124.817     1.912     1.01    6.16
  27414.157     2.959     3.62    7.57
  27703.513     3.295     1.16    7.96
  27992.885     4.120     2.85    8.64
  28282.274     5.536     4.89    9.69
  28571.679     6.731     4.13   10.73
  28861.101     6.860     0.45   10.46
  29150.539     7.996     3.92   10.48
  29439.994     8.236     0.83    9.94
  29729.465     8.790     1.91    9.57
  30018.953     8.938     0.51    9.35
  30308.457     8.930    -0.03    8.65
  30597.977     9.441     1.76    8.75
  30887.515    10.029     2.03    9.02
  31177.068    11.477     5.00    9.27
  31466.638    12.720     4.29    9.76
  31756.225    13.956     4.27    9.76
  32045.828    14.721     2.64    9.92
  32335.448    16.358     5.65    9.07
  32625.084    16.634     0.95    8.60
  32914.737    15.747    -3.06    8.25
  33204.407    15.220    -1.82    7.50
  33494.092    14.550    -2.31    6.14
  33783.795    13.405    -3.95    5.31
  34073.514    13.147    -0.89    3.91
  34363.249    13.170     0.08    3.23
  34653.001    14.205     3.57    2.90
  34942.770    15.321     3.85    3.28
  35232.555    16.463     3.94    3.02
  35522.357    17.746     4.43    3.17
  35812.175    18.920     4.05    3.07
  36102.010    19.820     3.11    2.80
  36391.861    20.590     2.66    2.78
  36681.729    20.824     0.81    2.53
  36971.614    21.260     1.51    2.17
  37261.515    21.367     0.37    1.90
  37551.433    21.395     0.10    1.81
  37841.367    21.578     0.63    1.71
  38131.318    21.721     0.49    1.64
  38421.285    22.000     0.96    1.72
  38711.269    22.387     1.33    1.78
  39001.270    22.905     1.79    1.74
  39291.287    23.522     2.13    1.60
  39578.127    23.805     0.99    1.53
  39864.635    24.252     1.56    1.29
  40151.158    24.635     1.34    1.38
  40437.698    24.865     0.80    1.37
  40724.254    25.192     1.14    1.23
  41010.826    25.277     0.30    1.30
  41297.414    25.344     0.23    1.35
  41584.018    25.434     0.32    1.32
  41870.639    25.452     0.06    1.19
  42157.275    25.471     0.07    1.24
  42443.928    25.409    -0.22    1.16
  42730.597    25.325    -0.29    1.03
  43017.282    25.324    -0.00    1.03
  43303.983    25.412     0.31    1.03
  43590.701    25.387    -0.09    1.04
  43877.434    25.348    -0.14    1.05
  44164.184    25.191    -0.55    1.05
  44450.950    25.114    -0.27    1.12
  44737.732    24.888    -0.79    1.30
  45024.530    24.564    -1.13    1.50
  45311.345    24.213    -1.22    1.68
  45598.175    23.488    -2.53    2.14
  45885.022    23.148    -1.19    2.17
  46171.885    22.559    -2.05    2.38
  46458.764    21.820    -2.58    2.64
  46745.660    21.268    -1.92    2.72
  47032.571    20.312    -3.33    2.74
  47319.499    19.649    -2.31    2.51
  47606.443    18.877    -2.69    2.42
  47893.404    18.324    -1.93    1.91
  48180.380    18.334     0.04    1.78
  48467.373    18.647     1.09    1.86
  48754.382    19.591     3.29    2.39
  49041.407    20.857     4.41    2.87
  49328.448    22.197     4.67    3.00
  49615.506    23.635     5.01    2.90
  49902.580    24.857     4.26    2.65
  50189.670    25.991     3.95    2.02
  50476.776    26.749     2.64    1.44
  50763.899    27.039     1.01    1.11
  51051.038    27.192     0.53    0.87
  51338.193    27.066    -0.44    1.09
  51625.364    26.977    -0.31    1.42
  51912.552    26.857    -0.42    1.46
  52199.756    26.775    -0.29    1.47
  52486.976    26.790     0.05    1.50
  52774.212    26.967     0.62    1.71
  53061.465    27.043     0.27    1.49
  53348.734    27.339     1.03    1.51
  53636.019    27.691     1.23    1.48
  53923.321    27.899     0.72    1.49
  54210.639    28.055     0.54    1.52
  54497.973    28.163     0.37    1.24
  54785.323    28.395     0.81    1.19
  55072.690    28.344    -0.18    1.20
  55360.073    28.505     0.56    1.27
  55647.473    28.721     0.75    1.31
  55934.888    28.839     0.41    1.43
  56222.320    29.564     2.52    1.73
  56509.768    30.029     1.62    1.75
  56797.233    30.536     1.76    1.86
  57084.714    30.916     1.32    1.79
  57372.211    31.405     1.70    1.85
  57659.725    31.633     0.79    1.69
  57947.255    32.010     1.31    1.63
  58234.801    32.250     0.84    1.62
  58522.363    32.505     0.89    1.60
  58809.942    32.902     1.38    1.64
  59097.538    33.293     1.36    1.52
  59385.149    33.466     0.60    1.54
  59672.777    33.747     0.98    1.64
  59960.421    33.720    -0.09    1.50
  60248.082    33.820     0.35    1.63
  60535.759    34.000     0.63    1.63
  60823.452    34.039     0.13    1.58
  61111.162    34.413     1.30    1.64
  61398.888    34.499     0.30    1.60
  61686.631    34.691     0.67    1.48
  61974.390    35.066     1.30    1.71
  62262.165    35.063    -0.01    1.70
  62549.957    35.263     0.69    1.84
  62837.765    35.488     0.78    1.79
  63125.589    35.339    -0.52    1.90
  63413.430    35.274    -0.22    2.07
  63701.287    35.005    -0.93    2.30
  63989.161    34.760    -0.85    2.48
  64277.051    34.385    -1.30    2.68
  64564.957    33.790    -2.07    2.79
  64852.880    32.778    -3.51    3.14
  65140.819    32.363    -1.44    3.69
  65428.775    31.839    -1.82    3.70
  65716.747    31.791    -0.16    3.45
  66004.735    32.302     1.77    3.48
  66292.740    32.326     0.08    3.20
  66580.761    32.522     0.68    3.34
  66868.799    32.820     1.03    3.53
  67156.853    32.706    -0.39    4.34
  67444.924    32.001    -2.45    5.02
  67733.011    30.986    -3.52    5.11
  68021.115    28.991    -6.92    4.92
  68309.235    27.536    -5.05    4.31
  68597.371    26.330    -4.19    3.50
  68885.524    25.291    -3.60    2.36
  69173.694    24.800    -1.70    1.54
  69461.879    25.059     0.90    1.70
  69750.082    25.764     2.44    2.11
  70038.300    26.405     2.23    2.37
  70326.536    27.000     2.06    2.49
  70614.787    27.955     3.31    2.60
  70903.056    28.891     3.25    2.61
  71191.340    30.184     4.48    2.61
  71479.641    31.274     3.78    2.70
  71767.959    32.477     4.17    2.75
  72056.293    34.015     5.34    2.73
  72344.644    35.320     4.52    2.88
  72633.011    36.460     3.95    2.93
  72921.395    38.071     5.59    3.07
  73209.795    39.288     4.22    2.94
  73498.211    40.156     3.01    2.57
  73786.645    41.029     3.03    2.03
  74075.094    41.848     2.84    1.79
  74363.561    42.589     2.57    1.48
  74652.043    43.034     1.54    1.38
  74940.543    43.250     0.75    1.50
  75229.058    43.836     2.03    1.58
  75517.591    44.409     1.99    1.59
  75806.140    45.001     2.05    1.46
  76094.705    45.325     1.12    1.35
  76383.287    45.705     1.32    1.34
  76671.885    46.192     1.68    1.39
  76960.500    46.236     0.15    1.32
  77249.132    46.234    -0.01    1.33
  77537.780    46.212    -0.08    1.39
  77826.445    46.034    -0.62    1.50
  78115.126    45.934    -0.35    1.64
  78403.824    45.552    -1.32    1.63
  78692.538    45.271    -0.97    1.50
  78981.269    45.213    -0.20    1.39
  79270.017    45.383     0.59    1.50
  79558.781    45.590     0.72    1.53
  79847.562    45.834     0.85    1.53
  80136.359    46.197     1.26    1.54
  80425.173    46.677     1.66    1.42
  80714.004    47.240     1.95    1.24
  81002.851    47.578     1.17    1.12
  81291.715    47.705     0.44    1.17
  81580.595    47.795     0.31    1.28
  81869.492    47.735    -0.21    1.32
  82158.405    47.566    -0.59    1.34
  82447.335    47.469    -0.34    1.27
  82736.282    47.363    -0.37    1.30
  83025.246    46.996    -1.27    1.40
  83314.226    46.591    -1.40    1.59
  83603.222    46.315    -0.96    1.64
  83892.235    46.291    -0.08    1.63
  84181.265    46.089    -0.70    1.66
  84470.312    46.099     0.04    1.50
  84759.375    46.120     0.07    1.38
  85048.455    46.033    -0.30    1.17
  85337.551    45.691    -1.18    1.43
  85626.665    44.804    -3.07    2.15
  85915.794    43.647    -4.00    2.59
  86204.941    42.902    -2.58    2.73
  86494.104    42.236    -2.31    2.68
  86783.284    41.226    -3.49    3.16
  87072.480    40.649    -2.00    3.14
  87361.693    40.528    -0.42    3.05
  87650.923    40.747     0.76    2.88
  87940.169    41.163     1.44    2.69
  88229.433    41.397     0.81    2.43
  88518.712    41.534     0.47    2.32
  88808.009    41.795     0.90    2.52
  89097.322    41.480    -1.09    2.91
  89386.652    40.325    -3.99    3.59
  89675.999    39.325    -3.46    3.61
  89965.362    38.240    -3.75    3.48
  90254.742    37.212    -3.55    3.10
  90544.139    36.515    -2.41    3.14
  90833.552    35.147    -4.73    3.61
  91122.982    34.791    -1.23    4.40
  91412.429    33.888    -3.12    4.47
  91701.893    32.888    -3.45    4.32
  91991.373    32.142    -2.58    4.18
  92280.870    31.635    -1.75    3.77
  92570.384    31.133    -1.73    2.97
  92859.914    31.592     1.59    2.70
  93149.462    32.442     2.93    3.26
  93439.026    34.020     5.45    4.16
  93728.606    35.226     4.17    4.44
  94018.204    36.907     5.80    4.36
  94307.818    38.677     6.11    4.16
  94597.449    39.963     4.44    3.89
  94887.097    41.133     4.04    3.46
  95176.762    41.719     2.02    3.57
  95466.443    42.089     1.28    3.52
  95756.141    43.198     3.83    4.05
  96045.856    44.024     2.85    4.09
  96335.587    44.732     2.44    3.87
  96625.336    44.948     0.75    3.45
  96915.101    45.246     1.03    3.13
  97204.883    45.309     0.22    2.60
  97494.682    45.720     1.42    2.73
  97784.497    45.663    -0.20    2.93
  98074.330    45.720     0.20    2.87
  98364.179    45.566    -0.53    2.88
  98654.045    45.720     0.53    2.72
  98943.928    46.043     1.12    2.50
  99233.827    46.114     0.24    2.39
  99523.744    45.938    -0.61    2.60
  99813.677    46.324     1.33    2.75
 100103.627    46.620     1.02    2.81
 100393.594    46.804     0.63    2.60
 100683.578    47.001     0.68    2.30
 100973.578    47.225     0.77    2.27
 101263.595    47.367     0.49    2.25
 101552.141    47.563     0.68    2.13
 101838.605    47.548    -0.05    2.12
 102125.085    47.633     0.29    2.03
 102411.582    48.320     2.40    2.19
 102698.095    48.494     0.61    2.47
 102984.624    48.413    -0.28    2.66
 103271.170    48.311    -0.36    2.77
 103557.732    48.357     0.16    2.77
 103844.310    48.500     0.50    2.54
 104130.905    48.749     0.87    2.26
 104417.516    49.083     1.16    2.22
 104704.144    49.839     2.64    2.30
 104990.788    50.381     1.89    2.01
 105277.448    50.480     0.34    1.79
 105564.125    50.804     1.13    1.56
 105850.818    50.832     0.10    1.40
 106137.528    50.748    -0.29    1.42
 106424.253    50.775     0.09    1.41
 106710.996    50.577    -0.69    1.45
 106997.754    50.515    -0.22    1.50
 107284.530    50.706     0.67    1.69
 107571.321    50.649    -0.20    1.85
 107858.129    50.733     0.29    1.84
 108144.953    50.648    -0.30    1.83
 108431.794    50.534    -0.40    1.94
 108718.651    50.325    -0.73    1.99
 109005.525    50.156    -0.59    1.99
 109292.415    49.706    -1.57    1.85
 109579.322    49.353    -1.23    1.90
 109866.245    49.114    -0.84    1.88
 110153.184    48.952    -0.56    1.88
 110440.140    48.863    -0.31    2.43
 110727.112    48.899     0.13    3.24
 111014.101    48.395    -1.76    3.42
 111301.106    47.846    -1.91    2.80
 111588.128    47.353    -1.72    2.18
 111875.166    46.780    -2.00    1.75
 112162.220    46.500    -0.97    1.93
 112449.291    46.248    -0.88    1.95
 112736.379    46.057    -0.67    1.74
 113023.483    45.790    -0.93    1.79
 113310.603    45.305    -1.69    1.72
 113597.740    44.882    -1.47    1.67
 113884.894    44.477    -1.41    1.75
 114172.064    44.373    -0.36    1.72
 114459.250    44.221    -0.53    1.73
 114746.453    43.930    -1.01    1.82
 115033.672    43.956     0.09    2.01
 115320.908    43.916    -0.14    2.09
 115608.161    44.057     0.49    2.18
 115895.430    44.128     0.25    2.14
 116182.715    44.015    -0.39    2.18
 116470.017    43.930    -0.29    2.12
 116757.335    44.054     0.43    2.01
 117044.670    43.589    -1.62    1.69
 117332.022    43.548    -0.14    1.55
 117619.390    43.353    -0.68    1.49
 117906.774    43.107    -0.85    1.55
 118194.176    42.896    -0.74    1.54
 118481.593    43.006     0.38    1.55
 118769.027    43.005    -0.00    1.58
 119056.478    43.311     1.06    1.72
 119343.945    43.824     1.79    2.06
 119631.429    44.517     2.41    2.83
 119918.930    45.748     4.28    3.47
 120206.447    46.706     3.33    3.88
 120493.980    46.913     0.72    3.82
 120781.530    46.564    -1.21    3.40
 121069.097    45.923    -2.23    3.02
 121356.680    45.663    -0.91    2.57
 121644.280    45.420    -0.85    1.85
 121931.896    45.427     0.02    1.58
 122219.529    45.747     1.11    1.46
 122507.179    45.905     0.55    1.50
 122794.845    46.263     1.24    1.47
 123082.528    46.485     0.77    1.51
 123370.227    46.902     1.45    1.39
 123657.943    46.945     0.15    1.52
 123945.675    46.860    -0.29    1.73
 124233.424    46.795    -0.23    1.82
 124521.190    46.545    -0.87    1.90
 124808.973    46.720     0.61    1.94
 125096.771    47.015     1.03    1.97
 125384.587    47.448     1.51    2.17
 125672.419    47.977     1.84    2.09
 125960.268    48.371     1.37    1.94
 126248.134    48.577     0.71    1.70
 126536.016    48.963     1.34    1.95
 126823.914    49.015     0.18    1.98
 127111.830    48.848    -0.58    2.27
 127399.762    48.791    -0.20    2.63
 127687.710    48.452    -1.18    2.85
 127975.676    47.877    -2.00    2.82
 128263.658    47.505    -1.29    2.65
 128551.656    47.339    -0.58    2.41
 128839.672    47.466     0.44    2.12
 129127.704    47.648     0.63    1.88
 129415.752    48.265     2.14    2.35
 129703.817    49.156     3.09    2.40
 129991.899    50.057     3.13    2.17
 130279.998    50.818     2.64    2.21
 130568.113    51.252     1.51    2.28
 130856.245    51.441     0.65    2.24
 131144.394    51.448     0.03    1.88
 131432.559    51.377    -0.25    1.71
 131720.741    51.589     0.73    1.63
 132008.940    51.691     0.36    1.77
 132297.156    51.607    -0.29    1.76
 132585.388    51.581    -0.09    1.68
 132873.637    51.434    -0.51    1.66
 133161.902    51.246    -0.65    1.91
 133450.185    50.820    -1.48    2.29
 133738.484    50.170    -2.26    2.63
 134026.799    49.891    -0.97    2.54
 134315.132    49.486    -1.41    2.36
 134603.481    49.649     0.57    2.06
 134891.847    49.733     0.29    1.92
 135180.230    50.028     1.02    1.79
 135468.629    50.536     1.76    1.81
 135757.045    51.148     2.12    1.92
 136045.478    52.133     3.41    1.57
 136333.928    52.635     1.74    1.34
 136622.394    53.025     1.35    1.41
 136910.877    53.334     1.07    1.26
 137199.377    53.496     0.56    1.25
 137487.894    53.524     0.10    1.27
 137776.427    53.283    -0.84    1.34
 138064.977    52.982    -1.04    1.53
 138353.544    52.534    -1.55    1.80
 138642.128    52.097    -1.51    1.94
 138930.729    51.860    -0.82    2.02
 139219.346    51.574    -0.99    2.31
 139507.980    50.705    -3.01    2.55
 139796.631    50.029    -2.34    2.93
 140085.298    49.028    -3.47    3.52
 140373.983    48.344    -2.37    3.86
 140662.684    47.677    -2.31    3.99
 140951.402    46.986    -2.39    3.67
 141240.137    46.538    -1.55    3.55
 141528.889    46.213    -1.13    3.57
 141817.657    46.220     0.02    3.43
 142106.443    46.268     0.17    3.23
 142395.245    45.848    -1.45    3.23
 142684.064    45.371    -1.65    3.33
 142972.900    44.916    -1.58    3.62
 143261.752    44.213    -2.43    3.62
 143550.622    43.412    -2.77    3.56
 143839.508    42.434    -3.39    3.61
 144128.411    41.691    -2.57    3.59
 144417.331    41.367    -1.12    3.62
 144706.268    41.508     0.49    3.91
 144995.222    41.325    -0.63    4.21
 145284.192    41.283    -0.15    3.96
 145573.179    41.520     0.82    3.98
 145862.184    42.059     1.87    3.34
 146151.205    41.851    -0.72    3.24
 146440.243    41.268    -2.02    3.61
 146729.298    41.071    -0.68    4.38
 147018.369    40.480    -2.05    4.46
 147307.458    39.580    -3.11    4.77
 147596.564    38.268    -4.54    5.31
 147885.686    36.448    -6.30    5.79
 148174.825    34.719    -5.98    5.46
 148463.981    33.059    -5.74    4.33
 148753.154    31.291    -6.12    4.40
 149042.344    29.385    -6.59    5.12
 149331.551    27.880    -5.21    5.35
 149620.775    26.496    -4.78    5.51
 149910.016    25.001    -5.17    5.43
 150199.273    22.853    -7.43    5.40
 150488.548    21.142    -5.92    5.33
 150777.839    19.474    -5.77    4.59
 151067.148    17.987    -5.14    3.63
 151356.473    16.955    -3.57    2.58
 151645.815    16.747    -0.72    2.55
 151935.174    17.225     1.65    2.83
 152224.550    18.252     3.55    3.10
 152513.943    19.633     4.77    3.41
 152803.353    20.956     4.57    3.65
 153092.780    22.191     4.27    3.79
 153382.224    23.423     4.26    3.78
 153671.685    24.663     4.28    4.08
 153961.163    26.389     5.96    4.53
 154250.658    27.959     5.42    4.72
 154540.169    29.550     5.50    4.70
 154829.698    31.015     5.06    4.49
 155119.244    32.927     6.60    4.09
 155408.806    34.242     4.54    3.38
 155698.386    34.761     1.79    3.27
 155987.982    35.510     2.59    3.25
 156277.596    36.063     1.91    3.37
 156567.227    36.832     2.66    3.80
 156856.874    37.381     1.90    3.88
 157146.539    37.325    -0.19    3.39
 157436.220    37.524     0.69    3.36
 157725.919    37.427    -0.34    2.93
 158015.634    37.860     1.50    3.17
 158305.367    37.927     0.23    3.24
 158595.117    38.082     0.54    3.26
 158884.883    38.455     1.29    2.84
 159174.667    38.905     1.56    2.74
 159464.468    39.236     1.14    2.63
 159754.285    39.063    -0.60    2.94
 160044.120    38.948    -0.39    3.37
 160333.972    38.212    -2.54    4.58
 160623.841    37.413    -2.76    5.46
 160913.726    37.010    -1.39    5.73
 161203.629    36.508    -1.73    5.60
 161493.549    36.170    -1.17    5.18
 161783.486    36.286     0.40    4.85
 162073.440    36.265    -0.07    4.58
 162363.411    36.748     1.67    4.43
 162653.400    38.099     4.66    5.18
 162943.405    39.254     3.98    5.25
 163233.427    40.951     5.85    5.27
 163523.466    42.010     3.65    4.85
 163810.161    43.409     4.88    4.20
 164096.592    44.405     3.48    3.57
 164383.039    45.265     3.00    3.25
 164669.503    45.793     1.84    2.62
 164955.984    46.423     2.20    2.63
 165242.481    47.057     2.21    2.46
 165528.995    47.477     1.47    1.85
 165815.526    47.720     0.85    1.67
 166102.073    48.128     1.42    1.45
 166388.637    48.377     0.87    1.21
 166675.217    48.508     0.46    1.18
 166961.814    48.706     0.69    1.27
 167248.427    48.818     0.39    1.42
 167535.057    48.820     0.01    1.45
 167821.704    48.732    -0.30    1.49
 168108.367    48.663    -0.24    1.54
 168395.047    48.606    -0.20    1.44
 168681.744    48.649     0.15    1.41
 168968.457    48.635    -0.05    1.40
 169255.187    48.677     0.15    1.31
 169541.933    48.956     0.97    1.27
 169828.696    48.916    -0.14    1.36
 170115.476    48.877    -0.14    1.37
 170402.273    48.748    -0.45    1.44
 170689.086    48.635    -0.39    1.57
 170975.915    48.353    -0.98    1.58
 171262.761    48.177    -0.61    1.73
 171549.624    47.818    -1.25    1.73
 171836.504    47.662    -0.54    1.64
 172123.400    47.250    -1.44    1.66
 172410.313    46.763    -1.70    1.70
 172697.243    46.564    -0.69    1.82
 172984.189    46.510    -0.19    1.92
 173271.152    46.266    -0.85    1.96
 173558.132    46.385     0.42    1.87
 173845.128    46.198    -0.65    1.86
 174132.141    46.226     0.10    1.83
 174419.171    46.412     0.65    1.66
 174706.217    46.147    -0.92    1.65
 174993.280    46.163     0.05    1.58
 175280.360    45.959    -0.71    1.45
 175567.457    45.774    -0.64    1.65
 175854.570    45.691    -0.29    1.65
 176141.700    45.540    -0.52    1.62
 176428.846    45.621     0.28    1.64
 176716.010    45.566    -0.19    1.62
 177003.190    45.442    -0.43    1.85
 177290.386    45.112    -1.15    1.95
 177577.600    44.860    -0.88    2.24
 177864.830    44.996     0.47    2.29
 178152.077    45.232     0.82    2.31
 178439.341    45.494     0.91    2.01
 178726.621    45.650     0.54    1.92
 179013.918    46.212     1.96    1.57
 179301.232    46.605     1.37    1.58
 179588.563    46.618     0.04    1.73
 179875.910    46.066    -1.92    2.37
 180163.275    45.488    -2.01    2.82
 180450.656    45.148    -1.18    3.04
 180738.053    44.552    -2.08    3.01
 181025.468    44.015    -1.87    3.19
 181312.899    43.170    -2.94    3.06
 181600.347    42.246    -3.21    3.19
 181887.812    41.877    -1.29    3.49
 182175.293    40.765    -3.87    3.48
 182462.792    39.927    -2.92    3.17
 182750.307    39.377    -1.91    2.86
 183037.839    38.591    -2.73    2.57
 183325.388    37.830    -2.65    2.45
 183612.953    37.325    -1.76    2.48
 183900.536    36.635    -2.40    2.52
 184188.135    35.902    -2.55    2.34
 184475.751    35.431    -1.64    1.93
 184763.383    35.295    -0.47    1.74
 185051.033    35.705     1.43    1.93
 185338.699    36.268     1.96    1.89
 185626.383    36.804     1.86    2.20
 185914.083    37.239     1.51    1.96
 186201.800    37.437     0.69    2.09
 186489.533    37.649     0.73    1.95
 186777.284    37.948     1.04    2.06
 187065.051    38.295     1.20    2.01
 187352.835    38.677     1.33    2.09
 187640.637    39.091     1.44    2.35
 187928.454    39.550     1.59    2.26
 188216.289    39.973     1.47    2.21
 188504.141    40.444     1.64    2.18
 188792.009    40.945     1.74    2.10
 189079.895    41.592     2.25    2.12
 189367.797    42.395     2.79    2.24
 189655.716    43.265     3.02    2.15
 189943.652    44.170     3.14    1.95
 190231.605    44.510     1.18    1.91
 190519.575    45.254     2.58    2.13
 190807.561    46.029     2.69    2.05
 191095.565    46.635     2.11    2.07
 191383.585    47.240     2.10    2.05
 191671.622    48.205     3.35    2.84
 191959.677    49.427     4.24    3.80
 192247.748    50.192     2.66    3.52
 192535.836    50.877     2.38    3.68
 192823.940    51.385     1.76    3.67
 193112.062    52.001     2.14    3.96
 193400.201    51.874    -0.44    3.61
 193688.357    51.841    -0.11    2.85
 193976.529    52.001     0.55    2.76
 194264.719    51.663    -1.17    1.82
 194552.925    51.538    -0.43    1.32
 194841.148    51.500    -0.13    1.33
 195129.389    51.691     0.66    1.37
 195417.646    51.830     0.48    1.45
 195705.920    52.015     0.64    1.57
 195994.211    52.330     1.09    1.53
 196282.519    52.288    -0.14    1.55
 196570.844    52.324     0.12    1.37
 196859.186    52.211    -0.39    1.34
 197147.545    52.121    -0.31    1.33
 197435.921    52.147     0.09    1.35
 197724.314    51.899    -0.86    1.20
 198012.724    51.746    -0.53    1.09
 198301.151    51.744    -0.01    1.21
 198589.594    51.526    -0.76    1.19
 198878.055    51.452    -0.26    1.11
 199166.533    51.442    -0.03    1.13
 199455.028    51.344    -0.34    1.07
 199743.539    51.420     0.26    1.05
 200032.068    51.452     0.11    1.11
 200320.614    51.554     0.35    1.42
 200609.177    51.760     0.72    1.44
 200897.756    51.744    -0.05    1.43
 201186.353    51.595    -0.52    1.32
 201474.967    51.548    -0.16    1.30
 201763.598    51.721     0.60    1.30
 202052.245    51.607    -0.39    1.24
 202340.910    51.391    -0.75    1.08
 202629.592    51.367    -0.08    1.06
 202918.291    51.266    -0.35    1.07
 203207.007    51.184    -0.28    1.09
 203495.740    50.832    -1.22    1.21
 203784.490    50.635    -0.68    1.13
 204073.257    50.488    -0.51    1.18
 204362.041    50.221    -0.93    1.03
 204650.842    50.015    -0.71    1.05
 204939.660    49.818    -0.68    1.12
 205228.495    49.649    -0.58    1.13
 205517.348    49.538    -0.39    1.14
 205806.217    49.441    -0.34    1.29
 206095.103    49.339    -0.35    1.26
 206384.007    49.363     0.08    1.44
 206672.928    49.236    -0.44    1.50
 206961.865    49.170    -0.23    1.53
 207250.820    49.038    -0.46    1.55
 207539.792    48.774    -0.91    1.56
 207828.781    48.513    -0.91    1.55
 208117.787    48.307    -0.71    1.41
 208406.810    47.860    -1.55    1.34
 208695.850    47.488    -1.29    1.18
 208984.907    47.191    -1.03    1.29
 209273.982    46.938    -0.88    1.29
 209563.073    46.391    -1.89    1.23
 209852.182    46.088    -1.05    1.21
 210141.308    45.786    -1.04    1.31
 210430.451    45.691    -0.33    1.28
 210719.611    45.474    -0.75    1.29
 211008.788    45.170    -1.05    1.22
 211297.982    44.909    -0.90    1.23
 211587.193    44.877    -0.11    1.20
 211876.422    44.734    -0.49    1.11
 212165.668    44.691    -0.15    1.27
 212454.930    44.622    -0.24    1.30
 212744.210    44.649     0.09    1.24
 213033.508    44.552    -0.34    1.26
 213322.822    44.274    -0.96    1.33
 213612.153    43.942    -1.15    1.30
 213901.502    43.561    -1.32    1.24
 214190.868    43.480    -0.28    1.44
 214480.251    43.240    -0.83    1.40
 214769.651    43.034    -0.71    1.41
 215059.068    42.896    -0.48    1.56
 215348.503    42.607    -1.00    1.67
 215637.954    42.591    -0.06    1.92
 215927.423    42.114    -1.65    1.81
 216216.909    41.765    -1.20    1.81
 216506.412    41.334    -1.49    1.79
 216795.933    41.019    -1.09    1.87
 217085.470    40.704    -1.09    1.97
 217375.025    40.455    -0.86    1.92
 217664.597    40.170    -0.98    1.78
 217954.187    40.024    -0.50    1.70
 218243.793    39.996    -0.10    1.48
 218533.417    40.071     0.26    1.43
 218823.058    40.133     0.21    1.24
 219112.716    40.578     1.54    1.14
 219402.391    40.705     0.44    1.13
 219692.084    40.785     0.28    1.14
 219981.794    40.818     0.11    1.57
 220271.521    40.747    -0.24    1.58
 220561.265    40.662    -0.29    1.70
 220851.027    40.605    -0.20    1.73
 221140.806    40.775     0.59    2.28
 221430.602    40.691    -0.29    2.08
 221720.415    40.635    -0.19    2.10
 222010.246    40.334    -1.04    2.06
 222300.094    39.969    -1.26    2.15
 222589.959    39.466    -1.74    2.41
 222879.841    38.902    -1.94    2.26
 223169.741    38.515    -1.34    2.51
 223459.658    38.020    -1.71    2.60
 223749.592    37.399    -2.14    2.66
 224039.544    36.771    -2.17    2.60
 224329.513    36.348    -1.46    2.43
 224619.499    35.992    -1.23    1.97
 224909.502    36.038     0.16    2.06
 225199.523    35.948    -0.31    2.21
 225489.561    36.499     1.90    2.56
 225778.066    36.897     1.38    2.57
 226064.459    37.480     2.03    2.56
 226350.869    37.759     0.98    2.36
 226637.296    37.988     0.80    2.16
 226923.739    37.746    -0.84    2.14
 227210.200    37.444    -1.06    2.07
 227496.677    37.085    -1.25    1.61
 227783.171    36.834    -0.88    1.56
 228069.681    36.760    -0.26    1.69
 228356.209    36.662    -0.34    2.07
 228642.753    36.477    -0.65    2.68
 228929.315    35.869    -2.12    3.02
 229215.893    35.042    -2.89    3.23
 229502.488    34.149    -3.12    3.41
 229789.099    33.321    -2.89    3.43
 230075.728    32.594    -2.54    3.19
 230362.373    31.863    -2.55    1.42
 230649.035    31.896     0.12    1.38
 230935.714    32.250     1.24    1.33
 231222.410    32.948     2.43    1.88
 231509.123    33.608     2.30    1.95
 231795.853    34.204     2.08    2.09
 232082.599    34.580     1.31    2.01
 232369.362    34.978     1.39    1.86
 232656.143    35.427     1.56    1.83
 232942.940    35.891     1.62    1.76
 233229.754    36.066     0.61    1.65
 233516.584    36.368     1.05    1.70
 233803.432    36.619     0.87    1.40
 234090.297    37.006     1.35    1.47
 234377.178    37.501     1.73    1.60
 234664.076    37.869     1.28    1.60
 234950.992    38.197     1.15    1.56
 235237.924    38.353     0.54    1.40
 235524.873    38.605     0.88    1.37
 235811.839    38.621     0.06    1.37
 236098.822    38.633     0.04    1.33
 236385.821    38.505    -0.44    1.22
 236672.838    38.444    -0.21    1.24
 236959.871    38.417    -0.10    1.37
 237246.922    38.357    -0.21    1.36
 237533.989    38.485     0.44    1.36
 237821.074    38.621     0.47    1.67
 238108.175    38.877     0.89    1.88
 238395.293    38.955     0.27    1.88
 238682.428    39.089     0.47    2.01
 238969.580    39.148     0.21    1.95
 239256.749    39.074    -0.26    1.94
 239543.935    39.033    -0.14    1.78
 239831.138    38.913    -0.42    1.52
 240118.358    38.828    -0.30    1.52
 240405.595    38.902     0.26    1.34
 240692.849    38.677    -0.78    1.04
 240980.120    38.550    -0.44    0.97
 241267.407    38.545    -0.02    1.01
 241554.712    38.377    -0.58    0.94
 241842.034    38.244    -0.46    1.09
 242129.372    38.197    -0.16    1.07
 242416.728    37.996    -0.70    1.15
 242704.100    37.882    -0.40    1.30
 242991.490    37.804    -0.27    1.34
 243278.897    37.663    -0.49    1.39
 243566.320    37.536    -0.44    1.32
 243853.761    37.427    -0.38    1.19
 244141.218    37.437     0.04    1.18
 244428.693    37.542     0.36    1.32
 244716.185    37.732     0.66    1.38
 245003.693    37.788     0.20    1.37
 245291.219    37.951     0.57    1.29
 245578.762    37.930    -0.07    1.36
 245866.321    37.749    -0.63    1.35
 246153.898    37.982     0.81    2.48
 246441.492    37.880    -0.36    2.58
 246729.102    38.001     0.42    2.62
 247016.730    37.896    -0.36    2.67
 247304.375    37.992     0.33    2.63
 247592.037    37.704    -1.00    2.15
 247879.716    37.595    -0.38    1.50
 248167.412    37.480    -0.40    1.40
 248455.125    37.546     0.23    1.34
 248742.855    37.649     0.36    1.28
 249030.602    37.749     0.35    1.17
 249318.367    37.774     0.09    1.46
 249606.148    37.800     0.09    1.51
 249893.946    37.663    -0.48    1.31
 250181.762    37.718     0.19    1.30
 250469.594    37.799     0.28    1.30
 250757.444    37.790    -0.03    1.23
 251045.311    37.942     0.53    1.22
 251333.194    38.184     0.84    1.22
 251621.095    38.163    -0.07    1.25
 251909.013    38.480     1.10    1.36
 252196.948    38.608     0.45    1.29
 252484.901    38.649     0.14    1.21
 252772.870    38.759     0.38    1.00
 253060.856    38.814     0.19    0.99
 253348.860    38.877     0.22    0.97
 253636.880    38.706    -0.59    0.99
 253924.918    38.719     0.04    1.03
 254212.973    38.705    -0.05    1.06
 254501.045    38.790     0.29    1.19
 254789.134    38.923     0.46    1.18
 255077.241    39.107     0.64    1.24
 255365.364    39.211     0.36    1.21
 255653.505    39.240     0.10    1.24
 255941.662    39.452     0.73    1.28
 256229.837    39.677     0.78    1.74
 256518.029    39.732     0.19    1.65
 256806.238    39.888     0.54    1.72
 257094.465    39.802    -0.30    1.67
 257382.708    39.732    -0.24    1.72
 257670.969    39.719    -0.05    2.02
 257959.247    39.566    -0.53    1.90
 258247.542    39.480    -0.30    1.94
 258535.854    39.239    -0.84    2.08
 258824.183    38.883    -1.23    2.11
 259112.530    38.607    -0.96    2.19
 259400.894    38.496    -0.39    2.21
 259689.275    38.150    -1.20    1.74
 259977.673    37.832    -1.10    1.81
 260266.088    37.524    -1.07    1.78
 260554.521    37.266    -0.90    1.62
 260842.970    36.930    -1.16    1.74
 261131.437    36.828    -0.36    1.56
 261419.922    36.486    -1.19    1.58
 261708.423    35.982    -1.74    1.60
 261996.942    35.786    -0.68    1.62
 262285.477    35.826     0.14    2.20
 262574.031    35.496    -1.14    2.20
 262862.601    35.197    -1.04    2.22
 263151.188    34.916    -0.97    2.29
 263439.793    34.691    -0.78    2.20
 263728.415    34.480    -0.73    2.18
 264017.054    34.251    -0.79    2.24
 264305.711    33.813    -1.52    1.19
