#   30.097  -0.028   0.471 ;Mean Elev.(m), Avg Gradient(m/km), RMS Gradient(m/km) - SRTM1     
#   16.973  -0.411   2.491 ;Mean Elev.(m), Avg Gradient(m/km), RMS Gradient(m/km) - ASTER GDEM
#   30.137  -0.026   0.722 ;Mean Elev.(m), Avg Gradient(m/km), RMS Gradient(m/km) - GMTED2010 
   1 300.407646 -29.582575    28.811    28.815  4 54663.02502462 46.851
   2 300.404577 -29.581440    28.633    28.679  6 54672.94066848 44.589
   3 300.402239 -29.580573    22.138    22.530  7 54682.85631125 26.968
   4 300.403627 -29.581090    29.165    29.128  6 54692.77195363 48.871
   5 300.409341 -29.584473    29.838    29.720  4 54702.68759471 48.113
   6 300.409881 -29.583249    29.221    29.227  4 54712.60324352 40.307
   7 300.408096 -29.582826    28.836    28.814  4 54722.51889448 50.877
   8 300.403434 -29.581497    28.333    28.290  7 54732.43454242 41.344
   9 300.398072 -29.579228    28.304    28.248 10 54742.35018840 35.386
  10 300.393730 -29.573837    29.068    29.066 15 54752.26583343 32.433
  11 300.394421 -29.573434    28.752    28.731 14 54762.18147953 31.139
  12 300.400546 -29.580440    29.836    29.857  9 54772.09712510 50.650
  13 300.403306 -29.581724    29.858    29.824  7 54782.01276631 33.756
  14 300.404590 -29.581765    29.947    30.030  7 54791.92840485 52.203
  15 300.405783 -29.582874    29.151    29.086  6 54801.84404282 32.033
  16 300.406851 -29.582604    28.910    28.858  5 54811.75968067 36.851
  17 300.407739 -29.582605    28.944    28.921  4 54821.67532286 26.624
  18 300.405147 -29.581434    27.745    27.771  6 54831.59097526 49.173
  19 300.400797 -29.579410    27.955    27.959  8 54841.50661389 29.777
  20 300.393371 -29.573470    28.217    28.144 15 54851.42226155 28.882
  21 300.391623 -29.576859    28.356    28.341 16 54861.33791098 40.286
  22 300.390392 -29.577190    28.444    28.430 16 54871.25355961 37.350
  23 300.391342 -29.575883    28.741    28.737 16 54881.16920639 33.287
  24 300.393644 -29.574147    28.866    28.846 15 54891.08484982 51.268
  25 300.394510 -29.573176    29.058    29.099 14 54901.00049030 31.734
  26 300.394257 -29.574814    28.567    28.521 15 54910.91612949 49.666
  27 300.393352 -29.575349    28.538    28.498 15 54920.83176741 51.192
  28 300.393582 -29.572704    28.545    28.562 15 54930.74740448 24.451
  29 300.402711 -29.580974    28.434    28.478  8 54940.66304329 25.676
  30 300.409413 -29.583175    28.444    28.444  3 54950.57867903 48.791
  31 300.411063 -29.582867    27.784    27.825  4 54960.49431929 33.907
  32 300.407848 -29.582535    28.017    28.019  4 54970.40996756 38.229
  33 300.404744 -29.581873    27.906    27.882  7 54980.32561429 30.931
  34 300.402505 -29.580964    28.750    28.749  7 54990.24126057 51.303
  35 300.401107 -29.579685    28.489    28.468  8 55000.15690663 45.620
  36 300.400533 -29.579420    28.239    28.162  9 55010.07255111 35.972
  37 300.400761 -29.579947    28.329    28.315  9 55019.98819423 28.110
  38 300.399790 -29.579825    29.215    29.216  9 55029.90383608 39.453
  39 300.398451 -29.578672    29.284    29.284 10 55039.81947724 48.673
  40 300.400469 -29.579304    29.276    29.230  9 55049.73511798 32.742
  41 300.405898 -29.582354    29.578    29.581  5 55059.65075751 35.930
  42 300.409408 -29.583433    29.281    29.283  3 55069.56639843 47.569
  43 300.407655 -29.583021    29.127    29.120  5 55079.48204794 44.085
  44 300.402764 -29.580635    29.147    29.152  7 55089.39769463 37.465
  45 300.397942 -29.578607    29.594    29.566 10 55099.31333997 36.574
  46 300.393714 -29.573329    29.897    29.916 15 55109.22898404 35.943
  47 300.397657 -29.577668    29.358    29.412 10 55119.14462939 32.933
  48 300.402174 -29.580661    30.094    30.065  7 55129.06027207 33.245
  49 300.404336 -29.581506    30.563    30.542  6 55138.97591216 34.072
  50 300.404198 -29.581200    30.409    30.414  6 55148.89155074 48.867
  51 300.404146 -29.581143    30.569    30.553  6 55158.80718930 33.793
  52 300.405469 -29.581880    30.544    30.632  5 55168.72282809 34.094
  53 300.408459 -29.583839    30.568    30.576  4 55178.63846647 46.727
  54 300.407126 -29.582577    30.863    30.894  4 55188.55411232 45.398
  55 300.401962 -29.579975    30.680    30.658  8 55198.46976270 32.456
  56 300.394973 -29.573840    30.827    30.823 15 55208.38541110 33.958
  57 300.392932 -29.574284    30.935    30.931 15 55218.30106048 56.510
  58 300.392579 -29.574864    31.015    31.013 15 55228.21670902 50.175
  59 300.393286 -29.574140    30.863    30.863 16 55238.13235434 34.235
  60 300.395045 -29.573992    30.774    30.714 15 55248.04799618 36.451
  61 300.398075 -29.578907    30.408    30.376 10 55257.96363683 30.702
  62 300.394599 -29.572800    30.216    30.180 15 55267.87927405 37.710
  63 300.394682 -29.573248    30.227    30.230 14 55277.79491268 38.066
  64 300.399991 -29.579353    30.270    30.254  9 55287.71055181 33.183
  65 300.406256 -29.582776    30.421    30.327  6 55297.62618817 39.375
  66 300.408598 -29.583645    30.389    30.388  4 55307.54183083 39.322
  67 300.406393 -29.582489    30.402    30.396  5 55317.45747706 49.766
  68 300.403765 -29.582021    30.423    30.462  7 55327.37312195 32.696
  69 300.400964 -29.579801    30.009    29.984  9 55337.28876533 37.106
  70 300.400838 -29.580149    30.098    30.113  9 55347.20440880 45.886
  71 300.401351 -29.580088    29.613    29.627  8 55357.12005064 30.035
  72 300.402040 -29.580605    29.365    29.266  8 55367.03569051 36.477
  73 300.402878 -29.580923    29.048    29.050  7 55376.95132898 52.905
  74 300.404853 -29.582346    29.197    29.152  6 55386.86696708 33.311
  75 300.407546 -29.583541    29.229    29.237  5 55396.78260453 34.961
  76 300.409616 -29.583703    29.380    29.378  4 55406.69824705 48.131
  77 300.408289 -29.583885    29.124    29.124  4 55416.61389820 39.584
  78 300.405945 -29.582462    29.010    29.006  6 55426.52954571 40.184
  79 300.403652 -29.581434    28.556    28.556  7 55436.44519046 53.942
  80 300.400776 -29.579394    28.673    28.673  8 55446.36083348 49.730
  81 300.399492 -29.578757    28.786    28.794  9 55456.27647616 27.624
  82 300.400726 -29.579691    28.457    28.433  8 55466.19211859 31.124
  83 300.404699 -29.581637    28.885    28.873  7 55476.10775834 30.461
  84 300.409041 -29.583404    29.199    29.186  4 55486.02339496 42.233
  85 300.411124 -29.583289    28.903    28.828  4 55495.93902902 50.096
  86 300.411452 -29.583010    28.958    28.895  4 55505.85466387 37.517
  87 300.407418 -29.582654    28.884    28.971  5 55515.77031437 30.206
  88 300.405458 -29.582861    28.508    28.501  6 55525.68596444 37.717
  89 300.402460 -29.579991    28.734    28.640  7 55535.60161187 30.844
  90 300.400781 -29.580050    29.688    29.688  9 55545.51725798 54.145
  91 300.397679 -29.578207    29.809    29.843 10 55555.43290161 34.532
  92 300.393529 -29.572594    29.328    29.366 15 55565.34854328 31.141
  93 300.397232 -29.576810    29.086    29.093  9 55575.26418675 56.363
  94 300.402327 -29.580468    29.265    29.262  7 55585.17982842 51.983
  95 300.407352 -29.583177    29.709    29.719  4 55595.09546651 51.129
  96 300.410021 -29.583627    29.697    29.678  3 55605.01110060 53.350
  97 300.411028 -29.582555    30.318    30.312  3 55614.92673237 52.616
  98 300.410885 -29.583185    30.452    30.456  3 55624.84237245 50.318
  99 300.407809 -29.583149    30.351    30.363  4 55634.75802497 48.632
 100 300.406063 -29.582138    30.738    30.749  5 55644.67367529 32.368
 101 300.405612 -29.581999    30.889    30.907  5 55654.58932312 47.328
 102 300.405387 -29.582058    30.853    30.848  6 55664.50496643 38.423
 103 300.403882 -29.580956    30.632    30.625  6 55674.42060616 31.553
 104 300.403010 -29.580338    30.369    30.370  7 55684.33624412 47.854
 105 300.405204 -29.581843    29.781    29.714  5 55694.25188128 45.381
 106 300.409471 -29.583652    29.427    29.370  4 55704.16751717 35.938
 107 300.409545 -29.583411    29.099    29.047  4 55714.08316254 48.356
 108 300.405859 -29.581672    29.022    29.127  5 55723.99881029 44.924
 109 300.402211 -29.580658    29.060    29.059  7 55733.91445640 28.380
 110 300.399672 -29.579341    29.067    29.071 10 55743.83010147 27.119
 111 300.400288 -29.579920    29.372    29.323  9 55753.74574599 46.135
 112 300.404233 -29.581751    29.248    29.259  6 55763.66138887 32.995
 113 300.407879 -29.582842    29.761    29.765  4 55773.57702886 45.416
 114 300.409965 -29.583953    30.180    30.185  4 55783.49266534 48.406
 115 300.410176 -29.583063    30.058    30.061  4 55793.40829856 46.260
 116 300.410966 -29.582696    30.356    30.353  3 55803.32393389 47.798
 117 300.409915 -29.583880    30.140    30.135  3 55813.23958339 51.647
 118 300.410367 -29.583837    29.977    29.973  3 55823.15523087 54.776
 119 300.411621 -29.583316    29.382    29.387  3 55833.07087355 42.694
 120 300.412247 -29.582528    29.504    29.505  4 55842.98651192 38.848
 121 300.412336 -29.582632    29.550    29.550  4 55852.90214764 52.915
 122 300.412045 -29.582640    29.846    29.827  3 55862.81778323 45.517
 123 300.407420 -29.582833    29.807    29.822  5 55872.73343748 45.196
 124 300.406551 -29.582701    29.354    29.357  5 55882.64908718 41.666
 125 300.407341 -29.582903    29.684    29.692  5 55892.56473072 40.881
 126 300.409479 -29.584211    29.307    29.300  3 55902.48036898 45.212
 127 300.410012 -29.584308    29.011    29.010  4 55912.39600525 43.358
 128 300.402365 -29.580097    28.838    28.872  7 55922.31165836 41.299
 129 300.399798 -29.578743    28.420    28.426  8 55932.22730946 55.792
 130 300.401777 -29.580014    28.493    28.495  8 55942.14295722 40.401
 131 300.404562 -29.581666    28.627    28.625  7 55952.05860065 28.646
 132 300.405401 -29.582501    29.109    29.117  6 55961.97424031 35.442
 133 300.403784 -29.580969    28.764    28.730  6 55971.88987740 53.660
 134 300.405270 -29.582534    28.674    28.593  6 55981.80551432 34.584
 135 300.409310 -29.583041    29.061    29.056  4 55991.72114996 30.281
 136 300.409913 -29.583028    28.770    28.722  3 56001.63679732 36.844
 137 300.408849 -29.583803    29.054    29.140  4 56011.55244798 33.391
 138 300.405783 -29.582553    28.598    28.593  6 56021.46809421 46.358
 139 300.402028 -29.581031    28.598    28.609  8 56031.38373708 26.041
 140 300.399323 -29.578798    29.017    29.020  9 56041.29937758 28.853
 141 300.400903 -29.579853    29.314    29.312  9 56051.21501656 49.805
 142 300.405465 -29.581854    29.404    29.355  6 56061.13065315 46.527
 143 300.410042 -29.583616    29.294    29.290  4 56071.04629123 41.910
 144 300.406891 -29.582942    28.939    28.948  5 56080.96194088 52.683
 145 300.402528 -29.580653    29.297    29.300  7 56090.87758764 53.813
 146 300.400343 -29.579811    29.763    29.734  8 56100.79323264 48.132
 147 300.401070 -29.579950    30.208    30.180  8 56110.70886416 31.504
 148 300.405843 -29.582694    29.903    29.899  6 56120.62450491 36.216
 149 300.410768 -29.583652    29.534    29.532  4 56130.54014171 43.228
 150 300.412584 -29.581951    29.351    29.346  4 56140.45577521 51.898
 151 300.408489 -29.583485    29.150    29.156  4 56150.37142588 49.201
 152 300.404044 -29.581201    29.226    29.218  6 56160.28707370 33.725
 153 300.403714 -29.581374    28.752    28.751  6 56170.20272071 49.745
 154 300.406250 -29.582452    29.278    29.320  6 56180.11836432 34.670
 155 300.409118 -29.583970    28.965    29.369  3 56190.03400400 44.020
 156 300.409931 -29.583739    28.738    29.090  3 56199.94964031 49.104
 157 300.410692 -29.583877    29.369    29.436  4 56209.86527451 38.327
 158 300.411568 -29.582497    29.162    29.126  4 56219.78090687 35.192
 159 300.409574 -29.583013    29.403    29.411  4 56229.69655602 39.984
 160 300.407508 -29.583375    29.271    29.295  5 56239.61220987 35.699
 161 300.404476 -29.580971    28.587    28.576  6 56249.52785925 40.538
 162 300.404059 -29.581513    28.297    28.282  6 56259.44350456 52.322
 163 300.403752 -29.582011    28.888    29.055  7 56269.35914694 31.115
 164 300.403740 -29.581551    28.958    28.884  7 56279.27478724 27.239
 165 300.401551 -29.580778    29.018    29.028  8 56289.19043731 36.460
 166 300.401366 -29.580344    28.776    28.709  8 56299.10608565 43.637
 167 300.402409 -29.580843    29.351    29.344  7 56309.02173026 54.502
 168 300.402865 -29.581315    28.477    28.504  7 56318.93737256 44.051
 169 300.400940 -29.579335    28.691    28.828  8 56328.85301335 24.825
 170 300.401800 -29.580428    28.287    28.273  7 56338.76865427 36.966
 171 300.405542 -29.582638    29.099    29.100  6 56348.68429376 31.545
 172 300.409794 -29.583041    29.395    29.485  3 56358.59993002 41.741
 173 300.406744 -29.582574    29.855    29.854  5 56368.51558075 38.802
 175 300.398275 -29.579331    29.260    29.250 10 56388.34687308 52.803
 176 300.394754 -29.573728    29.686    29.679 15 56398.26251482 55.677
 177 300.399130 -29.579230    30.026    30.025 10 56408.17815679 54.205
 178 300.403933 -29.581971    29.627    29.617  7 56418.09379406 56.002
 179 300.409607 -29.583857    29.488    29.414  4 56428.00942651 36.509
 180 300.404100 -29.581203    29.886    29.899  6 56437.92507888 44.223
 181 300.399744 -29.579390    29.432    29.401 10 56447.84072917 46.167
 182 300.397864 -29.578562    29.724    29.725 11 56457.75637787 31.278
 183 300.398075 -29.578617    29.423    29.431 10 56467.67202384 27.607
 184 300.400640 -29.580439    30.767    30.721  9 56477.58766629 46.541
 185 300.403462 -29.580959    31.020    31.006  7 56487.50330479 34.997
 186 300.406260 -29.582059    30.707    30.636  5 56497.41894058 46.265
 187 300.409548 -29.583325    30.363    30.361  4 56507.33457499 53.069
 188 300.411812 -29.582532    29.801    29.703  4 56517.25021108 41.127
 189 300.409986 -29.583600    29.282    29.269  3 56527.16586488 40.462
 190 300.408563 -29.583136    28.985    28.965  4 56537.08151418 52.351
 192 300.403811 -29.581766    28.701    28.655  7 56556.91280238 39.449
 193 300.401878 -29.580551    28.877    28.933  8 56566.82844451 29.094
 194 300.402153 -29.580201    28.856    28.886  8 56576.74408597 37.175
 195 300.406480 -29.582678    29.097    29.133  6 56586.65972518 32.608
 196 300.409720 -29.583957    29.353    29.379  4 56596.57536567 44.733
 197 300.405064 -29.581603    29.412    29.406  6 56606.49101741 34.232
 198 300.402284 -29.581200    29.074    29.033  8 56616.40666467 28.718
 199 300.401492 -29.580585    28.847    28.803  8 56626.32230840 37.875
 200 300.402947 -29.580569    29.187    29.145  7 56636.23794948 29.222
 201 300.407111 -29.582828    28.948    28.946  4 56646.15359033 43.098
 202 300.404228 -29.581047    28.748    28.734  6 56656.06924203 49.551
 203 300.402690 -29.580980    28.673    28.675  7 56665.98488987 55.377
 204 300.400623 -29.579746    29.112    29.079  8 56675.90053506 49.680
 205 300.399341 -29.578693    28.809    28.842  9 56685.81617950 28.193
 206 300.401019 -29.580100    29.160    29.197  9 56695.73182286 26.673
 207 300.404971 -29.581252    29.093    29.160  6 56705.64746189 44.470
 208 300.410469 -29.583865    29.284    29.278  3 56715.56309584 35.540
 209 300.404269 -29.582114    28.572    28.500  7 56725.47874884 31.466
 210 300.394871 -29.573671    28.941    28.992 15 56735.39439627 27.431
 211 300.392742 -29.574814    29.438    29.461 15 56745.31004258 38.907
 212 300.393641 -29.573252    29.578    29.506 15 56755.22568409 32.131
 213 300.402338 -29.580290    29.780    29.761  8 56765.14132222 30.116
 214 300.406880 -29.582813    29.491    29.491  5 56775.05696072 44.110
 215 300.399583 -29.578585    30.294    30.292  9 56784.97261551 46.885
 216 300.392434 -29.574392    30.071    30.057 16 56794.88826689 31.270
 217 300.390872 -29.576391    29.841    29.875 16 56804.80391638 36.665
 218 300.392615 -29.575242    30.165    30.150 16 56814.71955872 41.366
 219 300.398390 -29.578879    30.442    30.425 10 56824.63519894 31.518
 220 300.403271 -29.580489    30.839    30.781  7 56834.55083481 34.052
 221 300.408398 -29.583490    31.067    31.114  5 56844.46646751 42.885
 222 300.406518 -29.582201    30.958    31.044  5 56854.38211122 39.715
 223 300.402228 -29.580372    30.758    30.756  7 56864.29776373 54.961
 224 300.400147 -29.579631    30.561    30.551  8 56874.21341586 37.788
 225 300.399197 -29.578890    30.359    30.342 10 56884.12906489 38.971
 226 300.398789 -29.578777    29.719    29.726  9 56894.04471088 27.519
 227 300.394201 -29.572916    29.560    29.543 15 56903.96035218 34.989
 228 300.393180 -29.575293    29.453    29.440 15 56913.87599372 27.246
 229 300.393210 -29.575005    29.301    29.242 16 56923.79163340 48.025
 230 300.399090 -29.579644    29.496    29.582 10 56933.70727229 31.540
 231 300.406690 -29.582031    30.504    30.438  5 56943.62290575 41.169
 232 300.408433 -29.583864    30.042    29.996  4 56953.53855349 47.934
 233 300.404160 -29.582013    29.314    29.316  7 56963.45420353 29.922
 234 300.400271 -29.580438    29.279    29.303  9 56973.36984864 26.429
 235 300.399681 -29.579643    29.239    29.260  9 56983.28548974 26.786
 236 300.404344 -29.580887    29.322    29.343  6 56993.20112678 31.415
 237 300.411094 -29.583118    29.335    29.333  3 57003.11676404 33.930
 238 300.408827 -29.584103    29.675    29.651  4 57013.03242060 38.284
 239 300.404239 -29.581408    29.495    29.478  6 57022.94807094 54.152
 240 300.400141 -29.579765    30.072    30.107  9 57032.86371920 33.864
 241 300.398712 -29.579484    29.775    29.773 10 57042.77936593 27.826
 242 300.399390 -29.578998    29.519    29.522  9 57052.69501065 27.841
 243 300.403918 -29.582046    29.370    29.385  7 57062.61065203 52.017
 244 300.407419 -29.583188    29.304    29.332  4 57072.52628768 34.580
 245 300.409657 -29.583331    29.229    29.211  3 57082.44191894 42.785
 246 300.405547 -29.582315    29.748    29.640  6 57092.35756500 48.764
 247 300.397946 -29.578673    29.230    29.222 10 57102.27322070 28.447
 248 300.394479 -29.574944    29.162    29.151 15 57112.18887296 53.720
 249 300.398600 -29.579169    28.835    28.818 10 57122.10452149 47.963
 250 300.401208 -29.580539    28.784    28.768  8 57132.02016368 52.117
 251 300.403143 -29.581319    29.134    29.131  7 57141.93580080 27.573
 252 300.404545 -29.581571    29.083    29.041  7 57151.85143491 37.122
 253 300.409518 -29.584095    29.182    29.183  4 57161.76706646 47.371
 254 300.405754 -29.582426    29.483    29.389  6 57171.68272299 39.706
 255 300.404019 -29.580854    29.664    29.639  6 57181.59837723 39.076
 256 300.403366 -29.581287    29.471    29.392  7 57191.51402806 30.510
 257 300.400909 -29.579966    29.695    29.714  9 57201.42967518 42.744
 258 300.398574 -29.578593    29.736    29.773  9 57211.34530840 29.811
 259 300.398889 -29.579022    30.200    30.200  9 57221.26095181 34.636
 260 300.400752 -29.579160    30.775    30.799  8 57231.17659387 36.096
 261 300.404331 -29.581475    30.623    30.652  7 57241.09223406 40.069
 262 300.407643 -29.583019    30.075    30.029  5 57251.00787140 40.755
 263 300.409712 -29.583908    29.742    29.750  3 57260.92350663 42.114
 264 300.410724 -29.583617    29.214    29.145  3 57270.83914062 38.835
 265 300.405727 -29.582063    28.608    28.619  5 57280.75479478 42.024
 266 300.402629 -29.580807    29.018    29.056  7 57290.67044983 29.807
 267 300.401700 -29.580695    28.656    28.682  8 57300.58610235 34.837
 268 300.401161 -29.579866    29.047    29.026  8 57310.50175119 28.444
 269 300.399407 -29.579231    29.240    29.229  9 57320.41739649 28.464
 270 300.394276 -29.572614    29.401    29.423 15 57330.33303737 35.063
 271 300.394514 -29.572749    29.605    29.582 15 57340.24867779 36.024
 272 300.394390 -29.574001    29.995    30.010 15 57350.16432797 34.887
 273 300.398996 -29.578633    30.695    30.688  9 57360.07997445 50.888
 274 300.402536 -29.580796    30.997    31.017  7 57369.99561722 44.501
 275 300.403355 -29.580673    31.195    31.208  7 57379.91125719 34.013
 276 300.404391 -29.581413    31.658    31.646  7 57389.82689647 39.775
 277 300.407016 -29.582619    31.641    31.515  5 57399.74253518 48.278
 278 300.409688 -29.582887    31.472    31.465  4 57409.65817466 47.546
 279 300.407017 -29.582914    31.430    31.488  4 57419.57382775 38.947
 280 300.402785 -29.581260    30.980    30.959  7 57429.48947776 42.726
 281 300.397596 -29.577787    30.533    30.564 10 57439.40512485 39.399
 282 300.394259 -29.574785    30.627    30.660 15 57449.32077075 30.942
 283 300.394169 -29.574638    30.871    30.904 15 57459.23641596 31.766
 284 300.399275 -29.579642    31.174    31.191 10 57469.15205933 36.341
 285 300.403801 -29.580905    30.887    30.965  7 57479.06769783 41.956
 286 300.408357 -29.583826    30.909    30.942  4 57488.98333347 37.829
 287 300.411013 -29.583399    30.758    30.709  4 57498.89896647 40.829
 288 300.410882 -29.583935    30.564    30.562  4 57508.81460884 46.408
 289 300.405744 -29.582290    30.240    30.124  5 57518.73026412 35.800
 290 300.402904 -29.580648    30.064    30.086  7 57528.64591688 28.370
 291 300.402509 -29.580493    29.938    29.920  8 57538.56156714 30.957
 292 300.402141 -29.580640    30.352    30.349  7 57548.47721471 51.328
 293 300.400916 -29.580262    30.629    30.633  8 57558.39286046 45.472
 294 300.399142 -29.578613    30.181    30.107  9 57568.30850479 42.087
 295 300.399961 -29.579834    30.047    30.044  9 57578.22414920 27.811
 296 300.401355 -29.580149    29.714    29.695  9 57588.13979192 28.829
 297 300.402402 -29.580121    29.443    29.427  7 57598.05543204 31.374
