#  226.236  -1.602  20.290 ;Mean Elev.(m), Avg Gradient(m/km), RMS Gradient(m/km) - SRTM1     
#  212.020  -1.867  21.054 ;Mean Elev.(m), Avg Gradient(m/km), RMS Gradient(m/km) - ASTER GDEM
#  226.722  -1.792  20.426 ;Mean Elev.(m), Avg Gradient(m/km), RMS Gradient(m/km) - GMTED2010 
   3 305.995397 -23.509648   317.935   317.862  9 54681.83985162  4.414
   4 305.996145 -23.508614   315.870   316.407  9 54691.75549388 13.728
   5 305.995758 -23.499273   309.475   307.269  3 54701.67113220  4.243
   6 305.996729 -23.498753   318.430   317.826  3 54711.58677985  0.429
   7 305.996737 -23.503488   310.608   318.275  5 54721.50243219  5.141
   8 305.993111 -23.504347   320.099   319.597  4 54731.41808075  1.417
   9 305.993552 -23.513736   313.186   313.842 12 54741.33372961  7.890
  11 305.988132 -23.503472   311.096   312.160  3 54761.16502004  4.157
  12 305.994417 -23.513266   322.236   323.162  9 54771.08066648  1.513
  13 305.994452 -23.509068   321.300   321.351  9 54780.99630643  1.856
  14 305.991611 -23.499425   326.259   326.259  2 54790.91194267  0.528
  15 305.997989 -23.511703   318.644   318.952  6 54800.82758337  1.692
  16 305.997196 -23.506952   320.789   321.196  8 54810.74322031  3.482
  17 305.997401 -23.503993   225.542   225.576  8 54820.65886033 16.671
  18 305.996683 -23.506784   225.411   225.443  8 54830.57451381 26.106
  19 305.994735 -23.509815   226.626   226.543 10 54840.49015373 52.223
  20 305.994850 -23.519927   318.156   318.912  9 54850.40580531  3.835
  21 305.995264 -23.528303   226.424   226.430 12 54860.32145590 52.668
  22 305.995228 -23.531109   226.627   226.629 13 54870.23710517 54.510
  23 305.995543 -23.528665   226.603   226.633 11 54880.15275201 47.469
  24 305.994866 -23.520814   227.374   227.340  9 54890.06839436 53.836
  25 305.993096 -23.514796   226.503   226.514 12 54899.98403385 24.582
  26 305.995150 -23.522255   226.517   226.546  9 54909.89967442 50.011
  27 305.995026 -23.523973   226.755   226.741 10 54919.81531258 42.690
  28 305.995033 -23.519933   226.771   226.660  9 54929.73094945 25.031
  29 305.995316 -23.510319   227.187   227.157  9 54939.64658429 50.292
  30 305.997436 -23.503779   226.280   226.267  7 54949.56221829 43.707
  31 305.996420 -23.496574   284.318   284.258  3 54959.47785526  2.025
  32 305.997100 -23.504468   226.275   226.315  7 54969.39350549 53.492
  33 305.995577 -23.506770   226.655   226.719  8 54979.30915294 54.477
  34 305.993162 -23.505120   297.897   305.211  6 54989.22479915  3.996
  35 305.994581 -23.509592   226.119   226.137 10 54999.14044689 25.186
  36 305.994570 -23.510271   226.628   226.598 10 55009.05609187 53.949
  37 305.994355 -23.510164   226.505   226.563  9 55018.97173494 53.974
  38 305.994411 -23.512539   226.794   226.798 10 55028.88737737 51.507
  39 305.994205 -23.513888   317.811   317.580 11 55038.80301921  6.224
  40 305.994661 -23.511275   226.987   227.023 11 55048.71865934 26.866
  41 305.996554 -23.506759   226.591   226.620  8 55058.63429730 22.580
  42 305.996241 -23.498742   323.529   324.344  3 55068.54993475  1.573
  43 305.996949 -23.504776   226.510   226.516  8 55078.46558617 48.456
  44 305.995168 -23.509767   227.551   227.482  9 55088.38123474 46.025
  45 305.993560 -23.514371   227.172   227.323 11 55098.29688160 27.033
  46 305.994906 -23.519894   226.676   226.686  9 55108.21252822 55.415
  47 305.994018 -23.514199   226.331   226.368 11 55118.12817140 54.374
  48 305.995126 -23.510976   229.164   229.160 10 55128.04381292 53.532
  49 305.995343 -23.508309   227.271   227.251  9 55137.95945241 52.655
  50 305.995808 -23.508970   227.426   227.444  9 55147.87509120 48.810
  51 305.995763 -23.508361   227.277   227.215 10 55157.79072944 26.771
  52 305.996140 -23.506819   228.175   228.180  9 55167.70636761 40.274
  53 305.996891 -23.503994   311.769   312.177  8 55177.62200508 15.064
  54 305.997024 -23.504138   229.217   229.203  8 55187.53764994 50.540
  55 305.995273 -23.508252   228.855   228.853  9 55197.45330214 33.997
  56 305.993158 -23.512457   229.562   229.565 11 55207.36895303 51.935
  58 305.995318 -23.525018   229.491   229.459 10 55227.20025370 55.035
  59 305.995186 -23.522625   228.607   228.592  9 55237.11589892 33.805
  60 305.993477 -23.514465   228.917   228.873 12 55247.03153925 53.219
  61 305.993086 -23.512503   227.482   227.502 11 55256.94717851 37.450
  62 305.993083 -23.514170   228.107   228.093 11 55266.86281771 32.621
  63 305.994638 -23.518501   315.898   315.776  8 55276.77845718  2.596
  64 305.994411 -23.513140   227.711   227.713 11 55286.69409362 36.467
  65 305.996464 -23.507392   228.504   228.530  9 55296.60972800 43.762
  66 305.997501 -23.504587   226.724   226.733  8 55306.52536854 29.170
  67 305.996569 -23.506556   227.261   227.290  8 55316.44101587 33.036
  68 305.995211 -23.508823   226.640   226.632  9 55326.35666161 25.945
  69 305.994910 -23.511426   226.557   226.505 10 55336.27230612 34.092
  70 305.994574 -23.511301   226.787   226.752 10 55346.18794942 45.674
  71 305.995149 -23.511392   226.653   226.635 10 55356.10359153 54.358
  72 305.994909 -23.509599   226.814   226.773  9 55366.01923112 48.306
  73 305.995863 -23.509938   226.120   226.068  9 55375.93486983 25.611
  74 305.996125 -23.507660   226.290   226.285  9 55385.85050718 47.189
  75 305.996920 -23.505350   226.668   226.699  8 55395.76614389 27.691
  77 305.996920 -23.504430   226.381   226.366  8 55415.59743573 22.384
  78 305.996414 -23.506949   226.114   226.130  8 55425.51308452 25.617
  79 305.995608 -23.508664   226.424   226.449 10 55435.42873033 52.219
  80 305.994272 -23.510029   226.210   226.192 10 55445.34437447 29.674
  81 305.994096 -23.512390   226.364   226.330 11 55455.26001783 52.282
  82 305.995325 -23.513776   316.121   319.124  8 55465.17566028  2.403
  83 305.995563 -23.507753   227.153   227.099  9 55475.09129828 53.304
  84 305.997683 -23.504897   315.988   318.315  7 55485.00693407 13.353
  85 305.998206 -23.501386   227.950   227.891  6 55494.92256763 23.841
  86 305.998969 -23.500618   226.914   226.831  6 55504.83820116 30.545
  88 305.996126 -23.506969   226.784   226.827  8 55524.66950289 24.414
  89 305.995541 -23.509250   227.092   227.098 10 55534.58515167 30.488
  90 305.994958 -23.511642   227.302   227.283 10 55544.50079859 27.638
  91 305.994138 -23.513991   226.873   226.917 11 55554.41644346 46.823
  92 305.992923 -23.513961   226.254   226.247 11 55564.33208660 50.951
  93 305.993749 -23.512994   226.887   226.844 10 55574.24772890 53.024
  94 305.995061 -23.509898   227.867   227.852 10 55584.16336914 52.671
  95 305.996665 -23.506503   227.084   227.156  8 55594.07900591 27.691
  96 305.996047 -23.499430   313.866   312.094  4 55603.99463831  4.852
  97 305.998678 -23.501139   227.553   227.467  6 55613.91027091 49.591
  98 305.998995 -23.501049   227.825   227.810  5 55623.82590889 24.053
  99 305.994155 -23.498008   321.457   321.457  2 55633.74156094  1.732
 100 305.996425 -23.506498   229.058   229.009  9 55643.65721378 33.357
 101 305.995905 -23.506428   317.829   319.351  7 55653.57286180  3.270
 102 305.996047 -23.507275   322.468   322.678  8 55663.48850562  2.292
 103 305.996155 -23.509607   227.475   227.353  9 55673.40414649 40.609
 104 305.995577 -23.509386   227.185   227.329 10 55683.31978494 26.726
 105 305.996423 -23.507685   226.967   226.896  9 55693.23542158 52.784
 107 305.998087 -23.502745   226.438   226.440  7 55713.06669963 53.294
 108 305.996509 -23.505597   226.590   226.526  8 55722.98234872 52.506
 109 305.995500 -23.510092   226.474   226.476 10 55732.89799635 47.058
 110 305.994603 -23.511713   317.384   317.739 11 55742.81364236  5.382
 111 305.995084 -23.512346   226.662   226.696 10 55752.72928721 30.552
 112 305.995422 -23.507743   316.790   318.039  9 55762.64492881  4.527
 113 305.996668 -23.505131   227.214   227.391  8 55772.56056814 25.877
 114 305.997512 -23.504043   227.507   227.544  7 55782.47620429 27.329
 115 305.998301 -23.503367   226.667   226.655  7 55792.39183771 32.652
 116 306.001696 -23.506519   312.391   312.391  2 55802.30747226  2.115
 117 305.997719 -23.501833   226.529   226.515  7 55812.22312055 54.705
 118 305.997769 -23.502076   226.276   226.313  7 55822.13876849 18.940
 119 305.998495 -23.500979   226.165   226.118  6 55832.05441140 53.452
 120 305.999175 -23.500103   226.320   226.270  5 55841.97004991 38.296
 121 305.997695 -23.496416   314.497   314.576  3 55851.88568488  0.793
 122 305.999579 -23.499556   309.544   305.953  5 55861.80131973  7.520
 123 305.997611 -23.505229   318.234   318.406  8 55871.71697527  3.534
 124 305.996993 -23.505954   226.775   226.788  8 55881.63262587 40.536
 125 305.997190 -23.505344   227.044   226.917  8 55891.54826974 39.490
 127 305.998322 -23.502565   227.040   226.999  7 55911.37954152 51.686
 128 305.995655 -23.508798   226.788   226.770  9 55921.29519736 45.467
 129 305.994226 -23.509800   226.600   226.618 10 55931.21084941 51.545
 130 305.995041 -23.509456   226.920   226.950 10 55941.12649733 51.874
 131 305.996186 -23.509168   227.269   227.262  9 55951.04214070 49.578
 132 305.996272 -23.509286   227.368   227.310  9 55960.95778025 37.557
 133 305.995398 -23.508707   226.473   226.405  9 55970.87341757 52.866
 134 305.995987 -23.507636   226.303   226.238  9 55980.78905398 39.236
 135 305.997818 -23.503356   226.667   226.722  7 55990.70468889 35.737
 136 305.998307 -23.502187   226.521   226.511  6 56000.62033423 18.172
 137 305.997172 -23.503766   226.860   226.777  8 56010.53598549 21.995
 138 305.996205 -23.507125   226.441   226.384  8 56020.45163306 48.780
 139 305.994431 -23.509554   226.902   226.923 10 56030.36727705 52.366
 140 305.994388 -23.512753   226.683   226.646 10 56040.28291909 48.022
 141 305.995198 -23.511821   226.624   226.689 10 56050.19855800 53.887
 142 305.996331 -23.506695   226.425   226.438  9 56060.11419332 23.417
 143 305.998306 -23.501649   226.483   226.478  7 56070.02982798 46.353
 144 305.997227 -23.505903   226.983   226.933  8 56079.94547907 45.591
 145 305.995556 -23.509804   226.763   226.746 10 56089.86112753 45.658
 146 305.994523 -23.511549   227.970   227.937 11 56099.77677332 51.021
 147 305.995103 -23.511398   227.370   227.347 10 56109.69240507 29.319
 148 305.996459 -23.507493   226.770   226.769  8 56119.60804472 26.609
 149 305.998172 -23.502492   226.631   226.606  7 56129.52368060 21.249
 150 305.999370 -23.499572   226.094   226.100  5 56139.43931352 32.346
 151 305.996956 -23.503928   226.629   226.623  8 56149.35496346 53.753
 152 305.995852 -23.508073   226.338   226.290  9 56159.27061284 54.230
 153 305.995612 -23.508287   226.520   226.464  9 56169.18626008 47.304
 154 305.996848 -23.507349   226.313   226.285  8 56179.10190388 52.578
 155 305.997110 -23.503789   287.090   286.205  6 56189.01754278  4.785
 156 305.997735 -23.503214   226.254   226.185  7 56198.93317922 37.891
 157 305.998475 -23.503203   226.201   226.188  7 56208.84881338 33.323
 159 305.998270 -23.502001   226.373   226.322  7 56228.68009257 43.650
 160 305.996984 -23.503928   226.449   226.440  8 56238.59574730 20.151
 161 305.996346 -23.506612   226.258   226.223  9 56248.51139843 19.604
 162 305.996285 -23.508757   225.970   225.990  9 56258.42704454 28.752
 163 305.995816 -23.509637   226.608   226.617  9 56268.34268707 45.669
 164 305.995733 -23.509529   226.228   226.151  9 56278.25832757 35.092
 165 305.994815 -23.510478   226.056   226.017  9 56288.17397674 31.463
 166 305.995068 -23.510825   226.206   226.191 10 56298.08962570 40.841
 167 305.994979 -23.509469   226.372   226.375 10 56308.00527030 44.973
 168 305.995172 -23.510254   226.183   226.261  9 56317.92091291 19.687
 169 305.994605 -23.511318   226.307   226.251 11 56327.83655446 45.435
 170 305.994364 -23.509721   227.212   227.037 10 56337.75219468 26.937
 171 305.996267 -23.507845   226.735   226.737  8 56347.66783336 21.444
 172 305.998204 -23.503432   226.704   226.697  7 56357.58346885 49.297
 173 305.997233 -23.506470   315.016   317.858  8 56367.49911906  9.348
 176 305.993206 -23.514186   227.203   227.231 11 56397.24605779 24.685
 177 305.994208 -23.513154   226.642   226.588 11 56407.16169838 52.548
 178 305.995187 -23.508026   225.912   225.958  9 56417.07733429 21.546
 179 305.998281 -23.504318   312.572   311.612  7 56426.99296592 11.037
 180 305.993798 -23.501364   320.815   321.333  4 56436.90861616  1.809
 181 305.994433 -23.511247   226.388   226.378 11 56446.82426952 29.816
 182 305.994054 -23.514863   226.378   226.294 11 56456.73991943 53.212
 183 305.993511 -23.514145   312.603   313.239 12 56466.65556547  9.177
 184 305.994015 -23.511656   319.280   318.857 11 56476.57120726  2.377
 185 305.995444 -23.508947   227.002   227.023  9 56486.48684549 42.183
 186 305.996398 -23.506248   227.198   227.171  9 56496.40248074 20.567
 189 305.997926 -23.502083   226.122   226.070  7 56526.14940164 40.981
 192 305.995617 -23.508528   226.399   226.368 10 56555.89634228 32.145
 193 305.994742 -23.509336   319.700   319.669 10 56565.81198503  6.161
 194 305.995210 -23.509455   226.495   226.471 10 56575.72762670 25.307
 195 305.996914 -23.507179   226.381   226.412  8 56585.64326510 17.527
 197 305.996319 -23.506301   226.252   226.244  9 56605.47455591 18.431
 198 305.995057 -23.509170   226.130   226.143  9 56615.39020451 37.727
 199 305.995025 -23.510403   226.155   226.147 10 56625.30584905 23.301
 200 305.995782 -23.509886   226.542   226.493  9 56635.22149032 51.213
 201 305.997423 -23.506638   226.722   226.717  8 56645.13712800 53.537
 202 305.996364 -23.509013   226.613   226.515  9 56655.05278098 43.083
 203 305.995050 -23.509294   226.468   226.431 10 56664.96842925 20.900
 204 305.994364 -23.510590   226.822   226.789 10 56674.88407538 47.164
 205 305.994268 -23.512252   226.404   226.384 10 56684.79972078 52.133
 206 305.994531 -23.511121   226.779   226.784 10 56694.71536378 53.995
 207 305.996165 -23.507768   226.769   226.786  8 56704.63100209 21.173
 208 305.998257 -23.503499   226.485   226.451  7 56714.54663480 37.598
 209 305.995876 -23.508021   309.668   309.669  8 56724.46228717  1.650
 210 305.993901 -23.514531   226.508   226.420 11 56734.37793877 53.074
 211 305.995489 -23.523884   226.521   226.548 10 56744.29358756 55.894
 212 305.995003 -23.519681   225.986   226.026  8 56754.20922890 54.295
 213 305.995026 -23.509431   226.227   226.228  9 56764.12486339 31.916
 214 305.997526 -23.506046   226.697   226.695  8 56774.04049779 43.250
 215 305.994808 -23.511508   226.204   226.227 10 56783.95615531 45.484
 216 305.995130 -23.522875   225.786   225.810 10 56793.87181083 53.695
 217 305.995502 -23.530062   226.761   226.853 13 56803.78746250 28.393
 218 305.995294 -23.525544   226.727   226.782 11 56813.70310444 24.413
 219 305.993400 -23.514065   226.902   226.771 11 56823.61874142 53.522
 220 305.993926 -23.506921   297.962   306.455  4 56833.53437537  3.648
 221 305.996749 -23.504754   225.713   225.377  8 56843.45000703 19.430
 222 305.996532 -23.504459   225.465   225.416  8 56853.36564868 38.316
 223 305.995412 -23.509419   227.141   227.121 10 56863.28130308 22.821
 224 305.994769 -23.512219   225.893   225.928 10 56873.19695638 53.884
 225 305.993701 -23.511394   319.838   319.578 10 56883.11260573  1.146
 226 305.993743 -23.512556   225.689   225.586 11 56893.02825213 50.385
 227 305.993245 -23.514885   225.466   225.427 11 56902.94389559 47.523
 228 305.995189 -23.523971   225.482   225.500  9 56912.85953896 47.638
 229 305.991115 -23.514063   300.223   300.223  2 56922.77517664  2.346
 230 305.994018 -23.512762   226.816   226.902 11 56932.69081460 24.245
 231 305.997332 -23.506882   225.700   225.703  8 56942.60644658 47.424
 232 305.997674 -23.504732   226.962   227.234  8 56952.52209083 18.957
 233 305.992610 -23.501455   319.781   321.218  4 56962.43774098  2.497
 234 305.994270 -23.511925   226.146   226.152 11 56972.35338937 51.247
 235 305.994600 -23.512628   225.687   225.691 10 56982.26903133 25.147
 236 305.994742 -23.504688   318.925   318.931  3 56992.18466680  1.943
 237 305.999311 -23.501562   226.263   226.264  6 57002.10030013 39.889
 238 305.997359 -23.504822   226.230   226.173  8 57012.01595771 49.985
 239 305.991449 -23.498721   318.672   318.672  2 57021.93160746  2.947
 240 305.994742 -23.512461   226.810   226.838 10 57031.84725954 19.813
 241 305.993995 -23.513290   226.098   226.091 10 57041.76290686 47.268
 242 305.994437 -23.512626   318.082   318.058 11 57051.67855200  5.507
 243 305.995736 -23.509585   226.369   226.324  9 57061.59419251 40.906
 244 305.996356 -23.504697   226.406   226.356  8 57071.50982712 40.067
 245 305.997987 -23.503693   226.808   226.842  7 57081.42545830 43.921
 246 305.997118 -23.507159   226.110   226.152  8 57091.34110248 42.576
 247 305.994231 -23.513206   226.191   226.162 11 57101.25676083 42.573
 248 305.993279 -23.514838   226.117   226.094 11 57111.17241496 30.297
 249 305.994109 -23.512959   226.243   226.260 11 57121.08806269 44.732
 250 305.995272 -23.512087   226.801   226.795 10 57131.00370491 44.328
 251 305.995049 -23.509170   225.816   225.832 10 57140.91934144 43.800
 252 305.995495 -23.507479   225.883   225.918  9 57150.83497521 46.745
 253 305.997615 -23.504026   225.812   225.775  7 57160.75060573 41.041
 254 305.996771 -23.506284   227.455   227.433  8 57170.66626064 19.708
 255 305.993475 -23.501913   311.075   313.709  5 57180.58191473  8.131
 256 305.995329 -23.509192   227.164   227.218  9 57190.49756765 21.009
 257 305.994856 -23.512423   225.620   225.583 10 57200.41321599 55.112
 258 305.994224 -23.514193   226.706   226.673 11 57210.32885004 44.499
 259 305.993901 -23.512816   307.249   309.707 10 57220.24449316 12.624
 260 305.995264 -23.511750   226.269   226.164 10 57230.16013524 53.363
 261 305.995610 -23.507365   225.788   225.743  9 57240.07577424 37.638
 262 305.996763 -23.504574   225.629   225.649  8 57249.99141080 52.534
 263 305.997537 -23.502772   225.379   225.337  7 57259.90704540 46.309
 264 305.996424 -23.497672   313.404   312.435  3 57269.82267826  0.607
 265 305.996763 -23.505870   227.133   227.190  9 57279.73833245 27.326
 266 305.995610 -23.508525   226.920   227.042  9 57289.65398877 20.815
 267 305.994986 -23.509538   317.035   320.318  9 57299.56964198  6.073
 268 305.994954 -23.510314   227.422   227.485 10 57309.48529163 29.243
 269 305.993929 -23.511981   226.627   226.603 11 57319.40093783 47.385
 270 305.993423 -23.515149   226.378   226.321 12 57329.31658114 53.294
 271 305.993374 -23.514573   226.796   226.762 11 57339.23222143 32.344
 272 305.993211 -23.514934   228.102   228.086 12 57349.14787054 35.267
 273 305.994255 -23.512976   227.731   227.743 11 57359.06351587 29.656
 274 305.994959 -23.510038   310.748   309.352  9 57368.97915781  9.584
 275 305.995292 -23.509050   227.407   227.377  9 57378.89479771 45.909
 276 305.996077 -23.508958   305.952   305.146  9 57388.81043668  8.907
 277 305.996868 -23.505844   314.850   314.060  8 57398.72607431  6.040
 278 305.998547 -23.502407   290.918   290.768  7 57408.64171123 23.103
 279 305.997299 -23.505617   227.524   227.569  8 57418.55736552 26.994
 280 305.993188 -23.503663   310.275   308.132  5 57428.47301587  4.294
 281 305.994262 -23.513781   227.340   227.367 11 57438.38866641 54.262
 282 305.994055 -23.517718   310.134   307.998  7 57448.30431393  2.617
 283 305.995207 -23.520702   227.880   227.848  9 57458.21995999 29.607
 284 305.994100 -23.512991   227.837   227.814 11 57468.13560064 42.126
 285 305.996307 -23.509061   227.150   227.120  9 57478.05123831 54.365
 286 305.997553 -23.504924   226.810   226.706  8 57487.96687262 29.296
 287 305.998427 -23.501195   226.625   226.629  7 57497.88250506 41.771
 288 305.998573 -23.501321   227.677   227.633  7 57507.79814482 20.237
 289 305.996640 -23.507137   319.364   319.585  8 57517.71380207 13.723
 290 305.995238 -23.508345   226.743   226.693  9 57527.62945571 35.434
 291 305.995626 -23.509878   312.781   310.093  9 57537.54510677  6.098
 292 305.995044 -23.510024   227.850   227.839  9 57547.46075474 27.962
 293 305.994691 -23.511930   226.905   226.878 10 57557.37640131 34.679
 294 305.993867 -23.512016   226.606   226.552 10 57567.29204610 51.634
 295 305.994429 -23.512598   226.722   226.652 11 57577.20769027 51.251
 296 305.994726 -23.510534   226.566   226.561 10 57587.12333254 26.732
 297 305.995275 -23.509279   226.268   226.267 10 57597.03897264 25.259
