#    8.735  -0.060   1.254 ;Mean Elev.(m), Avg Gradient(m/km), RMS Gradient(m/km) - SRTM1     
#   -1.972   0.170   4.903 ;Mean Elev.(m), Avg Gradient(m/km), RMS Gradient(m/km) - ASTER GDEM
#    9.515  -0.069   1.372 ;Mean Elev.(m), Avg Gradient(m/km), RMS Gradient(m/km) - GMTED2010 
   1 299.431528 -31.701632    67.817    67.278 12 54663.43981095 10.427
   2 299.425332 -31.710647    12.034    12.008 20 54673.35545310 43.872
   3 299.425475 -31.710390    12.022    12.081 20 54683.27109606 28.455
   4 299.430496 -31.705221    12.135    12.053 15 54693.18673918 41.973
   5 299.438838 -31.695817    12.460    12.466  8 54703.10238100 30.965
   6 299.434294 -31.701215    12.336    12.271 12 54713.01802860 29.204
   7 299.425590 -31.710163    12.184    12.227 19 54722.93367682 43.746
   8 299.421031 -31.709451    12.314    11.998 16 54732.84932521 31.308
   9 299.418205 -31.708800    11.988    11.973 14 54742.76497250 28.015
  10 299.417067 -31.709578    12.379    12.305 13 54752.68061946 25.792
  11 299.418233 -31.708213    12.470    12.420 14 54762.59626672 43.950
  12 299.417874 -31.709351    12.443    12.437 14 54772.51191079 36.348
  13 299.418041 -31.709411    12.757    12.713 14 54782.42755208 27.224
  14 299.419067 -31.709593    12.706    12.558 15 54792.34319077 27.962
  15 299.421721 -31.709955    12.870    12.596 17 54802.25882831 27.263
  16 299.424477 -31.711133    13.453    12.474 19 54812.17446553 26.929
  17 299.425900 -31.711475    11.761    11.713 18 54822.09010763 31.196
  18 299.424109 -31.710093    12.135    11.396 18 54832.00574834 29.636
  19 299.421469 -31.709186    11.249    11.263 17 54841.92139882 33.723
  20 299.419233 -31.708520    11.671    11.621 15 54851.83704820 26.740
  21 299.417752 -31.709106    11.943    11.920 14 54861.75269719 25.429
  22 299.417641 -31.708428    11.709    11.691 13 54871.66834649 44.952
  23 299.416817 -31.709224    11.962    11.953 13 54881.58399366 24.236
  24 299.416079 -31.709120    11.996    12.010 13 54891.49963749 25.671
  25 299.413572 -31.710476    12.273    12.285 12 54901.41527773 35.098
  26 299.413058 -31.710202    11.925    11.971 12 54911.33091641 39.369
  27 299.414940 -31.709359    11.975    11.979 12 54921.24655408 25.786
  28 299.418773 -31.708767    11.987    11.944 14 54931.16219128 29.908
  29 299.422307 -31.709749    12.863    11.950 18 54941.07782674 29.190
  30 299.425346 -31.710028    11.575    11.513 19 54950.99346070 53.698
  31 299.424407 -31.711287    12.520    11.462 19 54960.90910068 32.744
  32 299.422914 -31.710269    12.105    11.053 18 54970.82474930 33.798
  33 299.422673 -31.710220    11.297    11.268 17 54980.74039683 48.066
  34 299.423078 -31.710160    11.451    11.557 18 54990.65604409 42.928
  35 299.422382 -31.710015    12.599    11.767 17 55000.57169102 26.496
  36 299.421163 -31.710233    12.099    11.718 17 55010.48733585 26.426
  37 299.421359 -31.708895    12.559    11.929 17 55020.40297939 25.468
  38 299.421735 -31.709269    12.305    12.245 16 55030.31862126 41.496
  39 299.422919 -31.709724    12.644    12.644 17 55040.23426246 56.069
  40 299.426257 -31.709173    12.522    12.492 19 55050.14990270 35.524
  41 299.427306 -31.711308    12.711    12.615 16 55060.06554016 30.727
  42 299.428705 -31.707072    12.803    12.787 17 55069.98118161 48.438
  43 299.422431 -31.710041    12.829    12.405 17 55079.89682981 27.741
  44 299.419234 -31.709006    12.243    12.219 14 55089.81247749 30.336
  45 299.417759 -31.709037    12.458    12.365 13 55099.72812422 28.678
  46 299.418804 -31.708282    12.645    12.600 14 55109.64377084 29.336
  47 299.418906 -31.709832    12.796    12.690 15 55119.55941544 30.387
  48 299.419399 -31.708349    12.769    12.648 15 55129.47505805 29.915
  49 299.417789 -31.709120    13.271    13.238 14 55139.39069784 30.899
  50 299.418326 -31.709016    13.629    13.631 14 55149.30633658 31.783
  51 299.421319 -31.709890    14.323    14.359 17 55159.22197489 32.489
  52 299.425345 -31.710373    14.352    14.326 20 55169.13761310 35.708
  53 299.427725 -31.711672    14.219    14.188 14 55179.05324999 35.980
  54 299.425886 -31.711090    14.416    14.409 18 55188.96889624 35.809
  55 299.422542 -31.709216    14.557    14.583 17 55198.88454730 33.952
  56 299.419820 -31.709368    14.596    14.552 16 55208.80019737 33.050
  57 299.419550 -31.709337    15.059    15.020 16 55218.71584723 45.707
  58 299.418666 -31.710050    14.856    14.809 15 55228.63149603 34.771
  59 299.418712 -31.708029    15.409    15.352 14 55238.54714225 49.771
  60 299.416566 -31.708265    15.570    15.465 12 55248.46278401 42.621
  61 299.413887 -31.709365    14.904    14.885 12 55258.37842290 34.788
  62 299.413454 -31.710525    14.792    14.792 12 55268.29406086 53.326
  63 299.417401 -31.708161    14.402    14.383 13 55278.20969946 39.123
  64 299.420822 -31.709577    14.064    14.051 17 55288.12533602 30.778
  65 299.425250 -31.709460    14.151    14.125 19 55298.04097063 44.800
  66 299.424409 -31.709773    14.245    13.990 18 55307.95661262 31.307
  67 299.421452 -31.708899    13.970    13.965 16 55317.87225864 30.892
  68 299.419775 -31.708444    14.067    14.055 15 55327.78790381 41.972
  69 299.420647 -31.708602    14.048    14.030 16 55337.70354842 43.857
  70 299.422315 -31.709852    13.898    13.863 18 55347.61919234 29.887
  71 299.424000 -31.709422    14.006    13.689 18 55357.53483490 29.383
  72 299.423230 -31.710546    13.607    13.340 18 55367.45047462 30.994
  73 299.423450 -31.710005    12.996    12.964 19 55377.36611314 49.978
  74 299.425106 -31.710025    12.766    12.595 19 55387.28175067 41.910
  75 299.431130 -31.704877    12.439    12.255 15 55397.19738871 39.267
  76 299.437357 -31.697424    14.564    12.797 10 55407.11303320 30.675
  77 299.427069 -31.711049    12.848    12.770 16 55417.02868024 37.026
  78 299.423049 -31.710273    12.422    12.403 18 55426.94432747 47.012
  79 299.420162 -31.708654    12.318    12.283 15 55436.85997256 30.017
  80 299.418835 -31.708029    12.171    12.050 14 55446.77561662 49.086
  81 299.419186 -31.708647    12.058    12.077 15 55456.69126021 28.781
  82 299.420954 -31.709225    12.097    12.018 17 55466.60690325 30.701
  83 299.422778 -31.709917    13.315    12.271 18 55476.52254306 29.213
  84 299.423523 -31.710729    12.658    12.206 18 55486.43817947 34.090
  85 299.424504 -31.709597    14.025    12.323 19 55496.35381392 28.850
  86 299.424810 -31.711198    12.128    12.104 19 55506.26944903 55.352
  87 299.423829 -31.710700    13.150    12.021 19 55516.18509946 28.632
  88 299.423961 -31.711534    11.838    11.787 17 55526.10074890 55.465
  89 299.424514 -31.709874    11.672    11.655 18 55536.01639692 42.566
  90 299.422796 -31.709670    12.478    12.378 18 55545.93204258 31.972
  91 299.420329 -31.709976    12.590    12.596 16 55555.84768642 24.489
  92 299.419679 -31.709607    12.909    12.892 16 55565.76332986 44.613
  93 299.421099 -31.709709    12.414    12.408 17 55575.67897273 30.739
  94 299.423091 -31.709162    12.539    12.505 18 55585.59461402 38.088
  95 299.423493 -31.710868    13.354    12.890 18 55595.51025128 27.887
  96 299.424438 -31.710078    13.193    12.897 18 55605.42588563 40.425
  97 299.425263 -31.710693    14.009    13.330 20 55615.34151729 29.435
  98 299.425337 -31.711293    13.663    13.408 20 55625.25715741 30.141
  99 299.423966 -31.710574    13.776    13.651 19 55635.17280927 31.062
 100 299.423762 -31.709513    13.895    13.757 18 55645.08845917 30.421
 101 299.422653 -31.709872    13.911    13.775 17 55655.00410597 30.660
 102 299.421722 -31.709662    14.084    13.986 16 55664.91974852 30.848
 103 299.421163 -31.709040    14.154    14.125 17 55674.83538841 32.312
 104 299.421600 -31.709400    14.097    14.053 16 55684.75102671 31.839
 105 299.424382 -31.709909    14.051    14.077 19 55694.66666394 29.050
 106 299.432627 -31.703272    13.498    13.434 14 55704.58230165 33.863
 107 299.433652 -31.701786    12.901    12.915 12 55714.49794871 38.266
 108 299.425689 -31.711259    13.257    13.106 18 55724.41359479 36.626
 109 299.423476 -31.710473    13.739    13.681 18 55734.32924129 29.175
 110 299.422618 -31.709823    12.230    12.235 17 55744.24488648 40.675
 111 299.422734 -31.709809    12.812    12.517 17 55754.16053019 28.938
 112 299.423794 -31.710156    12.391    12.534 19 55764.07617164 45.534
 113 299.424081 -31.711109    13.253    12.644 19 55773.99181025 28.675
 114 299.424581 -31.710220    13.060    13.058 18 55783.90744617 47.448
 115 299.426466 -31.709372    13.451    12.991 19 55793.82308009 32.621
 116 299.431685 -31.704060    13.211    13.363 15 55803.73871833 34.341
 117 299.426932 -31.711030    13.399    13.454 16 55813.65436659 34.772
 118 299.428461 -31.706885    13.565    13.571 17 55823.57001562 46.027
 119 299.425446 -31.711443    13.397    13.292 18 55833.48565774 32.553
 120 299.426423 -31.709594    13.468    13.117 19 55843.40129716 31.301
 121 299.426964 -31.710794    12.831    12.956 16 55853.31693274 31.739
 122 299.434514 -31.700833    13.395    13.405 12 55863.23257153 45.354
 123 299.428755 -31.706446    13.014    12.975 17 55873.14822381 32.167
 124 299.425946 -31.711101    13.134    13.066 18 55883.06387149 53.542
 125 299.428299 -31.707631    12.995    13.022 17 55892.97951506 40.275
 126 299.432564 -31.702682    12.705    12.713 13 55902.89515377 30.085
 127 299.435505 -31.699314    12.563    12.590 10 55912.81079194 27.414
 128 299.424524 -31.711043    12.260    12.255 19 55922.72644360 45.113
 129 299.422493 -31.709936    12.190    12.222 17 55932.64209568 35.475
 130 299.421304 -31.709004    11.752    11.704 17 55942.55774347 49.310
 131 299.419623 -31.709370    12.090    11.989 15 55952.47338640 22.804
 132 299.418735 -31.709664    12.343    12.282 15 55962.38902578 46.278
 133 299.419961 -31.709189    12.130    12.149 15 55972.30466315 26.447
 134 299.423426 -31.709625    12.640    11.987 18 55982.22029912 30.941
 135 299.427319 -31.711499    12.668    12.069 14 55992.13593324 27.495
 136 299.428853 -31.707049    12.105    12.118 17 56002.05158144 42.794
 137 299.423540 -31.709836    11.999    11.959 18 56011.96723003 47.920
 138 299.421032 -31.709017    11.868    11.872 16 56021.88287616 31.690
 139 299.419903 -31.709323    11.921    11.901 16 56031.79851950 29.151
 140 299.421578 -31.709426    12.214    12.216 17 56041.71416117 27.837
 141 299.424018 -31.710192    12.413    12.420 18 56051.62980023 31.669
 142 299.426833 -31.711102    12.574    12.596 16 56061.54543644 35.830
 143 299.433653 -31.701537    12.478    12.551 12 56071.46107743 34.428
 144 299.425138 -31.710740    12.477    12.235 19 56081.37672493 37.936
 145 299.422904 -31.711074    12.503    12.477 18 56091.29237196 48.007
 146 299.423491 -31.710116    12.805    12.712 18 56101.20801705 51.145
 147 299.423593 -31.710850    13.147    12.780 18 56111.12364759 29.106
 148 299.424371 -31.710851    13.362    13.393 19 56121.03928662 40.738
 149 299.426390 -31.709169    13.269    13.223 19 56130.95492258 44.503
 150 299.428634 -31.707075    13.067    13.011 17 56140.87055749 50.836
 151 299.423788 -31.710536    12.982    12.768 19 56150.78620746 33.588
 152 299.424058 -31.709379    12.971    12.846 18 56160.70185711 34.295
 153 299.424390 -31.709813    12.506    12.512 19 56170.61750482 43.467
 154 299.424271 -31.709931    13.065    12.726 19 56180.53314851 31.597
 155 299.423293 -31.710124    11.853    11.874 18 56190.44878799 51.977
 156 299.423071 -31.710190    11.788    11.721 18 56200.36442450 37.627
 157 299.425432 -31.711565    13.962    12.771 18 56210.28005843 33.258
 158 299.439848 -31.695089    14.638    12.258  8 56220.19569506 27.595
 159 299.439678 -31.695368    14.820    12.337  8 56230.11134474 23.870
 160 299.433700 -31.701450    12.362    12.399 12 56240.02699620 31.597
 161 299.425221 -31.710892    12.871    12.290 20 56249.94264312 35.874
 162 299.423785 -31.709964    12.376    11.982 18 56259.85828812 28.011
 163 299.423856 -31.709928    11.860    11.820 19 56269.77393069 38.320
 164 299.424601 -31.710574    14.550    14.536 19 56279.68957152 28.982
 165 299.422914 -31.709910    12.589    12.643 18 56289.60522322 36.954
 166 299.421222 -31.708145    12.307    12.319 16 56299.52087233 35.523
 167 299.418126 -31.709139    12.512    12.492 14 56309.43651654 35.454
 168 299.416820 -31.709261    12.243    12.276 13 56319.35215842 29.306
 169 299.417661 -31.709847    11.772    11.761 14 56329.26779921 27.649
 170 299.421818 -31.708728    11.792    11.788 17 56339.18343967 33.803
 171 299.425066 -31.710928    12.154    12.246 19 56349.09907734 29.121
 172 299.427371 -31.711598    12.773    12.808 16 56359.01471283 44.711
 173 299.423086 -31.709782    12.798    12.744 18 56368.93036332 27.714
 175 299.417916 -31.709744    12.679    12.572 14 56388.76165634 26.630
 176 299.421463 -31.708430    13.054    13.055 16 56398.67730054 44.015
 177 299.423937 -31.710299    13.151    13.011 18 56408.59294138 28.160
 178 299.428535 -31.706865    13.281    13.329 17 56418.50857904 32.718
 179 299.433201 -31.702455    12.833    12.632 13 56428.42421298 31.773
 180 299.423561 -31.710122    13.118    13.124 19 56438.33986391 42.232
 181 299.420584 -31.710071    13.147    13.202 16 56448.25551419 46.704
 182 299.420468 -31.709903    12.862    12.850 16 56458.17116257 27.236
 183 299.420483 -31.709919    12.958    12.923 16 56468.08680771 32.267
 184 299.421344 -31.708441    13.481    13.470 16 56478.00244926 54.674
 185 299.421346 -31.708939    13.690    13.724 16 56487.91808674 30.899
 186 299.422675 -31.709340    14.392    14.341 17 56497.83372205 32.654
 187 299.426324 -31.709425    14.221    14.174 19 56507.74935665 35.761
 188 299.436971 -31.697763    13.591    13.659 10 56517.66499774 34.495
 189 299.427601 -31.711793    13.241    13.170 14 56527.58064862 40.376
 190 299.426111 -31.710727    12.682    12.626 18 56537.49629887 51.670
 192 299.420452 -31.710055    12.743    12.510 16 56557.32758780 27.579
 193 299.421518 -31.708925    11.981    11.963 17 56567.24323032 40.877
 194 299.424436 -31.709831    12.975    12.454 19 56577.15887135 29.317
 195 299.433401 -31.702497    12.870    12.325 13 56587.07451121 29.152
 196 299.439091 -31.695825    12.575    12.561  8 56596.99015340 32.537
 197 299.426657 -31.709558    13.333    12.845 19 56606.90580173 30.436
 198 299.422764 -31.709890    12.824    12.638 18 56616.82144878 28.938
 199 299.422630 -31.708598    12.879    12.727 17 56626.73709324 28.371
 200 299.423554 -31.709511    13.095    12.505 18 56636.65273460 26.455
 201 299.424682 -31.711066    12.567    12.485 19 56646.56837591 47.744
 202 299.421464 -31.710429    12.332    12.298 17 56656.48402853 50.914
 203 299.419107 -31.708800    11.831    11.856 15 56666.39967685 31.565
 204 299.417673 -31.708822    12.266    12.220 14 56676.31532201 42.791
 205 299.418780 -31.708295    11.940    11.983 14 56686.23096619 30.427
 206 299.420933 -31.709402    12.711    12.680 16 56696.14660811 53.473
 207 299.424913 -31.709522    13.062    12.726 19 56706.06224587 28.307
 208 299.427310 -31.711319    12.304    12.289 16 56715.97787859 40.823
 209 299.422862 -31.708968    18.421    16.004 17 56725.89353224 22.697
 210 299.418556 -31.709229    12.164    12.199 14 56735.80918153 25.720
 211 299.418566 -31.708098    12.735    12.793 14 56745.72482818 31.047
 212 299.421031 -31.709549    13.492    13.217 17 56755.64047013 28.853
 213 299.425649 -31.710518    13.422    13.115 19 56765.55610657 32.656
 214 299.426575 -31.711763    13.420    13.363 16 56775.47174558 45.909
 215 299.422093 -31.709244    13.184    13.171 17 56785.38740197 35.767
 216 299.417291 -31.708928    13.666    13.652 14 56795.30305405 53.750
 217 299.415483 -31.708156    13.651    13.528 12 56805.21870232 51.074
 218 299.416354 -31.709875    13.495    13.464 13 56815.13434356 40.273
 219 299.419371 -31.708959    13.682    13.624 15 56825.04998212 41.689
 220 299.422338 -31.708724    13.671    13.660 17 56834.96561685 31.638
 221 299.424986 -31.710394    14.158    14.157 20 56844.88124808 34.341
 222 299.424334 -31.710578    14.745    14.776 18 56854.79689342 35.123
 223 299.422800 -31.709186    14.604    14.625 17 56864.71254734 33.310
 224 299.421369 -31.708735    14.186    14.136 16 56874.62820033 32.729
 225 299.419771 -31.709286    14.239    14.213 16 56884.54384992 33.080
 226 299.418492 -31.709551    13.714    13.699 14 56894.45949638 31.796
 227 299.417765 -31.708722    13.295    13.283 13 56904.37513966 30.290
 228 299.417725 -31.708165    13.176    13.156 13 56914.29078078 29.458
 229 299.420073 -31.708042    12.975    12.913 15 56924.20642021 26.891
 230 299.423478 -31.710161    12.984    12.874 19 56934.12205679 28.059
 231 299.435028 -31.699754    13.606    13.636 12 56944.03769138 48.048
 232 299.431306 -31.704570    13.668    13.761 15 56953.95333800 40.790
 233 299.424334 -31.709762    13.641    13.334 19 56963.86898681 27.969
 234 299.421677 -31.709928    13.008    12.895 17 56973.78463249 28.594
 235 299.421814 -31.710505    12.992    12.868 17 56983.70027411 30.377
 236 299.424615 -31.711140    13.521    12.840 19 56993.61591105 29.472
 237 299.426948 -31.711451    13.375    13.024 16 57003.53154924 30.023
 238 299.422973 -31.709323    12.774    12.674 18 57013.44720621 28.607
 239 299.419826 -31.708858    12.863    12.859 15 57023.36285738 25.262
 240 299.418648 -31.709771    13.437    13.288 15 57033.27850564 26.681
 241 299.419829 -31.709898    13.741    13.783 16 57043.19415183 30.523
 242 299.421567 -31.709577    13.718    13.786 17 57053.10979580 28.744
 243 299.422963 -31.709731    13.687    13.452 17 57063.02543520 26.819
 244 299.424982 -31.709404    13.494    13.235 19 57072.94106975 28.284
 245 299.430601 -31.705202    15.289    14.272 15 57082.85670181 31.036
 246 299.428504 -31.707141    13.278    13.325 17 57092.77234942 44.704
 247 299.424184 -31.709278    13.380    13.296 18 57102.68800606 27.363
 248 299.422463 -31.709653    13.214    12.939 18 57112.60365944 30.593
 249 299.421873 -31.709779    12.611    12.601 17 57122.51930689 36.901
 250 299.421738 -31.708787    12.565    12.368 17 57132.43494880 27.625
 251 299.422211 -31.710047    12.466    12.446 18 57142.35058522 52.231
 252 299.424620 -31.711122    12.348    12.396 19 57152.26621868 45.161
 253 299.436556 -31.697998    12.824    12.752 10 57162.18185314 51.656
 254 299.426973 -31.708925    12.716    12.698 19 57172.09750681 49.909
 255 299.423320 -31.709388    12.792    12.728 18 57182.01316019 29.975
 256 299.420014 -31.709818    12.737    12.739 16 57191.92880988 30.978
 257 299.418767 -31.709269    12.963    12.934 14 57201.84445739 33.670
 258 299.419641 -31.708975    13.093    13.121 16 57211.76009166 39.582
 259 299.421265 -31.710503    13.101    13.063 17 57221.67573543 29.420
 260 299.423256 -31.710315    13.473    13.496 18 57231.59137815 31.159
 261 299.423986 -31.710480    13.727    13.718 18 57241.50701813 31.904
 262 299.424232 -31.711352    13.982    14.000 19 57251.42265510 35.583
 263 299.428722 -31.707297    13.768    13.751 17 57261.33829131 35.212
 264 299.438892 -31.696063    13.782    13.790  8 57271.25392818 42.768
 265 299.435728 -31.699062    13.286    13.289 10 57281.16958284 30.868
 266 299.426778 -31.711781    12.381    12.306 16 57291.08523444 42.951
 267 299.424410 -31.710468    13.011    12.513 19 57301.00088644 34.427
 268 299.422138 -31.708637    13.007    12.700 17 57310.91653516 28.597
 269 299.419145 -31.709232    12.447    12.381 15 57320.83218030 25.534
 270 299.418734 -31.709162    12.765    12.744 15 57330.74782338 26.274
 271 299.420875 -31.709217    13.002    12.852 17 57340.66346464 29.554
 272 299.419178 -31.709792    13.368    13.347 15 57350.57911554 29.388
 273 299.418707 -31.709287    13.443    13.393 14 57360.49476126 30.290
 274 299.417922 -31.709157    13.881    13.842 14 57370.41040354 30.768
 275 299.418644 -31.709130    14.641    14.623 15 57380.32604342 31.845
 276 299.422260 -31.709233    15.713    15.731 17 57390.24168231 35.366
 277 299.426469 -31.711320    15.668    15.681 18 57400.15731984 38.566
 278 299.437315 -31.697495    15.767    15.796 10 57410.07296271 47.935
 279 299.427345 -31.708238    15.401    15.472 17 57419.98861216 36.635
 280 299.421769 -31.709945    15.576    15.591 17 57429.90426146 37.517
 281 299.420084 -31.708433    15.146    15.099 15 57439.81990976 33.873
 282 299.421118 -31.708150    14.772    14.737 16 57449.73555704 34.438
 283 299.422778 -31.708670    14.495    14.501 17 57459.65120278 32.472
 284 299.424001 -31.710483    14.916    14.981 19 57469.56684488 34.076
 285 299.425448 -31.709959    15.005    14.980 19 57479.48248323 35.122
 286 299.424931 -31.711439    15.349    15.314 18 57489.39811758 35.606
 287 299.426891 -31.711521    15.062    15.085 16 57499.31375021 35.371
 288 299.431322 -31.704675    15.215    15.153 15 57509.22939474 42.492
 289 299.425111 -31.711024    14.667    14.621 20 57519.14504817 35.016
 290 299.423676 -31.710739    14.351    14.098 18 57529.06070062 31.364
 291 299.421806 -31.710412    13.798    13.750 17 57538.97635003 30.924
 292 299.419944 -31.709459    13.762    13.767 15 57548.89199710 37.178
 293 299.418355 -31.709620    13.711    13.761 14 57558.80764283 29.510
 294 299.419728 -31.708780    13.825    13.817 15 57568.72328840 31.089
 295 299.421943 -31.709196    13.909    13.920 17 57578.63893331 30.534
 296 299.423464 -31.710573    13.894    13.748 18 57588.55457638 33.334
 297 299.423571 -31.710879    13.847    13.493 18 57598.47021686 31.010
