#  238.353  -4.875  15.001 ;Mean Elev.(m), Avg Gradient(m/km), RMS Gradient(m/km) - SRTM1     
#  215.615  -6.190  16.750 ;Mean Elev.(m), Avg Gradient(m/km), RMS Gradient(m/km) - ASTER GDEM
#  238.921  -4.962  15.000 ;Mean Elev.(m), Avg Gradient(m/km), RMS Gradient(m/km) - GMTED2010 
   1 306.622698 -22.784334   234.562   234.527  4 54666.40886476 53.006
   2 306.622144 -22.784072   302.671   302.077  4 54676.32450890 28.729
   6 306.623981 -22.786994   293.704   293.704  2 54715.98708342  0.457
   8 306.616288 -22.786058   288.653   288.718  4 54735.81838115 18.092
   9 306.614182 -22.785330   304.666   303.939  4 54745.73402891  6.299
  11 306.613787 -22.786953   234.176   234.170  5 54765.56532191 30.082
  12 306.614990 -22.785604   302.847   301.976  5 54775.48096523 11.787
  13 306.614820 -22.786079   298.929   299.769  5 54785.39660541 22.784
  14 306.617838 -22.781256   277.206   277.206  2 54795.31224522  4.850
  15 306.619556 -22.784845   305.263   305.263  2 54805.22788236  5.102
  17 306.624074 -22.784203   280.923   281.009  4 54825.05916616 25.899
  18 306.619899 -22.785337   234.036   233.987  4 54834.97480533 25.803
  19 306.615724 -22.785845   234.224   234.198  5 54844.89045493 24.577
  20 306.614034 -22.784637   234.157   234.130  3 54854.80610452 27.593
  21 306.612881 -22.786195   234.661   234.671  5 54864.72175354 43.019
  22 306.613344 -22.784920   234.646   234.676  4 54874.63740292 23.371
  23 306.612266 -22.787474   235.317   235.341  5 54884.55304862 37.731
  24 306.611759 -22.785917   235.139   235.116  5 54894.46869154 49.976
  25 306.610133 -22.785857   234.831   234.834  4 54904.38433113 50.195
  27 306.612143 -22.785663   235.852   235.900  5 54924.21560703 24.046
  28 306.616117 -22.784976   234.520   234.481  5 54934.13124426 52.038
  30 306.624836 -22.784151   234.067   234.062  4 54953.96251275 44.643
  31 306.623094 -22.783443   234.445   234.487  4 54963.87815759 31.436
  32 306.619375 -22.785474   234.429   234.456  4 54973.79380517 29.878
  42 306.623861 -22.783637   234.453   234.486  4 55072.95023868 42.133
  43 306.618033 -22.786137   234.783   234.800  5 55082.86588597 26.417
  44 306.614780 -22.786011   316.880   317.135  5 55092.78153283  2.615
  45 306.613220 -22.787212   234.985   234.983  5 55102.69717945 22.811
  55 306.618083 -22.785668   295.090   302.425  4 55201.85360402 12.667
  56 306.614900 -22.786178   290.076   289.196  5 55211.76925371  8.581
  57 306.614196 -22.786267   300.774   300.823  5 55221.68490325 24.160
  66 306.620794 -22.785593   235.383   235.283  4 55310.92566879 31.360
  67 306.618488 -22.785503   234.753   234.737  5 55320.84131400 37.023
  68 306.616439 -22.786399   235.220   235.082  5 55330.75695813 28.838
  69 306.616621 -22.786026   234.852   234.891  4 55340.67260264 29.287
  77 306.623145 -22.785207   234.596   234.592  4 55419.99773705 29.380
  78 306.619645 -22.785104   234.242   234.197  4 55429.91338368 34.759
  79 306.615516 -22.787227   234.491   234.420  5 55439.82902762 31.272
  80 306.614702 -22.786464   234.279   234.400  5 55449.74467128 29.232
  81 306.615774 -22.786143   234.246   234.170  6 55459.66031464 27.179
  89 306.619664 -22.785285   301.006   301.162  4 55538.98545284 27.645
  90 306.618303 -22.786047   234.924   234.942  5 55548.90109793 49.955
  91 306.616354 -22.786844   234.492   234.425  5 55558.81674143 48.620
  92 306.616342 -22.786080   234.606   234.553  4 55568.73238469 26.879
 101 306.619233 -22.784857   235.813   235.788  5 55657.97316082 39.849
 103 306.617982 -22.785122   300.954   300.881  5 55677.80444213  8.854
 104 306.619939 -22.785651   234.669   234.733  4 55687.72007996 35.405
 113 306.621767 -22.784665   234.707   234.675  5 55776.96086336 32.996
 117 306.625697 -22.782548   234.852   234.852  2 55816.62342477 24.207
 119 306.623999 -22.784310   234.527   234.522  5 55836.45471226 36.481
 121 306.626496 -22.781100   234.971   234.971  2 55856.28598695 25.526
 125 306.623930 -22.784338   234.647   234.616  4 55895.94856833 29.454
 126 306.625527 -22.784283   234.856   234.873  4 55905.86420442 35.836
 127 306.624753 -22.784095   234.835   234.847  4 55915.77984820 27.836
 128 306.620926 -22.784947   234.422   234.495  4 55925.69550202 30.801
 129 306.619016 -22.785302   234.354   234.363  5 55935.61115283 26.091
 130 306.617604 -22.785024   235.493   235.500  5 55945.52679889 41.130
 131 306.616439 -22.784948   235.843   235.824  5 55955.44244027 28.351
 132 306.615178 -22.787032   235.114   235.107  5 55965.35807826 51.923
 137 306.621454 -22.782865   234.879   234.879  2 56014.93628621 33.133
 138 306.616245 -22.786755   234.236   234.197  5 56024.85193009 32.468
 139 306.615369 -22.786794   234.970   234.971  5 56034.76757331 45.240
 140 306.618471 -22.785681   234.903   234.993  5 56044.68321509 43.533
 141 306.622212 -22.785275   234.216   234.149  4 56054.59885388 28.081
 142 306.626043 -22.784709   234.590   234.546  4 56064.51448892 25.194
 143 306.624696 -22.785076   234.702   234.668  4 56074.43013241 26.290
 150 306.623561 -22.785082   234.744   234.755  4 56143.83961396 29.266
 151 306.621072 -22.784433   234.686   234.636  4 56153.75526449 27.670
 152 306.619842 -22.785641   234.659   234.621  4 56163.67091358 25.403
 153 306.621012 -22.784450   234.614   234.613  4 56173.58656128 44.432
 154 306.621606 -22.785425   234.232   234.298  4 56183.50220338 30.742
 163 306.619889 -22.785031   234.537   234.504  5 56272.74298491 30.818
 164 306.620479 -22.785366   234.892   234.932  4 56282.65862814 27.417
 165 306.618958 -22.785024   233.999   234.106  5 56292.57428058 28.974
 166 306.616479 -22.785960   290.444   291.366  4 56302.48992810  4.730
 168 306.613407 -22.787225   234.177   234.071  5 56322.32121210 20.675
 173 306.621492 -22.781319   234.827   234.827  2 56371.89942085 35.940
 175 306.614284 -22.786882   234.161   234.222  5 56391.73071071 44.070
 177 306.620755 -22.784655   234.039   233.939  4 56411.56199509 32.193
 178 306.624765 -22.783915   233.874   233.871  4 56421.47763074 43.160
 179 306.625506 -22.783379   234.041   233.888  4 56431.39327007 31.808
 180 306.619823 -22.784754   234.681   234.706  4 56441.30892156 24.450
 185 306.618522 -22.785593   234.443   234.466  4 56490.88713980 34.350
 186 306.621047 -22.784980   293.045   300.489  4 56500.80277486  8.282
 188 306.627194 -22.783251   234.474   234.465  4 56520.63405355 25.794
 189 306.624188 -22.784823   234.134   234.149  4 56530.54970654 27.609
 191 306.619836 -22.784932   233.920   233.883  5 56550.38100082 53.263
 192 306.617890 -22.785724   234.480   234.451  4 56560.29664309 28.639
 197 306.622482 -22.784001   234.626   234.638  4 56609.87485895 43.414
 198 306.619312 -22.785463   234.256   234.288  4 56619.79050464 28.500
 200 306.620793 -22.784841   234.464   234.514  5 56639.62178807 25.618
 201 306.620842 -22.784950   234.167   234.268  5 56649.53743426 27.577
 202 306.617290 -22.785622   234.678   234.633  5 56659.45308544 27.460
 203 306.614986 -22.785225   234.386   234.479  5 56669.36873280 29.875
 204 306.614303 -22.785864   234.572   234.617  5 56679.28437749 43.992
 208 306.622723 -22.784138   234.182   234.094  4 56718.94693731 33.255
 211 306.616356 -22.783255   234.615   234.615  2 56748.69388330 26.814
 215 306.616591 -22.785483   233.555   233.529  5 56788.35645975 26.877
 216 306.610303 -22.790709   289.143   289.143  2 56798.27210988  5.181
 217 306.611610 -22.785681   233.607   233.525  5 56808.18775691 39.536
 218 306.613397 -22.786033   233.190   233.144  5 56818.10339714 46.448
 223 306.620344 -22.782479   234.810   234.810  2 56867.68160628 27.154
 224 306.617292 -22.786605   233.459   233.479  5 56877.59725706 49.650
 225 306.616037 -22.785426   233.320   233.240  5 56887.51290585 41.054
 226 306.613317 -22.786685   233.487   233.509  5 56897.42855113 48.797
 228 306.613115 -22.786269   280.473   280.748  5 56917.25983464 27.958
 230 306.622336 -22.784271   233.409   233.073  4 56937.09110954 30.268
 231 306.627799 -22.783993   234.041   234.104  5 56947.00674053 50.431
 235 306.619465 -22.785740   234.119   234.111  4 56986.66932840 31.686
 236 306.624021 -22.784289   233.850   233.641  4 56996.58496393 30.844
 237 306.623922 -22.783795   234.096   234.158  4 57006.50060952 28.339
 239 306.615173 -22.786171   297.898   297.905  6 57026.33191351 23.094
 241 306.616723 -22.785496   234.805   234.755  5 57046.16320780 48.827
 242 306.619291 -22.785036   233.624   233.541  5 57056.07885040 37.600
 243 306.620730 -22.785521   234.477   234.401  4 57065.99448756 51.268
 247 306.619577 -22.784929   233.866   233.778  4 57105.65706452 26.447
 248 306.618947 -22.785067   233.973   233.997  5 57115.57271638 25.468
 249 306.618372 -22.785171   233.593   233.534  5 57125.48836185 27.318
 251 306.619284 -22.785014   233.013   232.995  4 57145.31963728 31.766
 252 306.622737 -22.785345   294.591   301.612  4 57155.23527031 27.979
 253 306.625903 -22.783969   234.397   234.587  5 57165.15090992 51.068
 254 306.622187 -22.785619   318.550   317.544  4 57175.06656528  7.418
 255 306.619279 -22.785829   233.744   233.604  4 57184.98221745 50.440
 259 306.617929 -22.786074   233.677   233.635  5 57224.64479069 30.838
 260 306.620942 -22.785075   233.728   234.019  5 57234.56043329 28.345
 261 306.622162 -22.785073   232.805   232.815  4 57244.47607221 36.779
 262 306.622882 -22.784512   233.010   233.028  4 57254.39170840 49.924
 263 306.624527 -22.784217   233.039   233.078  5 57264.30734309 52.566
 264 306.627009 -22.783811   233.082   233.102  4 57274.22298285 53.279
 265 306.625602 -22.783772   234.098   234.092  4 57284.13863963 50.088
 266 306.623738 -22.784365   234.002   233.989  5 57294.05429357 49.605
 270 306.614472 -22.786404   288.467   287.090  5 57333.71687732 13.337
 271 306.616903 -22.786816   319.307   319.528  5 57343.63251812  4.928
 273 306.614499 -22.787231   234.406   234.350  5 57363.46381629 51.455
 274 306.615170 -22.786017   291.688   291.379  5 57373.37945761  6.980
 275 306.616620 -22.785364   284.443   284.525  5 57383.29509681 26.358
 276 306.619447 -22.785638   298.623   305.144  4 57393.21073533 20.772
 277 306.624972 -22.783405   294.120   293.327  4 57403.12637364 27.923
 278 306.625858 -22.784852   297.757   302.636  4 57413.04201794  4.867
 282 306.615311 -22.786986   293.663   293.580  5 57452.70461160  6.719
 283 306.617533 -22.786134   235.889   235.827  5 57462.62025703 33.011
 285 306.622802 -22.785294   303.351   303.244  4 57482.45153631  8.587
 289 306.621714 -22.784768   299.802   299.856  4 57522.11410607 27.305
 290 306.620008 -22.785235   299.545   299.588  4 57532.02975803 20.301
 293 306.615920 -22.785837   288.269   286.567  5 57561.77669812 12.348
 295 306.618142 -22.785021   234.035   233.977  5 57581.60798817 51.777
 297 306.620926 -22.784402   299.422   299.231  4 57601.43927159 23.532
