-185174.802    36.995     0.00    1.40
-184885.362    36.933    -0.21    1.46
-184595.909    36.858    -0.26    1.46
-184306.441    36.449    -1.42    1.60
-184016.960    36.141    -1.06    1.47
-183727.464    35.980    -0.56    1.42
-183437.954    35.818    -0.56    1.34
-183148.430    35.683    -0.47    1.31
-182858.892    35.674    -0.03    1.42
-182569.340    35.390    -0.98    1.48
-182279.774    35.264    -0.44    1.52
-181990.194    35.156    -0.37    1.60
-181700.600    35.002    -0.53    1.59
-181410.991    34.719    -0.98    1.64
-181121.369    34.567    -0.52    1.61
-180831.732    34.151    -1.44    1.27
-180542.081    33.838    -1.08    1.16
-180252.417    33.672    -0.57    1.08
-179962.738    33.418    -0.88    0.96
-179673.045    33.301    -0.40    1.17
-179383.338    33.256    -0.15    1.42
-179093.616    33.205    -0.18    1.39
-178803.881    33.126    -0.27    1.42
-178514.132    33.112    -0.05    1.48
-178224.368    33.050    -0.21    1.51
-177934.590    33.077     0.09    1.45
-177644.798    32.915    -0.56    1.30
-177354.992    32.715    -0.69    0.96
-177065.172    32.596    -0.41    0.99
-176775.338    32.341    -0.88    0.96
-176485.490    32.259    -0.28    0.96
-176195.627    32.209    -0.17    0.94
-175905.751    32.009    -0.69    1.04
-175615.860    31.793    -0.75    0.92
-175325.955    31.766    -0.09    0.93
-175036.036    31.833     0.23    1.02
-174746.102    31.701    -0.45    0.95
-174456.155    31.612    -0.31    0.97
-174166.193    31.698     0.29    1.07
-173878.923    31.659    -0.14    1.07
-173591.960    31.599    -0.21    0.99
-173304.983    31.480    -0.41    0.94
-173017.993    31.301    -0.63    1.06
-172730.989    31.151    -0.52    1.12
-172443.971    31.166     0.05    1.13
-172156.939    30.971    -0.68    1.18
-171869.893    30.853    -0.41    1.14
-171582.834    30.734    -0.42    1.05
-171295.760    30.640    -0.33    0.97
-171008.673    30.583    -0.20    0.88
-170721.572    30.674     0.32    0.85
-170434.457    30.614    -0.21    0.83
-170147.328    30.575    -0.13    0.87
-169860.185    30.377    -0.69    1.03
-169573.029    30.405     0.10    1.06
-169285.859    30.289    -0.41    1.13
-168998.674    30.331     0.15    0.95
-168711.476    30.286    -0.16    0.99
-168424.264    30.161    -0.43    0.97
-168137.038    30.177     0.06    0.95
-167849.799    30.083    -0.33    0.95
-167562.545    30.049    -0.12    0.92
-167275.277    29.980    -0.24    0.94
-166987.996    29.965    -0.05    1.00
-166700.701    29.943    -0.08    0.94
-166413.392    30.086     0.50    0.89
-166126.069    30.019    -0.23    0.80
-165838.732    30.039     0.07    0.74
-165551.381    30.002    -0.13    0.87
-165264.016    30.047     0.15    0.93
-164976.637    30.032    -0.05    0.96
-164689.245    30.112     0.28    0.95
-164401.838    30.137     0.08    0.95
-164114.418    30.089    -0.17    0.99
-163826.984    30.127     0.13    0.90
-163539.535    30.151     0.08    0.78
-163252.073    30.047    -0.36    0.93
-162964.597    29.943    -0.36    0.93
-162677.107    29.952     0.03    1.06
-162389.603    29.928    -0.08    1.20
-162102.085    29.972     0.15    1.26
-161814.554    29.898    -0.26    1.21
-161527.008    29.971     0.25    1.13
-161239.448    29.943    -0.10    1.09
-160951.875    29.883    -0.21    1.09
-160664.287    29.738    -0.50    1.00
-160376.686    29.804     0.23    0.92
-160089.070    29.828     0.09    0.98
-159801.441    29.874     0.16    0.97
-159513.798    29.780    -0.32    0.96
-159226.140    29.759    -0.07    0.92
-158938.469    29.584    -0.61    0.98
-158650.784    29.596     0.04    0.93
-158363.085    29.583    -0.05    0.91
-158075.371    29.554    -0.10    1.05
-157787.644    29.540    -0.05    1.09
-157499.903    29.638     0.34    1.05
-157212.148    29.642     0.01    1.00
-156924.379    29.778     0.47    1.04
-156636.596    29.756    -0.08    1.05
-156348.799    29.719    -0.13    0.98
-156060.988    29.883     0.57    0.87
-155773.163    29.941     0.20    0.90
-155485.324    29.963     0.07    0.92
-155197.471    29.936    -0.09    0.94
-154909.604    29.843    -0.32    0.95
-154621.723    29.804    -0.14    0.93
-154333.828    29.778    -0.09    0.90
-154045.919    29.734    -0.16    0.91
-153757.996    29.695    -0.13    0.89
-153470.059    29.698     0.01    0.95
-153182.108    29.704     0.02    0.93
-152894.143    29.849     0.50    0.93
-152606.164    29.763    -0.30    0.95
-152318.171    29.689    -0.26    1.00
-152030.164    29.539    -0.52    1.06
-151742.142    29.586     0.16    1.09
-151454.107    29.510    -0.26    0.99
-151166.058    29.435    -0.26    0.97
-150877.995    29.326    -0.38    0.93
-150589.917    29.252    -0.25    0.95
-150301.826    29.226    -0.09    0.96
-150013.721    29.201    -0.09    0.95
-149725.601    29.192    -0.03    0.96
-149437.468    29.064    -0.44    0.95
-149149.320    29.032    -0.11    0.96
-148861.159    29.110     0.27    0.95
-148572.983    29.207     0.34    0.99
-148284.793    29.241     0.12    1.03
-147996.590    29.186    -0.19    1.07
-147708.372    29.137    -0.17    1.15
-147420.140    28.879    -0.89    1.43
-147131.894    28.226    -2.27    2.03
-146843.634    27.526    -2.43    2.28
-146555.360    26.813    -2.47    2.26
-146267.072    25.928    -3.07    2.03
-145978.769    25.348    -2.01    1.67
-145690.453    25.098    -0.87    1.39
-145402.122    25.172     0.26    1.53
-145113.778    25.752     2.01    2.13
-144825.419    26.620     3.01    2.40
-144537.046    27.601     3.40    2.60
-144248.660    28.434     2.89    2.52
-143960.259    29.157     2.50    2.16
-143671.844    29.435     0.97    1.78
-143383.414    29.541     0.37    1.41
-143094.971    29.646     0.37    1.22
-142806.514    29.620    -0.09    1.25
-142518.042    29.540    -0.28    1.31
-142229.557    29.525    -0.05    1.32
-141941.057    29.480    -0.16    1.32
-141652.543    29.539     0.20    1.32
-141364.015    29.510    -0.10    1.30
-141075.473    29.571     0.21    1.19
-140786.917    29.527    -0.15    1.03
-140498.346    29.510    -0.06    0.98
-140209.762    29.629     0.41    1.00
-139921.163    29.727     0.34    1.00
-139632.550    29.657    -0.24    1.06
-139343.923    29.556    -0.35    1.03
-139055.282    29.661     0.36    1.05
-138766.627    29.527    -0.47    1.15
-138477.957    29.283    -0.84    1.07
-138189.274    29.256    -0.09    1.03
-137900.576    29.205    -0.18    1.03
-137611.864    29.306     0.35    1.00
-137323.138    29.279    -0.09    1.05
-137034.398    29.222    -0.20    1.07
-136745.643    29.260     0.13    0.97
-136456.875    29.241    -0.07    1.06
-136168.092    29.211    -0.10    1.07
-135879.295    29.098    -0.39    0.96
-135590.484    29.089    -0.03    0.90
-135301.659    29.110     0.07    0.82
-135012.819    28.995    -0.40    0.90
-134723.966    29.019     0.08    0.96
-134435.098    29.032     0.05    1.09
-134146.216    29.137     0.36    1.10
-133857.319    29.039    -0.34    1.16
-133568.409    28.915    -0.43    1.23
-133279.484    28.879    -0.12    1.14
-132990.545    28.904     0.08    1.12
-132701.592    28.796    -0.37    1.16
-132412.625    28.704    -0.32    1.07
-132123.643    28.629    -0.26    1.03
-131834.648    28.701     0.25    1.00
-131545.638    28.495    -0.71    1.15
-131256.613    28.372    -0.43    1.26
-130967.575    28.192    -0.62    1.23
-130678.522    28.050    -0.49    1.27
-130389.455    28.047    -0.01    1.23
-130100.374    27.868    -0.62    1.29
-129811.279    28.024     0.54    1.28
-129522.169    28.060     0.12    1.22
-129233.045    28.172     0.39    1.37
-128943.907    28.192     0.07    1.35
-128654.755    28.304     0.39    1.33
-128365.588    28.480     0.61    1.44
-128076.408    28.913     1.50    1.54
-127787.213    29.054     0.49    1.62
-127498.003    29.263     0.72    1.55
-127208.780    29.464     0.70    1.50
-126919.542    30.010     1.89    1.45
-126630.289    30.182     0.60    1.50
-126341.023    30.420     0.82    1.56
-126051.742    30.898     1.65    1.56
-125762.447    30.930     0.11    1.61
-125473.138    31.083     0.53    1.66
-125183.815    31.126     0.15    2.36
-124894.477    31.131     0.02    2.91
-124605.125    31.026    -0.36    2.86
-124315.758    30.898    -0.44    2.77
-124026.377    30.868    -0.10    2.39
-123736.982    30.886     0.06    2.25
-123447.573    30.730    -0.54    1.90
-123158.150    30.926     0.68    1.88
-122868.712    30.813    -0.39    1.91
-122579.259    30.587    -0.78    1.91
-122289.793    30.644     0.20    1.91
-122000.312    30.480    -0.57    1.81
-121710.817    30.248    -0.80    1.71
-121421.307    30.215    -0.11    1.67
-121131.784    30.233     0.06    1.75
-120842.245    30.677     1.53    1.90
-120552.693    30.667    -0.03    1.76
-120263.126    30.540    -0.44    1.88
-119973.545    30.449    -0.31    1.98
-119683.950    30.379    -0.24    1.94
-119394.340    30.259    -0.41    1.94
-119104.716    30.049    -0.73    1.95
-118815.077    29.980    -0.24    1.89
-118525.424    29.802    -0.61    2.05
-118235.757    29.949     0.51    1.94
-117946.076    30.202     0.87    2.01
-117656.380    30.292     0.31    2.15
-117366.670    30.450     0.55    2.09
-117076.945    29.972    -1.65    2.32
-116787.206    29.374    -2.06    2.24
-116497.453    28.849    -1.81    2.11
-116207.685    28.222    -2.16    1.96
-115917.903    27.772    -1.55    1.70
-115628.106    27.219    -1.91    1.50
-115338.296    26.949    -0.93    1.33
-115048.470    26.874    -0.26    1.40
-114758.631    26.644    -0.79    1.40
-114468.777    26.464    -0.62    1.31
-114178.908    26.434    -0.10    1.21
-113889.026    26.434     0.00    1.21
-113599.129    26.525     0.31    1.34
-113309.217    26.802     0.96    1.44
-113019.291    27.025     0.77    1.69
-112729.351    27.674     2.24    2.08
-112439.396    28.646     3.35    2.62
-112149.427    29.568     3.18    2.62
-111860.842    30.465     3.11    2.63
-111573.921    31.390     3.22    2.15
-111286.986    31.895     1.76    1.90
-111000.037    32.207     1.09    1.68
-110713.073    32.286     0.28    1.66
-110426.096    32.372     0.30    1.61
-110139.105    32.434     0.22    1.66
-109852.099    32.313    -0.42    1.41
-109565.080    32.245    -0.24    1.48
-109278.046    32.360     0.40    1.64
-108990.999    32.402     0.15    1.75
-108703.937    32.256    -0.51    1.78
-108416.861    32.323     0.23    1.73
-108129.771    32.525     0.70    1.76
-107842.667    32.719     0.68    1.86
-107555.549    32.738     0.07    1.84
-107268.417    33.226     1.70    1.65
-106981.270    33.141    -0.30    1.65
-106694.110    33.092    -0.17    1.71
-106406.935    33.161     0.24    1.70
-106119.747    33.318     0.55    1.83
-105832.544    33.157    -0.56    1.85
-105545.327    32.895    -0.91    2.04
-105258.096    32.553    -1.19    2.22
-104970.851    32.405    -0.51    2.23
-104683.592    32.196    -0.73    2.29
-104396.318    31.892    -1.06    2.38
-104109.031    31.510    -1.33    2.06
-103821.729    31.420    -0.31    1.95
-103534.413    31.379    -0.14    2.08
-103247.084    31.350    -0.10    1.96
-102959.740    31.627     0.96    2.04
-102672.381    31.883     0.89    1.96
-102385.009    32.108     0.78    1.75
-102097.622    32.554     1.55    1.73
-101810.222    32.435    -0.42    1.64
-101522.807    32.408    -0.09    1.51
-101235.378    32.523     0.40    1.61
-100947.935    32.495    -0.10    1.71
-100660.478    32.657     0.56    1.67
-100373.006    32.669     0.04    1.58
-100085.521    32.898     0.79    1.60
 -99798.021    33.040     0.50    1.68
 -99510.507    33.127     0.30    1.72
 -99222.979    33.095    -0.11    1.66
 -98935.436    33.017    -0.27    1.52
 -98647.880    32.913    -0.36    1.62
 -98360.309    32.839    -0.26    1.64
 -98072.724    32.419    -1.46    1.79
 -97785.125    32.095    -1.13    1.88
 -97497.512    31.612    -1.68    1.96
 -97209.885    31.083    -1.84    2.20
 -96922.243    30.540    -1.89    2.20
 -96634.587    30.071    -1.63    2.23
 -96346.917    29.572    -1.73    2.13
 -96059.233    29.283    -1.00    1.99
 -95771.534    28.787    -1.72    1.86
 -95483.821    28.465    -1.12    1.80
 -95196.095    28.205    -0.90    1.38
 -94908.353    28.156    -0.17    1.43
 -94620.598    28.434     0.97    1.83
 -94332.828    28.722     1.00    2.22
 -94045.045    28.964     0.84    2.53
 -93757.247    29.192     0.79    2.64
 -93469.434    29.510     1.11    2.78
 -93181.608    29.749     0.83    2.82
 -92893.767    29.828     0.28    2.90
 -92605.912    29.833     0.02    2.84
 -92318.043    29.838     0.02    2.78
 -92030.159    29.849     0.04    2.81
 -91742.262    29.631    -0.76    2.77
 -91454.350    29.510    -0.42    2.81
 -91166.423    29.047    -1.61    2.50
 -90878.483    28.943    -0.36    2.34
 -90590.528    29.248     1.06    2.50
 -90302.559    29.362     0.40    2.50
 -90014.576    29.526     0.57    2.67
 -89726.578    29.889     1.26    2.83
 -89438.567    30.541     2.26    2.96
 -89150.540    31.039     1.73    3.19
 -88862.500    31.719     2.36    3.48
 -88574.445    32.509     2.75    3.76
 -88286.377    33.625     3.87    3.69
 -87998.293    35.071     5.02    3.42
 -87710.196    35.752     2.37    3.13
 -87422.084    36.198     1.55    2.58
 -87133.958    36.539     1.18    2.08
 -86845.818    36.644     0.36    2.05
 -86557.663    36.422    -0.77    1.98
 -86269.494    36.407    -0.05    1.78
 -85981.311    35.877    -1.84    1.68
 -85693.113    35.614    -0.91    1.77
 -85404.901    35.400    -0.74    1.55
 -85116.675    35.377    -0.08    1.64
 -84828.434    35.289    -0.31    1.67
 -84540.179    35.161    -0.44    1.68
 -84251.910    35.248     0.30    2.00
 -83963.627    35.024    -0.78    2.35
 -83675.329    34.778    -0.85    2.52
 -83387.017    34.592    -0.65    2.56
 -83098.690    33.877    -2.48    2.67
 -82810.349    33.495    -1.33    2.55
 -82521.994    33.364    -0.45    2.33
 -82233.625    33.190    -0.60    1.98
 -81945.241    33.176    -0.05    1.82
 -81656.843    33.256     0.28    1.80
 -81368.430    33.384     0.44    1.67
 -81080.003    33.524     0.49    1.40
 -80791.562    33.259    -0.92    1.37
 -80503.106    33.263     0.01    1.42
 -80214.636    33.209    -0.19    1.46
 -79926.152    33.289     0.28    1.47
 -79637.653    33.510     0.77    1.43
 -79349.140    33.823     1.09    1.43
 -79060.613    34.017     0.67    1.45
 -78772.071    34.009    -0.03    1.51
 -78483.515    34.031     0.07    1.61
 -78194.944    34.080     0.17    1.55
 -77906.359    34.039    -0.14    1.56
 -77617.760    33.966    -0.25    1.44
 -77329.146    33.807    -0.55    1.36
 -77040.518    33.480    -1.13    1.55
 -76751.875    33.131    -1.21    1.57
 -76463.218    33.046    -0.30    1.76
 -76174.547    32.828    -0.75    2.23
 -75885.861    32.286    -1.88    2.72
 -75597.161    31.112    -4.06    3.36
 -75308.447    29.854    -4.36    3.73
 -75019.718    29.192    -2.29    3.65
 -74730.974    28.449    -2.57    3.56
 -74442.216    27.973    -1.65    3.28
 -74153.444    27.568    -1.40    3.09
 -73864.658    27.151    -1.44    2.85
 -73575.856    27.554     1.39    2.96
 -73287.041    27.602     0.17    2.92
 -72998.211    27.677     0.26    2.85
 -72709.367    28.110     1.50    2.98
 -72420.508    28.612     1.74    3.18
 -72131.635    29.234     2.15    3.27
 -71842.747    29.883     2.25    3.16
 -71553.845    30.377     1.71    2.84
 -71264.928    30.941     1.95    2.29
 -70975.997    31.177     0.82    2.13
 -70687.052    31.358     0.63    1.85
 -70398.092    30.965    -1.36    1.62
 -70109.117    30.465    -1.73    1.74
 -69820.128    29.936    -1.83    2.00
 -69531.125    29.612    -1.12    2.07
 -69242.107    29.141    -1.63    2.35
 -68953.075    28.828    -1.08    2.69
 -68664.028    28.360    -1.62    2.71
 -68374.967    27.704    -2.27    3.05
 -68085.891    27.248    -1.58    3.21
 -67796.801    26.510    -2.56    3.07
 -67507.697    26.024    -1.68    2.86
 -67218.577    25.987    -0.13    2.88
 -66929.444    25.828    -0.55    2.71
 -66640.296    25.719    -0.38    2.80
 -66351.133    25.554    -0.57    2.71
 -66061.956    25.756     0.70    2.66
 -65772.764    25.599    -0.54    2.58
 -65483.558    25.480    -0.41    2.60
 -65194.337    25.571     0.31    2.69
 -64905.102    25.964     1.36    3.11
 -64615.853    25.848    -0.40    3.02
 -64326.588    25.390    -1.58    3.00
 -64037.310    25.152    -0.82    2.97
 -63748.016    25.171     0.07    2.95
 -63458.709    24.862    -1.07    2.99
 -63169.386    24.928     0.23    2.82
 -62880.050    25.108     0.62    2.87
 -62590.698    25.436     1.13    3.11
 -62301.332    25.151    -0.98    3.18
 -62011.952    24.698    -1.57    3.35
 -61722.557    24.248    -1.55    3.25
 -61433.147    23.833    -1.44    3.12
 -61143.723    23.584    -0.86    3.06
 -60854.285    23.635     0.18    3.17
 -60564.831    23.701     0.23    3.27
 -60275.364    23.360    -1.18    3.09
 -59985.881    23.321    -0.14    2.96
 -59696.385    23.234    -0.30    2.90
 -59406.873    23.346     0.39    2.81
 -59117.347    23.598     0.87    3.02
 -58827.807    23.574    -0.08    3.10
 -58538.251    23.793     0.76    3.16
 -58248.682    23.921     0.44    2.86
 -57959.097    23.973     0.18    2.62
 -57669.499    24.465     1.70    2.75
 -57379.885    25.196     2.52    2.70
 -57090.257    25.465     0.93    2.52
 -56800.614    26.003     1.86    2.34
 -56510.957    26.540     1.86    2.41
 -56221.285    27.422     3.04    2.12
 -55931.599    28.017     2.05    1.82
 -55641.898    28.190     0.60    1.75
 -55352.182    28.402     0.73    1.55
 -55062.452    28.465     0.22    1.61
 -54772.707    28.495     0.10    1.62
 -54482.948    28.341    -0.53    1.77
 -54193.174    27.828    -1.77    1.94
 -53903.385    27.181    -2.23    2.15
 -53613.582    26.734    -1.54    2.17
 -53323.764    26.049    -2.36    1.99
 -53033.931    25.405    -2.22    1.79
 -52744.084    24.768    -2.20    1.58
 -52454.222    24.389    -1.31    1.50
 -52164.345    24.142    -0.85    1.57
 -51874.454    23.964    -0.61    1.60
 -51584.549    23.631    -1.15    1.38
 -51294.628    23.525    -0.37    1.48
 -51004.693    23.360    -0.57    1.54
 -50714.743    23.192    -0.58    1.46
 -50424.779    23.142    -0.17    1.50
 -50134.800    23.166     0.08    1.62
 -49844.841    23.526     1.24    1.79
 -49557.964    23.377    -0.52    1.72
 -49271.073    23.525     0.51    1.74
 -48984.167    23.895     1.29    1.59
 -48697.247    23.980     0.30    1.54
 -48410.313    23.913    -0.23    1.45
 -48123.365    23.569    -1.20    1.22
 -47836.402    23.689     0.42    1.29
 -47549.425    23.843     0.54    1.28
 -47262.433    23.828    -0.05    1.32
 -46975.427    23.889     0.21    1.26
 -46688.407    23.778    -0.38    1.32
 -46401.373    23.760    -0.06    1.35
 -46114.324    23.738    -0.08    1.24
 -45827.261    23.539    -0.69    1.30
 -45540.183    23.366    -0.60    1.17
 -45253.091    23.002    -1.27    1.21
 -44965.985    23.054     0.18    1.26
 -44678.865    22.848    -0.72    1.47
 -44391.730    22.714    -0.47    1.47
 -44104.581    22.554    -0.55    1.36
 -43817.417    22.274    -0.98    1.42
 -43530.239    22.103    -0.59    1.49
 -43243.047    21.809    -1.03    1.72
 -42955.841    21.274    -1.86    1.68
 -42668.620    20.723    -1.92    1.51
 -42381.384    20.385    -1.18    1.51
 -42094.135    20.166    -0.76    1.60
 -41806.871    19.707    -1.60    1.63
 -41519.592    19.451    -0.89    1.59
 -41232.299    19.335    -0.40    1.61
 -40944.992    18.868    -1.63    1.73
 -40657.671    18.599    -0.94    1.75
 -40370.335    18.434    -0.57    1.77
 -40082.985    18.343    -0.32    1.91
 -39795.620    18.264    -0.28    1.94
 -39508.241    18.017    -0.86    2.01
 -39220.847    18.271     0.88    2.15
 -38933.439    18.556     0.99    2.37
 -38646.017    18.972     1.45    2.41
 -38358.580    19.286     1.09    2.31
 -38071.129    19.464     0.62    2.08
 -37783.664    19.629     0.57    1.87
 -37496.184    19.587    -0.15    1.73
 -37208.689    19.495    -0.32    1.57
 -36921.181    19.629     0.47    1.47
 -36633.658    19.654     0.09    1.39
 -36346.120    19.814     0.55    1.17
 -36058.568    19.910     0.34    0.93
 -35771.001    19.745    -0.58    0.95
 -35483.421    19.589    -0.54    1.06
 -35195.825    19.392    -0.68    1.04
 -34908.216    19.054    -1.18    1.20
 -34620.591    18.795    -0.90    1.22
 -34332.953    18.509    -0.99    1.10
 -34045.300    18.328    -0.63    1.02
 -33757.632    18.201    -0.44    1.22
 -33469.950    18.033    -0.58    1.23
 -33182.254    17.928    -0.37    1.25
 -32894.543    17.495    -1.50    1.64
 -32606.817    16.892    -2.10    2.12
 -32319.078    16.190    -2.44    2.32
 -32031.323    15.802    -1.35    2.14
 -31743.555    15.995     0.67    2.63
 -31455.771    16.040     0.16    2.61
 -31167.974    16.510     1.63    2.52
 -30880.162    16.907     1.38    2.32
 -30592.335    17.092     0.64    1.63
 -30304.494    17.321     0.80    1.40
 -30016.638    17.509     0.66    1.28
 -29728.768    17.768     0.90    1.38
 -29440.883    17.949     0.63    1.39
 -29152.984    17.972     0.08    1.40
 -28865.071    18.186     0.74    1.34
 -28577.143    18.166    -0.07    1.35
 -28289.200    18.209     0.15    1.26
 -28001.243    18.304     0.33    1.12
 -27713.271    18.274    -0.10    1.13
 -27425.285    18.480     0.71    1.17
 -27137.285    18.402    -0.27    1.17
 -26849.270    18.642     0.83    1.25
 -26561.240    18.778     0.47    1.26
 -26273.196    18.695    -0.29    1.33
 -25985.137    18.598    -0.34    1.38
 -25697.064    18.654     0.20    1.38
 -25408.976    18.331    -1.12    1.19
 -25120.874    18.398     0.23    1.14
 -24832.757    18.362    -0.12    1.06
 -24544.626    18.241    -0.42    0.97
 -24256.480    18.017    -0.78    1.11
 -23968.319    17.795    -0.77    1.39
 -23680.144    17.364    -1.49    1.73
 -23391.955    16.524    -2.92    2.32
 -23103.751    15.823    -2.43    2.34
 -22815.532    15.098    -2.52    2.43
 -22527.299    14.009    -3.78    2.32
 -22239.051    13.280    -2.53    1.93
 -21950.789    12.680    -2.08    1.64
 -21662.512    12.289    -1.36    1.19
 -21374.220    12.161    -0.44    1.16
 -21085.914    12.071    -0.32    1.29
 -20797.593    12.146     0.26    1.16
 -20509.258    12.079    -0.23    1.20
 -20220.908    11.973    -0.37    1.31
 -19932.544    11.930    -0.15    1.40
 -19644.165    11.808    -0.42    1.60
 -19355.772    11.304    -1.75    2.10
 -19067.363    10.695    -2.11    2.41
 -18778.941    10.434    -0.90    2.44
 -18490.503     9.749    -2.38    2.74
 -18202.051     8.704    -3.62    3.36
 -17913.585     7.509    -4.14    4.02
 -17625.104     6.405    -3.83    4.26
 -17336.608     5.118    -4.46    4.20
 -17048.098     3.572    -5.36    3.21
 -16759.573     2.631    -3.26    2.29
 -16471.033     2.039    -2.05    1.27
 -16182.479     2.002    -0.13    1.35
 -15893.910     1.915    -0.30    1.25
 -15605.326     1.988     0.25    1.34
 -15316.728     1.909    -0.27    1.41
 -15028.115     1.913     0.01    1.37
 -14739.488     1.839    -0.26    1.21
 -14450.846     1.730    -0.38    1.20
 -14162.189     1.298    -1.50    2.13
 -13873.518     1.089    -0.72    2.12
 -13584.832     0.923    -0.57    2.04
 -13296.131     0.712    -0.73    2.08
 -13007.416     0.451    -0.91    2.08
 -12718.686     0.354    -0.33    2.07
 -12429.942     0.671     1.10    1.49
 -12141.182     0.987     1.09    1.51
 -11852.409     1.180     0.67    1.32
 -11563.620     1.138    -0.15    1.25
 -11274.817     1.230     0.32    1.27
 -10985.999     1.642     1.43    1.65
 -10697.166     1.934     1.01    1.78
 -10408.319     2.071     0.47    1.77
 -10119.457     2.172     0.35    1.74
  -9830.580     2.089    -0.29    1.78
  -9541.689     1.944    -0.50    1.82
  -9252.783     1.957     0.05    1.86
  -8963.862     1.686    -0.94    1.47
  -8674.927     1.926     0.83    1.68
  -8385.977     2.025     0.34    1.72
  -8097.012     1.913    -0.39    1.78
  -7808.032     1.584    -1.14    2.27
  -7519.038     1.393    -0.66    2.15
  -7230.029     1.331    -0.22    2.14
  -6941.005     1.205    -0.43    2.31
  -6651.967     1.040    -0.57    2.40
  -6362.914     1.222     0.63    2.50
  -6073.846     1.804     2.01    2.29
  -5784.764     1.879     0.26    2.38
  -5495.666     1.756    -0.43    2.21
  -5206.554     1.886     0.45    2.32
  -4917.428     1.727    -0.55    2.35
  -4628.286     1.813     0.30    2.57
  -4339.130     1.432    -1.32    2.22
  -4049.959     1.392    -0.14    2.41
  -3760.773     1.211    -0.62    1.72
  -3471.573     1.480     0.93    1.85
  -3182.358     1.409    -0.25    1.63
  -2893.128     1.715     1.06    1.68
  -2603.883     1.951     0.81    1.87
  -2314.623     2.120     0.58    2.00
  -2025.349     2.122     0.01    2.01
  -1736.060     2.318     0.68    2.10
  -1446.756     2.393     0.26    2.13
  -1157.438     2.352    -0.14    2.39
   -868.104     2.151    -0.69    2.47
   -578.756     1.745    -1.41    2.51
   -289.393     1.449    -1.02    2.59
     -0.016     1.298    -0.52    2.53
    289.377     1.375     0.27    2.65
    578.784     1.392     0.06    2.56
    868.206     1.266    -0.43    2.30
   1157.643     1.289     0.08    2.02
   1447.094     1.510     0.76    1.99
   1736.561     1.722     0.73    2.03
   2026.042     1.556    -0.57    1.98
   2315.538     1.289    -0.92    1.90
   2605.049     1.122    -0.58    1.85
   2894.575     1.157     0.12    1.89
   3184.115     0.901    -0.88    1.73
   3473.670     0.737    -0.56    1.74
   3763.241     0.435    -1.04    1.35
   4052.826     0.356    -0.27    1.22
   4342.425     0.195    -0.56    1.20
   4632.040     0.245     0.17    1.35
   4921.669     0.166    -0.27    1.18
   5211.314    -0.027    -0.67    1.11
   5500.973    -0.093    -0.23    1.04
   5790.647    -0.064     0.10    1.21
   6080.336    -0.083    -0.07    1.22
   6370.039    -0.237    -0.53    0.95
   6659.758    -0.259    -0.08    0.86
   6949.491    -0.348    -0.31    0.58
   7239.239    -0.215     0.46    0.81
   7529.002    -0.005     0.73    1.08
   7818.780     0.245     0.86    1.24
   8108.573     0.495     0.86    1.31
   8398.381     0.778     0.98    1.42
   8688.203     1.438     2.27    1.78
   8978.041     1.644     0.71    1.92
   9267.893     1.674     0.10    2.12
   9557.760     1.540    -0.46    2.36
   9847.642     1.405    -0.47    2.35
  10137.539     1.389    -0.06    2.38
  10427.451     1.112    -0.95    2.33
  10717.378     0.843    -0.93    2.15
  11007.320     0.726    -0.40    1.80
  11297.276     0.644    -0.28    1.71
  11587.248     0.671     0.09    1.57
  11877.234     0.586    -0.30    1.51
  12167.235     0.554    -0.11    1.39
  12455.461     0.586     0.11    1.39
  12742.309     0.525    -0.21    1.15
  13029.171     0.495    -0.11    1.14
  13316.048     0.466    -0.10    1.23
  13602.939     0.524     0.20    1.32
  13889.845     0.510    -0.05    1.29
  14176.766     0.759     0.87    1.56
  14463.701     0.604    -0.54    1.55
  14750.650     0.745     0.49    1.75
  15037.614     0.862     0.41    1.85
  15324.593     0.995     0.46    2.08
  15611.586     1.306     1.09    2.21
  15898.594     1.571     0.92    2.25
  16185.616     1.686     0.40    2.26
  16472.653     1.587    -0.34    2.45
  16759.705     1.268    -1.11    2.38
  17046.771     0.973    -1.03    2.38
  17333.851     0.614    -1.25    2.18
  17620.946     0.176    -1.53    2.01
  17908.056     0.068    -0.37    2.02
  18195.181    -0.142    -0.73    1.90
  18482.320    -0.172    -0.11    1.65
  18769.473    -0.367    -0.68    1.51
  19056.641    -0.520    -0.53    1.52
  19343.824    -0.908    -1.35    2.05
  19631.021    -0.977    -0.24    2.01
  19918.233    -1.182    -0.71    2.02
  20205.460    -1.091     0.32    1.99
  20492.701    -0.968     0.43    2.03
  20779.957    -0.813     0.54    1.30
  21067.227    -0.829    -0.06    1.32
  21354.512    -1.123    -1.02    1.16
  21641.811    -1.020     0.36    1.19
  21929.126    -0.977     0.15    1.07
  22216.455    -1.201    -0.78    1.14
  22503.798    -1.215    -0.05    1.27
  22791.156    -1.090     0.44    1.38
  23078.529    -1.211    -0.42    1.32
  23365.916    -1.198     0.05    1.38
  23653.318    -1.196     0.00    1.37
  23940.735    -1.091     0.37    1.53
  24228.166    -0.968     0.43    1.48
  24515.612    -1.102    -0.47    1.50
  24803.073    -1.237    -0.47    1.56
  25090.548    -1.520    -0.99    1.64
  25378.038    -1.580    -0.21    1.68
  25665.542    -1.717    -0.48    1.51
  25953.062    -1.699     0.06    1.43
  26240.596    -1.565     0.47    1.37
  26528.144    -1.420     0.51    1.27
  26815.707    -1.461    -0.14    1.23
  27103.285    -1.520    -0.21    1.28
  27390.878    -1.829    -1.07    1.32
  27678.485    -1.951    -0.43    1.38
  27966.107    -2.241    -1.01    1.41
  28253.744    -2.331    -0.32    1.50
  28541.395    -2.346    -0.05    1.57
  28829.061    -2.431    -0.29    1.62
  29116.742    -2.505    -0.26    1.69
  29404.437    -2.196     1.07    1.71
  29692.147    -2.151     0.16    1.54
  29979.872    -2.281    -0.45    1.52
  30267.611    -2.346    -0.22    1.42
  30555.365    -2.266     0.28    1.36
  30843.134    -2.329    -0.22    1.36
  31130.918    -2.402    -0.26    1.25
  31418.716    -2.386     0.06    1.27
  31706.529    -2.263     0.43    1.30
  31994.357    -2.222     0.14    1.29
  32282.200    -1.983     0.83    1.30
  32570.057    -1.799     0.64    1.11
  32857.929    -1.734     0.23    1.04
  33145.816    -1.634     0.35    1.23
  33433.717    -1.579     0.19    1.37
  33721.633    -1.299     0.97    1.87
  34009.564    -1.274     0.09    1.88
  34297.510    -0.976     1.04    2.01
  34585.470    -0.708     0.93    2.09
  34873.445    -0.662     0.16    1.67
  35161.435    -0.578     0.29    1.57
  35449.440    -0.445     0.46    1.63
  35737.459    -0.549    -0.36    1.51
  36025.494    -0.613    -0.22    1.29
  36313.542    -0.808    -0.68    1.19
  36601.606    -1.070    -0.91    1.24
  36889.685    -1.207    -0.47    1.27
  37177.778    -1.302    -0.33    1.20
  37465.886    -1.446    -0.50    1.01
  37754.009    -1.399     0.16    1.02
  38042.146    -1.339     0.21    1.20
  38330.299    -1.105     0.81    1.23
  38618.466    -0.549     1.93    2.20
  38906.648     0.122     2.33    2.55
  39194.845     0.409     1.00    2.69
  39483.056     0.756     1.20    2.64
  39771.283     1.039     0.98    2.54
  40059.524     1.495     1.58    2.43
  40347.780     1.802     1.07    2.30
  40636.051     2.259     1.59    2.29
  40924.336     3.219     3.33    2.99
  41212.637     4.103     3.07    3.34
  41500.952     5.176     3.72    3.26
  41789.282     6.436     4.37    2.83
  42077.627     7.642     4.18    2.17
  42365.987     8.049     1.41    1.51
  42654.361     8.241     0.67    1.39
  42942.750     8.266     0.09    1.45
  43231.155     8.379     0.39    1.60
  43519.574     8.640     0.90    1.76
  43808.008     8.612    -0.09    1.77
  44096.456     8.525    -0.30    1.83
  44384.920     8.161    -1.26    1.94
  44673.398     8.040    -0.42    2.01
  44961.892     7.644    -1.37    1.75
  45250.400     7.304    -1.18    1.54
  45538.923     7.089    -0.74    1.35
  45827.461     7.292     0.70    1.51
  46116.013     7.872     2.01    1.99
  46404.581     8.868     3.45    2.21
  46693.163     9.555     2.38    2.23
  46981.761    10.215     2.29    2.25
  47270.373    10.799     2.02    1.91
  47559.000    11.095     1.02    1.48
  47847.642    11.263     0.58    1.16
  48136.299    11.171    -0.32    1.16
  48424.971    11.230     0.20    1.22
  48713.657    11.192    -0.13    1.28
  49002.359    11.301     0.38    1.66
  49291.075    11.280    -0.07    1.62
  49579.806    11.215    -0.23    1.67
  49868.553    11.295     0.28    1.65
  50157.314    11.331     0.12    1.70
  50446.090    11.146    -0.64    1.79
  50734.881    10.964    -0.63    1.27
  51023.687    10.833    -0.45    1.53
  51312.507    10.348    -1.68    1.85
  51601.343    10.127    -0.76    1.98
  51890.194     9.638    -1.69    2.11
  52179.059     8.872    -2.65    2.13
  52467.940     8.226    -2.23    1.87
  52756.835     7.838    -1.34    1.60
  53045.746     7.540    -1.03    1.39
  53334.671     7.289    -0.87    1.22
  53623.611     7.215    -0.25    1.10
  53912.566     7.252     0.13    1.10
  54201.536     7.350     0.34    1.17
  54490.522     7.539     0.65    1.31
  54779.522     7.598     0.20    1.25
  55068.537     7.586    -0.04    1.20
  55357.566     7.599     0.05    1.21
  55646.611     7.809     0.73    1.28
  55935.671     7.959     0.52    1.23
  56224.746     8.052     0.32    1.20
  56513.836     8.092     0.14    1.14
  56802.941     8.289     0.68    1.07
  57092.060     8.222    -0.23    1.25
  57381.195     8.156    -0.23    1.30
  57670.345     7.804    -1.22    1.70
  57959.510     7.598    -0.71    1.67
  58248.689     7.052    -1.89    1.83
  58537.884     6.901    -0.52    1.91
  58827.094     6.874    -0.09    1.80
  59116.318     7.017     0.50    1.82
  59405.558     7.241     0.77    1.75
  59694.813     7.567     1.13    1.59
  59984.082     8.098     1.83    1.58
  60273.367     8.466     1.27    1.56
  60562.667     8.580     0.40    1.59
  60851.981     8.833     0.87    1.52
  61141.311     9.009     0.61    1.47
  61430.656     8.828    -0.63    1.44
  61720.016     8.659    -0.58    1.31
  62009.391     8.567    -0.32    1.26
  62298.780     8.580     0.05    1.34
  62588.185     8.629     0.17    1.25
  62877.605     8.904     0.95    1.70
  63167.040     9.039     0.47    1.92
  63456.490     9.161     0.42    1.92
  63745.955     8.907    -0.88    1.96
  64035.435     8.719    -0.65    2.10
  64324.930     8.372    -1.20    2.36
  64614.441     7.959    -1.43    2.52
  64903.966     7.727    -0.80    2.08
  65193.506     7.556    -0.59    2.14
  65483.061     7.612     0.19    2.22
  65772.632     7.404    -0.72    2.24
  66062.217     7.271    -0.46    2.40
  66351.818     7.583     1.08    2.61
  66641.434     7.669     0.30    2.61
  66931.064     7.862     0.67    2.53
  67220.710     7.898     0.12    2.40
  67510.371     7.951     0.18    2.26
  67800.047     7.913    -0.13    2.05
  68089.738     7.596    -1.09    2.01
  68379.444     6.995    -2.08    1.95
  68669.165     6.901    -0.33    1.94
  68958.902     6.862    -0.13    2.04
  69248.653     6.599    -0.91    1.98
  69538.420     6.583    -0.06    2.07
  69828.201     6.433    -0.52    2.16
  70117.998     6.422    -0.04    2.39
  70407.810     6.409    -0.05    2.42
  70697.637     6.377    -0.11    2.28
  70987.479     6.568     0.66    2.26
  71277.336     6.833     0.91    2.12
  71567.209     6.919     0.30    2.08
  71857.096     7.054     0.46    2.01
  72146.999     7.181     0.44    1.79
  72436.917     7.080    -0.35    1.91
  72726.850     6.901    -0.62    2.10
  73016.798     6.952     0.18    2.15
  73306.761     6.868    -0.29    2.19
  73596.739     6.417    -1.56    1.96
  73886.733     6.142    -0.95    1.95
  74176.741     6.171     0.10    2.01
  74466.416     6.379     0.72    1.83
  74753.215     6.409     0.11    1.73
  75040.028     6.465     0.20    1.89
  75326.856     6.965     1.74    1.78
  75613.699     7.116     0.53    1.79
  75900.557     7.017    -0.34    1.80
  76187.429     6.719    -1.04    2.03
  76474.317     6.553    -0.58    1.98
  76761.219     6.709     0.54    1.85
  77048.135     6.657    -0.18    1.90
  77335.067     6.640    -0.06    1.95
  77622.013     6.449    -0.66    2.17
  77908.975     6.237    -0.74    2.14
  78195.951     5.848    -1.36    2.37
  78482.941     5.025    -2.87    2.59
  78769.947     4.248    -2.71    2.60
  79056.967     3.595    -2.28    2.47
  79344.003     3.495    -0.35    2.53
  79631.053     4.245     2.61    2.87
  79918.117     4.895     2.26    2.95
  80205.197     4.980     0.30    2.93
  80492.292     5.649     2.33    2.64
  80779.401     5.930     0.98    2.35
  81066.525     6.234     1.06    1.93
  81353.664     6.040    -0.67    1.82
  81640.818     5.727    -1.09    1.88
  81927.986     5.554    -0.60    2.51
  82215.170     4.941    -2.13    2.73
  82502.368     4.730    -0.73    2.88
  82789.581     4.495    -0.82    2.97
  83076.809     4.674     0.62    3.03
  83364.052     4.804     0.45    2.96
  83651.310     5.138     1.16    2.60
  83938.582     5.304     0.58    2.58
  84225.870     5.737     1.51    2.32
  84513.172     6.259     1.82    1.82
  84800.489     6.479     0.77    1.64
  85087.821     6.268    -0.74    1.81
  85375.168     6.219    -0.17    1.88
  85662.530     6.256     0.13    1.83
  85949.906     6.195    -0.21    1.88
  86237.298     6.335     0.49    1.78
  86524.704     6.222    -0.39    1.73
  86812.125     5.934    -1.00    1.66
  87099.561     5.677    -0.90    1.75
  87387.012     5.452    -0.78    1.87
  87674.478     5.348    -0.36    1.95
  87961.959     5.180    -0.58    1.82
  88249.455     5.132    -0.17    1.76
  88536.965     5.142     0.03    1.66
  88824.491     5.112    -0.10    1.72
  89112.031     5.040    -0.25    1.82
  89399.587     5.122     0.28    1.79
  89687.157     5.052    -0.24    1.79
  89974.742     4.901    -0.53    1.70
  90262.342     5.166     0.92    1.81
  90549.957     5.215     0.17    1.72
  90837.587     5.420     0.71    1.67
  91125.232     5.464     0.15    1.53
  91412.892     5.555     0.32    1.51
  91700.566     5.627     0.25    1.72
  91988.256     5.719     0.32    1.70
  92275.961     5.880     0.56    1.68
  92563.680     6.277     1.38    1.66
  92851.415     6.638     1.25    1.77
  93139.164     7.346     2.46    1.84
  93426.928     7.726     1.32    2.14
  93714.708     8.318     2.06    2.47
  94002.502     9.259     3.27    2.84
  94290.311    10.695     4.99    3.66
  94578.135    12.123     4.96    4.70
  94865.975    13.995     6.50    5.25
  95153.829    16.756     9.59    6.17
  95441.698    19.358     9.04    6.09
  95729.582    21.268     6.63    5.82
  96017.481    23.092     6.34    5.27
  96305.395    23.995     3.14    4.56
  96593.324    24.395     1.39    4.25
  96881.268    24.715     1.11    4.07
  97169.227    23.923    -2.75    4.77
  97457.201    22.434    -5.17    5.28
  97745.190    20.631    -6.26    5.70
  98033.194    17.804    -9.82    6.33
  98321.213    14.554   -11.28    6.37
  98609.247    12.066    -8.64    5.72
  98897.296    10.109    -6.80    4.41
  99185.360     8.930    -4.09    3.36
  99473.439     8.245    -2.38    2.13
  99761.533     8.271     0.09    1.58
 100049.642     8.480     0.73    1.51
 100337.766     8.813     1.16    1.44
 100625.906     9.098     0.99    1.54
 100914.060     9.395     1.03    1.67
 101202.229     9.480     0.30    1.74
 101490.413     9.818     1.17    1.83
 101778.612    10.540     2.50    2.08
 102066.827    10.587     0.16    1.98
 102355.056    10.951     1.26    2.48
 102643.300    11.055     0.36    2.51
 102931.560    11.407     1.22    2.65
 103219.834    11.880     1.64    2.70
 103508.124    12.466     2.03    3.01
 103796.428    13.002     1.86    3.06
 104084.748    13.555     1.92    3.21
 104373.083    14.598     3.62    3.68
 104661.433    15.079     1.67    3.78
 104949.797    15.959     3.05    3.79
 105238.177    16.623     2.31    3.71
 105526.572    16.898     0.95    3.77
 105814.982    17.907     3.50    4.14
 106103.408    18.745     2.91    4.03
 106391.848    19.464     2.50    4.39
 106680.303    20.627     4.03    4.51
 106968.774    21.601     3.38    4.55
 107257.259    22.259     2.28    4.51
 107545.760    23.023     2.65    4.55
 107834.275    23.741     2.49    4.46
 108122.806    24.318     2.00    4.72
 108411.352    25.214     3.10    4.88
 108699.913    25.451     0.82    5.00
 108988.489    25.980     1.83    5.17
 109277.081    26.395     1.44    4.95
 109565.687    27.171     2.69    4.97
 109854.309    28.127     3.31    4.90
 110142.945    28.629     1.74    4.60
 110431.597    28.569    -0.21    4.58
 110720.264    29.283     2.47    4.47
 111008.946    30.304     3.54    4.42
 111297.643    30.949     2.24    4.25
 111586.355    32.089     3.95    4.02
 111875.083    33.052     3.34    3.76
 112163.825    33.880     2.87    3.33
 112452.583    34.539     2.28    2.70
 112741.356    34.808     0.93    2.74
 113030.144    35.451     2.22    2.48
 113318.947    35.848     1.37    2.37
 113607.765    36.255     1.41    2.22
 113896.599    36.380     0.43    2.00
 114185.447    36.612     0.80    1.55
 114474.311    36.524    -0.31    1.42
 114763.190    36.495    -0.10    1.28
 115052.084    36.237    -0.89    1.42
 115340.994    35.793    -1.54    1.54
 115629.918    35.256    -1.86    1.83
 115918.858    34.809    -1.55    1.95
 116207.813    34.157    -2.26    2.12
 116496.783    33.895    -0.91    2.18
 116785.768    33.677    -0.76    2.21
 117074.769    33.586    -0.31    2.41
 117363.785    33.524    -0.21    2.53
 117652.815    32.980    -1.88    2.68
 117941.862    32.752    -0.79    2.68
 118230.923    32.780     0.10    2.54
 118519.999    32.715    -0.23    2.37
 118809.091    33.023     1.07    2.50
 119098.198    32.828    -0.68    2.42
 119387.320    33.599     2.67    2.72
 119676.458    34.268     2.31    2.40
 119965.610    34.901     2.19    2.12
 120254.778    35.338     1.51    1.91
 120543.961    35.596     0.89    1.92
 120833.159    35.727     0.45    2.07
 121122.373    35.808     0.28    2.24
 121411.602    35.883     0.26    2.05
 121700.846    36.186     1.05    1.90
 121990.105    36.480     1.02    1.74
 122279.379    36.451    -0.10    1.59
 122568.669    36.466     0.05    1.50
 122857.974    36.205    -0.90    1.54
 123147.295    35.480    -2.51    1.76
 123436.630    35.268    -0.73    1.79
 123725.981    34.868    -1.38    1.70
 124015.347    34.335    -1.84    1.68
 124304.728    33.886    -1.55    1.68
 124594.125    33.423    -1.60    1.56
 124883.537    33.103    -1.11    1.50
 125172.964    33.002    -0.35    1.49
 125462.407    33.017     0.05    1.48
 125751.864    33.086     0.24    1.48
 126041.337    33.366     0.97    1.41
 126330.826    33.582     0.74    1.39
 126620.329    33.738     0.54    1.26
 126909.848    34.138     1.38    1.35
 127199.382    34.274     0.47    1.36
 127488.932    34.583     1.07    1.39
 127778.497    34.646     0.22    1.47
 128068.077    34.704     0.20    1.52
 128357.672    34.889     0.64    1.53
 128647.283    34.907     0.06    1.55
 128936.909    35.118     0.73    1.50
 129226.551    35.316     0.68    1.38
 129516.207    35.375     0.21    1.31
 129805.880    35.331    -0.15    1.23
 130095.567    35.211    -0.41    1.41
 130385.270    35.201    -0.04    1.39
 130674.988    34.957    -0.84    1.49
 130964.721    34.580    -1.30    1.88
 131254.470    34.238    -1.18    2.00
 131544.234    33.778    -1.59    2.42
 131834.014    33.068    -2.45    2.58
 132123.808    32.316    -2.60    2.82
 132413.619    31.698    -2.13    2.92
 132703.444    30.770    -3.20    3.01
 132993.285    30.215    -1.91    3.01
 133283.141    30.083    -0.46    2.87
 133573.013    29.853    -0.79    2.85
 133862.900    29.657    -0.68    2.67
 134152.802    29.211    -1.54    3.00
 134442.720    28.539    -2.32    3.45
 134732.653    27.566    -3.36    3.77
 135022.602    26.734    -2.87    4.16
 135312.566    25.166    -5.41    4.20
 135602.545    23.586    -5.45    4.20
 135892.540    22.122    -5.05    4.06
 136182.550    20.421    -5.86    3.77
 136472.575    19.112    -4.51    3.45
 136760.506    18.166    -3.29    3.09
 137047.281    17.080    -3.79    2.27
 137334.071    16.219    -3.00    1.89
 137620.876    15.580    -2.23    1.59
 137907.696    15.256    -1.13    1.39
 138194.531    15.009    -0.86    1.35
 138481.381    14.919    -0.32    1.25
 138768.247    14.907    -0.04    1.30
 139055.127    15.152     0.86    1.55
 139342.022    15.241     0.31    1.62
 139628.932    15.423     0.64    1.73
 139915.857    16.024     2.09    2.17
 140202.798    16.689     2.32    2.22
 140489.753    17.215     1.84    2.44
 140776.723    17.480     0.92    2.63
 141063.709    17.838     1.25    2.72
 141350.709    18.352     1.79    2.68
 141637.725    18.674     1.12    2.60
 141924.755    19.392     2.50    2.68
 142211.801    19.730     1.18    2.72
 142498.861    20.390     2.30    2.68
 142785.937    20.907     1.80    2.59
 143073.028    21.390     1.69    2.74
 143360.134    21.862     1.64    2.94
 143647.254    21.973     0.39    3.01
 143934.390    22.066     0.32    3.21
 144221.541    22.280     0.75    3.40
 144508.707    22.151    -0.45    3.51
 144795.889    21.980    -0.60    3.17
 145083.085    21.631    -1.22    2.70
 145370.296    21.646     0.05    2.69
 145657.522    21.752     0.37    2.49
 145944.764    21.598    -0.54    2.23
 146232.020    21.988     1.36    2.43
 146519.292    22.321     1.16    2.24
 146806.579    22.419     0.34    2.15
 147093.881    22.804     1.34    2.27
 147381.198    22.980     0.61    2.22
 147668.530    23.524     1.90    2.32
 147955.877    24.466     3.28    2.65
 148243.239    25.023     1.94    2.64
 148530.617    25.395     1.29    2.97
 148818.009    25.848     1.58    3.11
 149105.417    26.333     1.69    3.25
 149392.839    26.555     0.77    3.28
 149680.277    27.211     2.28    3.47
 149967.730    28.083     3.03    3.16
 150255.199    29.083     3.48    3.13
 150542.682    30.072     3.44    3.09
 150830.180    31.109     3.61    2.99
 151117.694    32.038     3.23    2.98
 151405.222    32.862     2.87    2.56
 151692.766    33.555     2.41    2.25
 151980.325    33.745     0.66    2.37
 152267.899    34.147     1.40    2.06
 152555.489    34.393     0.86    1.76
 152843.093    34.410     0.06    1.68
 153130.713    34.669     0.90    1.60
 153418.348    35.103     1.51    1.73
 153705.998    35.418     1.09    1.81
 153993.663    35.631     0.74    1.77
 154281.343    35.833     0.70    1.94
 154569.039    35.538    -1.02    2.19
 154856.749    34.923    -2.14    3.02
 155144.475    33.886    -3.61    3.18
 155432.216    32.988    -3.12    3.13
 155719.972    32.054    -3.25    2.94
 156007.744    31.659    -1.37    2.79
 156295.530    31.171    -1.69    2.72
 156583.332    30.451    -2.50    2.90
 156871.149    29.795    -2.28    3.29
 157158.981    29.284    -1.78    3.26
 157446.829    28.886    -1.38    3.46
 157734.692    28.642    -0.85    3.61
 158022.569    28.241    -1.39    3.64
 158310.462    27.904    -1.17    3.58
 158598.371    28.304     1.39    3.44
 158886.294    28.752     1.56    3.11
 159174.233    29.380     2.18    2.89
 159462.187    30.095     2.48    3.18
 159750.156    30.780     2.38    3.54
 160038.141    31.727     3.29    3.34
 160326.140    32.778     3.65    3.07
 160614.155    33.421     2.23    2.75
 160902.185    34.040     2.15    2.66
 161190.231    34.539     1.73    2.46
 161478.291    35.066     1.83    2.02
 161766.367    35.390     1.13    1.71
 162054.458    35.335    -0.19    1.89
 162342.565    35.211    -0.43    1.99
 162630.687    34.798    -1.43    2.25
 162918.823    33.892    -3.14    2.65
 163206.976    32.554    -4.64    3.17
 163495.143    31.495    -3.67    3.39
 163783.326    30.423    -3.72    3.30
 164071.524    29.480    -3.27    2.89
 164359.737    29.112    -1.28    2.58
 164647.966    29.032    -0.28    2.70
 164936.210    29.054     0.07    2.80
 165224.469    29.375     1.12    2.79
 165512.743    29.450     0.26    2.54
 165801.033    29.466     0.05    2.44
 166089.338    29.437    -0.10    2.08
 166377.658    29.566     0.45    2.23
 166665.994    29.907     1.18    2.51
 166954.345    30.301     1.37    2.85
 167242.711    30.465     0.57    2.92
 167531.093    30.734     0.93    2.94
 167819.490    31.195     1.60    2.86
 168107.902    31.410     0.75    2.57
 168396.330    31.524     0.40    2.32
 168684.772    31.877     1.22    2.39
 168973.231    32.122     0.85    2.43
 169261.704    32.283     0.56    2.49
 169550.193    32.715     1.50    2.53
 169838.697    32.778     0.22    2.35
 170127.217    33.219     1.53    2.39
 170415.752    33.566     1.20    2.36
 170704.302    34.023     1.58    2.36
 170992.867    34.611     2.04    2.23
 171281.448    35.348     2.55    1.99
 171570.045    35.877     1.83    2.05
 171858.656    36.599     2.50    2.11
 172147.283    37.152     1.92    1.95
 172435.926    37.866     2.47    1.91
 172724.583    38.248     1.32    1.68
 173013.257    38.683     1.51    1.40
 173301.945    38.868     0.64    1.40
 173590.649    39.025     0.54    1.42
 173879.368    38.701    -1.12    1.64
 174168.103    38.047    -2.26    2.02
 174456.853    37.509    -1.86    2.36
 174745.618    37.280    -0.79    2.45
 175034.399    36.596    -2.37    2.46
 175323.195    35.966    -2.18    2.39
 175612.007    35.241    -2.51    2.31
 175900.834    35.112    -0.45    2.33
 176189.676    34.813    -1.04    2.23
 176478.534    35.031     0.75    2.27
 176767.407    35.342     1.08    2.26
 177056.296    35.833     1.70    2.45
 177345.200    36.480     2.24    2.26
 177634.119    37.389     3.14    1.90
 177923.054    37.793     1.40    1.66
 178212.004    37.980     0.65    1.72
 178500.970    38.274     1.02    1.60
 178789.951    38.195    -0.27    1.78
 179078.948    37.666    -1.83    2.20
 179367.960    37.304    -1.25    2.32
 179656.988    37.123    -0.62    2.40
 179946.030    37.055    -0.24    2.37
 180235.089    37.131     0.26    2.06
 180524.163    37.017    -0.39    2.41
 180813.252    36.828    -0.65    2.53
 181102.357    36.734    -0.32    2.48
 181391.477    36.712    -0.08    2.47
 181680.613    36.866     0.53    2.67
 181969.764    37.318     1.56    2.70
 182258.930    37.980     2.29    2.54
 182548.112    38.568     2.04    2.27
 182837.310    39.195     2.17    1.77
 183126.523    39.480     0.99    1.49
 183415.751    38.953    -1.82    1.92
 183704.995    38.318    -2.20    2.22
 183994.255    37.646    -2.32    2.35
 184283.530    37.211    -1.50    2.39
 184572.820    37.040    -0.59    2.48
 184862.126    36.823    -0.75    2.40
 185151.448    37.335     1.77    2.36
 185440.785    38.095     2.63    2.08
 185730.137    38.638     1.88    1.70
 186019.505    38.892     0.88    1.50
 186308.889    39.024     0.46    1.61
 186598.288    38.752    -0.94    2.09
 186887.702    38.313    -1.52    2.44
 187177.132    37.980    -1.15    2.48
 187466.578    37.957    -0.08    2.49
 187756.039    38.095     0.47    2.48
 188045.515    38.142     0.16    2.41
 188335.008    38.646     1.74    2.04
 188624.515    39.098     1.56    1.63
 188914.039    39.271     0.60    1.64
 189203.577    38.872    -1.38    1.93
 189493.132    38.277    -2.05    2.09
 189782.702    37.756    -1.80    2.10
 190072.287    37.333    -1.46    2.18
 190361.888    36.889    -1.53    2.29
 190651.504    36.171    -2.48    2.66
 190941.137    35.343    -2.86    2.89
 191230.784    34.509    -2.88    3.03
 191520.448    33.886    -2.15    2.96
 191810.126    33.301    -2.02    3.05
 192099.821    32.695    -2.09    3.28
 192389.531    31.553    -3.94    3.38
 192679.256    30.616    -3.23    3.37
 192968.997    29.318    -4.48    3.85
 193258.754    27.892    -4.92    3.88
 193548.526    26.652    -4.28    4.12
 193838.314    24.680    -6.80    4.02
 194128.118    22.930    -6.04    3.33
 194417.937    21.437    -5.15    2.82
 194707.771    20.420    -3.51    2.49
 194997.622    19.789    -2.18    2.20
 195287.488    19.222    -1.96    1.79
 195577.369    18.959    -0.91    1.61
 195867.266    19.185     0.78    1.70
 196157.179    19.640     1.57    1.78
 196447.107    19.966     1.13    1.74
 196737.051    20.657     2.38    1.82
 197027.011    21.241     2.02    1.74
 197316.986    21.892     2.24    1.46
 197606.977    22.695     2.77    1.79
 197896.984    23.451     2.61    1.97
 198187.006    24.185     2.53    2.02
 198477.044    25.031     2.92    2.11
 198766.504    25.980     3.28    2.22
 199053.233    26.752     2.69    2.26
 199339.977    27.540     2.75    2.09
 199626.736    28.219     2.37    1.83
 199913.511    28.553     1.16    1.57
 200200.301    28.692     0.49    1.70
 200487.106    28.538    -0.54    1.97
 200773.926    28.074    -1.62    2.41
 201060.762    27.774    -1.05    2.71
 201347.613    27.783     0.03    2.88
 201634.479    27.259    -1.82    3.26
 201921.360    27.241    -0.06    3.29
 202208.257    26.872    -1.29    3.37
 202495.169    27.030     0.55    3.50
 202782.096    27.277     0.86    3.55
 203069.038    26.966    -1.08    3.57
 203355.996    27.086     0.42    3.63
 203642.969    27.083    -0.01    3.52
 203929.957    27.186     0.36    3.35
 204216.961    27.171    -0.05    3.25
 204503.979    26.966    -0.71    2.85
 204791.014    26.861    -0.37    2.65
 205078.063    27.017     0.54    2.39
 205365.128    27.171     0.54    2.45
 205652.207    27.495     1.13    2.63
 205939.303    27.495     0.00    2.32
 206226.413    27.524     0.10    2.30
 206513.539    27.868     1.20    2.31
 206800.680    28.002     0.47    2.31
 207087.837    28.364     1.26    2.42
 207375.009    28.538     0.61    2.64
 207662.196    28.554     0.05    2.63
 207949.398    28.833     0.97    2.59
 208236.616    29.215     1.33    2.78
 208523.849    29.274     0.20    2.74
 208811.097    29.936     2.30    2.91
 209098.361    30.451     1.79    3.01
 209385.640    31.335     3.08    3.23
 209672.934    32.132     2.78    3.08
 209960.244    32.695     1.96    2.99
 210247.569    33.186     1.71    2.93
 210534.910    33.259     0.26    3.06
 210822.265    33.116    -0.50    2.90
 211109.637    33.509     1.37    2.88
 211397.023    33.495    -0.05    2.88
 211684.425    33.567     0.25    2.86
 211971.842    33.889     1.12    2.82
 212259.275    34.338     1.56    2.67
 212546.722    35.166     2.88    2.58
 212834.186    35.598     1.50    2.32
 213121.664    35.907     1.07    2.04
 213409.158    36.151     0.85    1.91
 213696.668    36.100    -0.18    2.06
 213984.193    36.393     1.02    2.03
 214271.733    36.550     0.55    1.99
 214559.288    36.712     0.56    1.81
 214846.859    37.101     1.35    1.61
 215134.446    37.039    -0.22    1.57
 215422.048    37.271     0.81    1.50
 215709.665    37.380     0.38    1.52
 215997.297    37.609     0.79    1.51
 216284.945    37.795     0.65    1.49
 216572.609    37.880     0.30    1.40
 216860.287    38.009     0.45    1.32
 217147.982    38.274     0.92    1.05
 217435.691    38.237    -0.13    1.14
 217723.416    38.177    -0.21    1.20
 218011.157    38.074    -0.35    1.37
 218298.913    38.103     0.10    1.44
 218586.684    38.038    -0.23    1.58
 218874.471    37.952    -0.30    1.76
 219162.273    37.857    -0.33    1.71
 219450.091    37.892     0.12    1.54
 219737.924    37.848    -0.15    1.42
 220025.772    37.569    -0.97    1.62
 220313.636    37.280    -1.00    1.52
 220601.516    37.103    -0.62    1.40
 220889.411    36.945    -0.55    1.32
 221177.321    36.938    -0.03    1.28
 221465.247    37.176     0.83    1.24
 221753.188    37.186     0.03    1.22
 222041.145    37.271     0.30    1.06
 222329.117    37.259    -0.04    1.12
 222617.105    37.109    -0.52    1.29
 222905.108    36.843    -0.93    1.54
 223193.126    36.593    -0.87    1.67
 223481.161    36.335    -0.90    2.00
 223769.210    35.838    -1.73    2.42
 224057.275    35.062    -2.69    2.57
 224345.356    34.540    -1.81    2.87
 224633.452    33.892    -2.25    3.03
 224921.564    33.046    -2.94    3.00
 225209.691    32.409    -2.21    3.18
 225497.833    31.495    -3.17    3.16
 225785.991    30.799    -2.41    3.26
 226074.165    29.759    -3.61    2.78
 226362.354    29.092    -2.32    2.62
 226650.559    28.346    -2.59    2.17
 226938.779    27.686    -2.29    1.62
 227227.015    27.422    -0.91    1.17
 227515.266    27.398    -0.09    1.15
 227803.533    27.666     0.93    1.18
 228091.815    27.923     0.89    1.17
 228380.113    28.274     1.22    1.18
 228668.426    28.644     1.28    1.35
 228956.755    29.024     1.32    1.40
 229245.099    29.638     2.13    1.64
 229533.459    30.038     1.39    1.81
 229821.835    30.692     2.27    1.92
 230110.226    31.263     1.98    1.90
 230398.633    31.823     1.94    1.96
 230687.055    32.480     2.28    2.02
 230975.493    32.943     1.60    2.03
 231263.946    33.245     1.05    2.01
 231552.415    33.966     2.50    2.08
 231840.899    34.451     1.68    2.14
 232129.399    34.917     1.62    2.05
 232417.915    35.393     1.65    1.86
 232706.446    36.127     2.54    2.01
 232994.993    37.146     3.53    2.54
 233283.555    37.677     1.84    2.51
 233572.133    38.393     2.48    2.49
 233860.727    39.009     2.13    2.40
 234149.336    39.223     0.74    2.52
 234437.961    39.195    -0.10    2.56
 234726.601    39.068    -0.44    2.34
 235015.257    38.921    -0.51    2.03
 235303.929    38.627    -1.02    1.69
 235592.616    38.571    -0.20    1.17
 235881.319    38.566    -0.01    1.05
 236170.037    38.466    -0.35    1.06
 236458.771    38.314    -0.53    1.21
 236747.521    38.044    -0.94    1.24
 237036.287    37.959    -0.30    1.20
 237325.067    37.877    -0.28    1.15
 237613.864    37.995     0.41    1.05
 237902.676    38.157     0.56    0.91
 238191.504    38.086    -0.24    0.89
 238480.348    37.843    -0.84    1.00
 238769.207    37.706    -0.47    1.11
 239058.082    37.480    -0.78    1.18
 239346.972    37.142    -1.17    1.29
 239635.878    36.980    -0.56    1.30
 239924.800    36.689    -1.01    1.43
 240213.737    36.715     0.09    1.47
 240502.691    36.652    -0.22    1.56
 240791.659    36.195    -1.58    1.71
 241080.644    36.046    -0.52    1.84
 241369.644    36.127     0.28    1.93
 241658.660    36.054    -0.25    1.84
 241947.691    35.964    -0.31    2.05
 242236.738    35.640    -1.12    2.11
 242525.801    35.799     0.55    2.02
 242814.880    35.745    -0.19    1.87
 243103.974    35.209    -1.85    2.21
 243393.084    34.538    -2.32    2.47
 243682.210    33.898    -2.21    2.49
 243971.351    33.568    -1.14    2.58
 244260.508    33.375    -0.67    2.66
 244549.681    33.452     0.26    2.61
 244838.869    33.623     0.59    2.63
 245128.074    34.230     2.10    2.36
 245417.293    34.669     1.52    1.81
 245706.529    34.364    -1.05    1.83
 245995.780    33.510    -2.95    2.59
 246285.048    32.642    -3.00    2.60
 246574.330    32.054    -2.03    2.63
 246863.629    31.683    -1.28    2.46
 247152.943    31.638    -0.16    2.11
 247442.273    31.752     0.40    2.26
 247731.619    32.161     1.42    2.41
 248020.981    32.390     0.79    2.41
 248310.358    32.848     1.58    2.48
 248599.751    33.245     1.37    2.37
 248889.160    34.031     2.72    2.34
 249178.584    34.481     1.55    2.24
 249468.025    34.915     1.50    2.15
 249757.481    35.509     2.05    2.22
 250046.953    36.274     2.64    2.13
 250336.440    36.680     1.40    2.14
 250625.944    36.995     1.09    1.87
 250915.463    37.379     1.33    1.78
 251204.998    37.695     1.09    1.72
 251494.549    37.745     0.17    1.76
 251784.115    37.756     0.04    1.96
 252073.697    37.595    -0.56    2.20
 252363.296    37.392    -0.70    2.46
 252652.909    37.390    -0.01    2.46
 252942.539    37.333    -0.20    2.30
 253232.185    37.409     0.26    1.90
 253521.846    37.582     0.60    1.49
 253811.523    37.467    -0.40    1.48
 254101.216    37.538     0.25    1.48
 254390.925    37.465    -0.25    1.74
 254680.650    37.586     0.42    1.93
 254970.390    37.480    -0.37    2.19
 255260.146    37.074    -1.40    2.39
 255549.918    36.680    -1.36    2.44
 255839.706    36.664    -0.06    2.51
 256129.510    36.931     0.92    2.64
 256419.330    37.348     1.44    2.39
 256709.165    37.598     0.86    2.37
 256999.016    37.768     0.59    2.38
 257288.884    37.959     0.66    2.10
 257578.767    37.795    -0.57    1.94
 257868.665    37.659    -0.47    1.81
 258158.580    37.538    -0.42    1.85
 258448.511    37.566     0.10    1.64
 258738.457    37.631     0.22    1.59
 259028.419    37.745     0.39    1.43
 259318.398    37.793     0.17    1.24
 259608.392    37.738    -0.19    1.06
 259898.402    37.452    -0.99    1.22
 260188.427    37.352    -0.34    1.18
 260478.469    37.495     0.49    1.07
 260768.527    37.301    -0.67    1.08
 261056.215    37.122    -0.62    1.36
 261342.917    36.995    -0.44    1.39
 261629.635    36.568    -1.49    1.75
 261916.368    36.109    -1.60    1.91
 262203.117    35.923    -0.65    1.89
 262489.881    35.623    -1.05    1.68
 262776.661    35.348    -0.96    1.72
 263063.456    34.987    -1.26    1.96
 263350.267    34.407    -2.03    2.37
 263637.093    33.407    -3.49    3.48
 263923.935    32.657    -2.62    3.61
 264210.792    31.039    -5.64    4.37
 264497.665    28.770    -7.91    5.03
 264784.553    27.017    -6.11    5.26
 265071.456    25.046    -6.87    5.34
 265358.375    23.263    -6.21    5.08
 265645.310    22.157    -3.86    4.70
 265932.260    21.495    -2.31    4.65
 266219.226    20.823    -2.34    4.69
 266506.207    19.612    -4.22    4.69
 266793.204    18.553    -3.69    4.96
 267080.216    18.002    -1.92    5.11
 267367.243    17.138    -3.01    5.22
 267654.287    16.054    -3.78    5.17
 267941.345    15.289    -2.66    5.18
 268228.420    14.525    -2.66    4.99
 268515.509    13.451    -3.74    4.19
 268802.615    13.166    -0.99    4.40
 269089.736    13.393     0.79    5.54
 269376.872    14.157     2.66    6.08
 269664.024    15.255     3.83    6.33
 269951.192    16.907     5.75    6.33
 270238.375    17.583     2.36    5.38
 270525.573    17.951     1.28    4.78
 270812.787    18.298     1.21    4.34
 271100.017    17.638    -2.30    4.78
 271387.262    16.138    -5.22    5.58
 271674.523    14.592    -5.38    6.02
 271961.800    12.809    -6.21    6.44
 272249.092    10.640    -7.55    5.96
 272536.399     8.657    -6.90    5.28
 272823.722     7.046    -5.61    4.97
 273111.061     6.024    -3.56    4.85
 273398.415     4.538    -5.17    4.45
 273685.785     3.809    -2.54    3.58
 273973.171     3.259    -1.92    2.56
 274260.572     3.566     1.07    3.20
 274547.989     4.309     2.59    3.97
 274835.421     5.333     3.56    4.83
 275122.869     6.582     4.35    5.93
 275410.332     7.392     2.82    6.22
 275697.811     7.866     1.65    6.49
 275985.306     8.166     1.04    6.63
 276272.816     8.148    -0.06    6.28
 276560.342     8.052    -0.33    6.30
 276847.884     8.083     0.11    6.15
 277135.441     7.774    -1.07    6.39
 277423.014     7.877     0.36    6.04
 277710.603     7.039    -2.92    5.95
 277998.207     5.152    -6.56    5.97
 278285.826     3.766    -4.82    5.77
 278573.462     2.411    -4.71    5.84
 278861.113     0.466    -6.77    4.50
 279148.779    -0.911    -4.79    3.56
 279436.462    -2.093    -4.11    2.16
 279724.160    -2.222    -0.45    1.91
 280011.873    -1.961     0.91    2.37
 280299.603    -0.623     4.65    4.07
 280587.348     0.723     4.68    4.87
 280875.108     2.680     6.80    5.50
 281162.885     4.866     7.60    5.80
 281450.677     7.638     9.63    6.34
 281738.484     9.631     6.93    5.84
 282026.308    10.328     2.42    5.37
 282314.147     9.848    -1.67    5.55
 282602.001     8.523    -4.60    5.84
 282889.872     6.623    -6.60    6.14
 283177.758     5.080    -5.36    5.36
 283465.659     4.052    -3.57    5.06
 283753.577     3.180    -3.03    4.94
 284041.510     3.434     0.88    6.11
 284329.459     4.554     3.89    6.66
 284617.423     5.068     1.79    7.32
 284905.404     5.866     2.77    7.51
 285193.400     5.382    -1.68    7.56
 285481.411     4.495    -3.08    6.89
 285769.439     4.058    -1.52    5.92
 286057.482     4.335     0.96    5.45
 286345.541     5.524     4.13    5.65
 286633.615     7.436     6.64    6.21
 286921.706     9.692     7.83    5.86
 287209.812    13.152    12.01    6.78
 287497.934    16.078    10.16    6.52
 287786.071    17.944     6.48    6.04
 288074.224    17.791    -0.53    6.52
 288362.393    17.686    -0.36    6.87
 288650.578    17.380    -1.06    7.10
 288938.779    16.848    -1.85    6.87
 289226.995    17.190     1.19    6.74
 289515.227    16.795    -1.37    7.38
 289803.475    16.245    -1.91    7.85
 290091.739    15.152    -3.79    8.44
 290380.018    14.052    -3.82    8.36
 290668.313    12.157    -6.58    7.57
 290956.624    11.523    -2.20    6.92
 291244.951    11.451    -0.25    5.88
 291533.293    12.538     3.77    5.70
 291821.651    14.338     6.24    5.29
 292110.025    15.731     4.83    4.52
 292398.415    16.395     2.30    4.50
 292686.821    16.209    -0.64    4.56
 292975.242    15.892    -1.10    4.54
 293263.679    15.421    -1.63    4.93
 293552.132    15.274    -0.51    5.20
 293840.601    13.866    -4.88    5.62
 294129.086    11.580    -7.93    5.62
 294417.586     9.328    -7.81    5.92
 294706.103     7.809    -5.27    5.88
 294994.635     6.219    -5.51    5.80
 295283.183     4.913    -4.53    5.73
 295571.746     3.377    -5.32    5.47
 295860.326     2.039    -4.64    5.20
 296148.921     0.838    -4.16    4.56
 296437.533     0.323    -1.78    3.58
 296726.160     0.115    -0.72    3.24
 297014.803     0.352     0.82    3.75
 297303.461     1.422     3.71    4.71
 297592.136     2.465     3.61    5.34
 297880.826     4.196     6.00    5.63
 298169.533     5.421     4.24    6.08
 298458.255     6.567     3.97    5.91
 298746.993     6.566    -0.00    5.45
 299035.747     5.623    -3.27    5.56
 299324.517     4.195    -4.95    5.58
 299613.302     2.480    -5.94    5.25
 299902.104     0.601    -6.51    4.61
 300190.921    -0.684    -4.45    4.04
 300479.754    -0.737    -0.18    4.87
 300768.604    -1.134    -1.37    5.20
 301057.469    -2.320    -4.11    5.46
 301346.350    -3.005    -2.37    5.22
 301635.246    -2.987     0.06    5.17
 301924.159    -2.982     0.02    5.29
