#    8.737   0.134   1.151 ;Mean Elev.(m), Avg Gradient(m/km), RMS Gradient(m/km) - SRTM1     
#    0.353   0.364   4.796 ;Mean Elev.(m), Avg Gradient(m/km), RMS Gradient(m/km) - ASTER GDEM
#    8.894   0.155   1.296 ;Mean Elev.(m), Avg Gradient(m/km), RMS Gradient(m/km) - GMTED2010 
   1 299.277434 -31.982964    10.024    10.254 10 54663.43974167 22.879
   2 299.280890 -31.974370    10.222    10.208 16 54673.35538816 31.884
   3 299.281045 -31.974114    10.400    10.331 16 54683.27103112 29.631
   4 299.284773 -31.971347    10.286    10.337 13 54693.18667365 34.931
   5 299.291168 -31.965545    11.128    10.818  7 54703.10231459 32.544
   6 299.289222 -31.966142    10.684    10.612  9 54713.01796336 25.032
   7 299.281132 -31.973882    10.561    10.345 17 54722.93361188 51.748
   8 299.277228 -31.971973    10.053     9.994 15 54732.84926056 32.287
   9 299.275728 -31.968929    10.032     9.986 13 54742.76490845 42.168
  10 299.275254 -31.968508    10.541    10.386 13 54752.68055571 32.722
  11 299.275767 -31.968337    10.716    10.666 13 54762.59620266 29.715
  12 299.275397 -31.969465    10.879    10.865 13 54772.51184673 43.732
  13 299.276217 -31.968320    11.359    11.345 14 54782.42748832 30.423
  14 299.276585 -31.969699    11.335    11.324 14 54792.34312672 29.736
  15 299.278586 -31.971268    10.961    10.917 15 54802.25876396 26.934
  16 299.280684 -31.973655    10.479    10.488 16 54812.17440089 25.701
  17 299.281446 -31.975203     9.933     9.938 16 54822.09004269 28.526
  18 299.279650 -31.973830     9.624     9.630 16 54832.00568340 30.255
  19 299.278325 -31.970537     9.268     9.252 15 54841.92133447 32.794
  20 299.276754 -31.968682     9.721     9.703 14 54851.83698415 34.351
  21 299.275279 -31.969276    10.039     9.978 13 54861.75263313 30.502
  22 299.274517 -31.969800     9.934     9.879 13 54871.66828214 44.281
  23 299.275001 -31.968192    10.186    10.123 13 54881.58392990 37.246
  24 299.274248 -31.968077    10.375    10.362 13 54891.49957373 31.284
  25 299.273042 -31.967026    10.494    10.492 10 54901.41521456 38.186
  26 299.272530 -31.966752    10.366    10.363 10 54911.33085324 48.497
  27 299.273107 -31.968313    10.039    10.048 12 54921.24649032 29.591
  28 299.275630 -31.970126    10.216    10.194 14 54931.16212693 50.984
  29 299.278494 -31.972308     9.944     9.885 15 54941.07776209 33.145
  30 299.281516 -31.972586     9.705     9.698 16 54950.99339606 54.553
  31 299.280561 -31.973842     9.447     9.412 16 54960.90903603 33.815
  32 299.279077 -31.972826     9.139     9.077 15 54970.82468465 26.970
  33 299.278850 -31.972780     9.276     9.260 16 54980.74033218 30.513
  34 299.279270 -31.972717    10.027    10.012 15 54990.65597945 51.759
  35 299.278580 -31.972565     9.829     9.848 16 55000.57162638 27.262
  36 299.278023 -31.971576     9.778     9.769 15 55010.48727150 26.480
  37 299.278226 -31.970230     9.988    10.051 15 55020.40291504 29.432
  38 299.277952 -31.971799    10.509    10.473 15 55030.31855662 45.710
  39 299.279145 -31.972256    11.048    10.999 16 55040.23419781 53.696
  40 299.281172 -31.974105    10.719    10.692 16 55050.14983746 31.073
  41 299.286157 -31.969046    10.943    11.020 12 55060.06547669 27.954
  42 299.282940 -31.973197    11.118    11.052 15 55069.98111607 51.032
  43 299.278616 -31.972564    10.612    10.635 16 55079.89676516 29.429
  44 299.276739 -31.969134    10.623    10.539 15 55089.81241343 33.400
  45 299.275277 -31.969167    11.143    11.055 14 55099.72806017 29.067
  46 299.275680 -31.969612    11.245    11.238 14 55109.64370649 31.113
  47 299.276435 -31.969956    11.452    11.431 14 55119.55935139 32.340
  48 299.276923 -31.968463    11.377    11.414 14 55129.47499399 31.953
  49 299.275301 -31.969225    11.716    11.679 13 55139.39063378 33.497
  50 299.275840 -31.969122    12.150    12.144 13 55149.30627253 34.101
  51 299.278183 -31.971206    12.662    12.601 15 55159.22191054 39.306
  52 299.280900 -31.974098    12.615    12.612 16 55169.13754816 33.794
  53 299.282614 -31.976605    12.712    12.693 10 55179.05318476 36.250
  54 299.281426 -31.974831    12.788    12.846 16 55188.96883130 35.679
  55 299.278739 -31.971768    12.903    12.863 16 55198.88448266 32.929
  56 299.277336 -31.969530    12.992    13.024 15 55208.80013331 33.488
  57 299.277073 -31.969505    13.386    13.378 15 55218.71578317 47.815
  58 299.276847 -31.969018    13.381    13.409 15 55228.63143227 38.095
  59 299.275576 -31.969390    13.644    13.623 14 55238.54707790 53.842
  60 299.274073 -31.968417    13.514    13.601 13 55248.46271995 39.025
  61 299.272698 -31.967113    13.316    13.451 11 55258.37835944 36.063
  62 299.272920 -31.967075    13.205    13.167 10 55268.29399770 54.982
  63 299.274248 -31.969515    12.890    12.870 13 55278.20963511 49.593
  64 299.277668 -31.970939    12.551    12.549 15 55288.12527167 33.139
  65 299.280115 -31.974422    12.488    12.478 16 55298.04090540 34.351
  66 299.279917 -31.973536    12.274    12.265 16 55307.95654768 32.072
  67 299.277612 -31.971463    12.504    12.516 15 55317.87219399 36.686
  68 299.276598 -31.969810    12.331    12.374 15 55327.78783946 36.044
  69 299.277485 -31.969969    12.613    12.596 14 55337.70348407 54.149
  70 299.278507 -31.972414    12.270    12.241 15 55347.61912770 30.836
  71 299.279544 -31.973177    12.009    11.978 16 55357.53476995 29.292
  72 299.280092 -31.971894    11.761    11.765 16 55367.45041027 49.840
  73 299.279657 -31.972544    11.354    11.287 16 55377.36604850 49.965
  74 299.280658 -31.973758    10.974    10.957 17 55387.28168573 38.169
  75 299.286706 -31.968615    10.669    10.615 11 55397.19732377 51.130
  76 299.290324 -31.965962    11.017    11.107  8 55407.11296708 32.792
  77 299.284591 -31.971184    11.107    11.025 13 55417.02861618 50.520
  78 299.279241 -31.972803    10.867    10.865 15 55426.94426283 54.736
  79 299.277009 -31.969984    10.690    10.647 15 55436.85990821 44.493
  80 299.275688 -31.969357    10.453    10.426 14 55446.77555227 50.295
  81 299.276706 -31.968776    10.173    10.151 14 55456.69119616 30.487
  82 299.277823 -31.970549    10.219    10.084 15 55466.60683890 31.322
  83 299.278987 -31.972430    10.223    10.181 15 55476.52247842 26.300
  84 299.280383 -31.972035    10.622    10.624 16 55486.43811512 32.935
  85 299.279387 -31.974491    10.421    10.427 16 55496.35374868 28.687
  86 299.281008 -31.973697    10.443    10.447 16 55506.26938438 47.877
  87 299.280037 -31.973210    10.314    10.325 16 55516.18503482 29.802
  88 299.280172 -31.974056    10.256    10.189 16 55526.10068425 52.454
  89 299.280071 -31.973605     9.766     9.756 16 55536.01633198 28.513
  90 299.279007 -31.972211    10.778    10.681 15 55545.93197793 51.667
  91 299.277851 -31.970126    11.277    11.241 15 55555.84762236 29.237
  92 299.277202 -31.969762    11.172    11.177 15 55565.76326580 29.826
  93 299.277963 -31.971063    10.747    10.711 15 55575.67890838 29.886
  94 299.278634 -31.972909    10.755    10.784 16 55585.59454908 28.667
  95 299.280339 -31.972210    11.055    11.063 16 55595.51018693 28.183
  96 299.279962 -31.973811    11.355    11.344 16 55605.42582069 39.780
  97 299.280783 -31.974426    11.704    11.771 16 55615.34145235 31.372
  98 299.280858 -31.975031    11.903    11.889 16 55625.25709247 31.051
  99 299.280149 -31.973122    12.028    12.059 16 55635.17274463 32.348
 100 299.279285 -31.973266    12.165    12.156 16 55645.08839423 32.149
 101 299.278826 -31.972432    12.328    12.346 16 55655.00404133 33.225
 102 299.277887 -31.972226    12.586    12.585 15 55664.91968388 35.344
 103 299.277989 -31.970407    12.752    12.733 15 55674.83532406 33.821
 104 299.277772 -31.971966    12.634    12.618 15 55684.75096207 31.897
 105 299.280565 -31.972473    12.034    12.065 16 55694.66659929 20.273
 106 299.288186 -31.967036    12.026    12.043 10 55704.58223671 37.315
 107 299.283293 -31.976329    11.616    11.614 10 55714.49788112 38.956
 108 299.281231 -31.975001    11.363    11.304 17 55724.41352985 29.877
 109 299.279686 -31.973013    10.886    10.779 15 55734.32917664 27.042
 110 299.278834 -31.972362    10.880    10.816 16 55744.24482184 50.998
 111 299.278948 -31.972348    10.849    10.882 16 55754.16046554 26.111
 112 299.279997 -31.972690    11.121    11.124 16 55764.07610699 43.871
 113 299.280267 -31.973639    11.052    11.068 16 55773.99174561 28.470
 114 299.280102 -31.973947    11.452    11.412 16 55783.90738123 50.022
 115 299.281337 -31.974299    11.443    11.564 16 55793.82301485 32.592
 116 299.287246 -31.967793    11.510    11.376 11 55803.73865339 32.789
 117 299.283793 -31.972357    11.791    11.854 14 55813.65430224 33.806
 118 299.282041 -31.974197    11.938    11.911 16 55823.56994979 50.166
 119 299.280982 -31.975146    11.577    11.623 16 55833.48559280 31.376
 120 299.281307 -31.974490    11.639    11.666 16 55843.40123193 32.169
 121 299.283827 -31.972096    11.275    11.323 14 55853.31686839 31.077
 122 299.289447 -31.965745    11.806    11.818  9 55863.23250630 54.638
 123 299.282355 -31.973759    11.544    11.594 16 55873.14815799 30.770
 124 299.281502 -31.974824    11.517    11.490 16 55883.06380655 54.594
 125 299.283201 -31.972562    11.475    11.478 14 55892.97944982 44.044
 126 299.286819 -31.968823    11.316    11.381 11 55902.89508824 29.517
 127 299.289115 -31.966663    10.839    10.922  9 55912.81072612 29.524
 128 299.280730 -31.973594    10.434    10.410 16 55922.72637896 30.002
 129 299.278700 -31.972486    10.517    10.481 16 55932.64203103 49.309
 130 299.278161 -31.970349    10.094     9.987 15 55942.55767912 46.853
 131 299.277123 -31.969508     9.877     9.899 14 55952.47332235 30.114
 132 299.276230 -31.969799    10.608    10.561 14 55962.38896172 48.407
 133 299.276803 -31.970528    10.500    10.410 15 55972.30459880 34.682
 134 299.278959 -31.973372    10.221    10.217 16 55982.22023418 29.931
 135 299.282186 -31.976452    10.649    10.537 12 55992.13586800 31.316
 136 299.283066 -31.973208    10.440    10.369 15 56002.05151590 37.015
 137 299.279043 -31.973597    10.260    10.257 16 56011.96716509 37.000
 138 299.277191 -31.971585    10.125    10.110 15 56021.88281152 31.796
 139 299.277387 -31.969498    10.328    10.338 15 56031.79845545 30.801
 140 299.278420 -31.970804    10.472    10.452 15 56041.71409682 37.455
 141 299.279552 -31.973965    10.692    10.682 16 56051.62973529 31.493
 142 299.283686 -31.972470    10.901    10.932 14 56061.54537209 39.181
 143 299.283291 -31.976083    10.965    10.946 10 56071.46100983 37.736
 144 299.280674 -31.974485    10.677    10.672 17 56081.37665999 31.796
 145 299.279763 -31.972420    10.696    10.653 16 56091.29230761 36.405
 146 299.279043 -31.973861    10.892    10.898 16 56101.20795211 31.136
 147 299.280458 -31.972198    11.259    11.392 16 56111.12358324 28.725
 148 299.280564 -31.973393    11.875    11.880 16 56121.03922198 42.971
 149 299.281254 -31.974103    11.607    11.629 16 56130.95485735 35.304
 150 299.282181 -31.974404    11.354    11.323 16 56140.87049166 49.148
 151 299.279970 -31.973070    11.157    11.149 16 56150.78614282 52.295
 152 299.279603 -31.973113    11.146    11.063 16 56160.70179217 30.026
 153 299.280602 -31.972343    10.806    10.768 16 56170.61744018 48.617
 154 299.280479 -31.972451    10.576    10.506 16 56180.53308386 30.040
 155 299.279493 -31.972630     9.983     9.973 15 56190.44872334 39.307
 156 299.279270 -31.972689     9.965     9.877 15 56200.36435985 37.472
 157 299.281637 -31.974067    11.528    11.801 17 56210.27999379 30.407
 158 299.284929 -31.977983    10.957    11.079  8 56220.19562540 29.388
 159 299.292013 -31.965092    10.748    10.783  7 56230.11127832 27.816
 160 299.283371 -31.975967    10.892    10.830 10 56240.02692860 29.739
 161 299.280773 -31.974621    10.520    10.466 16 56249.94257818 32.352
 162 299.279330 -31.973697    10.175    10.129 16 56259.85822318 27.217
 163 299.280061 -31.972468    10.196    10.175 16 56269.77386605 46.428
 164 299.280807 -31.973117    11.296    11.619 16 56279.68950687 30.953
 165 299.279124 -31.972452    10.891    10.900 15 56289.60515858 29.198
 166 299.277429 -31.970681    10.563    10.549 15 56299.52080768 29.587
 167 299.275634 -31.969270    10.814    10.811 13 56309.43645248 29.089
 168 299.274979 -31.968192    10.856    10.780 13 56319.35209467 40.106
 169 299.275822 -31.968786    10.271    10.308 14 56329.26773545 29.266
 170 299.278674 -31.970077     9.904     9.839 15 56339.18337533 26.933
 171 299.281258 -31.973484    10.426    10.424 16 56349.09901269 30.385
 172 299.286185 -31.969365    11.099    11.079 12 56359.01464937 50.513
 173 299.279255 -31.972345    11.156    11.112 15 56368.93029867 31.043
 175 299.276065 -31.968720    11.274    11.294 14 56388.76159258 28.997
 176 299.277659 -31.971006    11.507    11.453 15 56398.67723590 52.427
 177 299.279480 -31.974071    11.566    11.596 16 56408.59287644 29.837
 178 299.282116 -31.974227    11.665    11.711 16 56418.50851321 32.865
 179 299.288770 -31.966214    11.532    11.556  9 56428.42414804 31.988
 180 299.279759 -31.972668    11.329    11.272 16 56438.33979926 36.590
 181 299.278102 -31.970218    11.574    11.571 15 56448.25545014 44.208
 182 299.277991 -31.970052    11.312    11.250 15 56458.17109852 32.415
 183 299.278002 -31.970068    11.293    11.266 15 56468.08674366 31.059
 184 299.277542 -31.970986    11.706    11.711 15 56478.00238461 34.349
 185 299.277531 -31.971480    12.194    12.163 15 56487.91802209 41.717
 186 299.278857 -31.971877    12.909    12.894 16 56497.83365740 37.697
 187 299.281196 -31.974356    12.722    12.691 16 56507.74929142 36.587
 188 299.289266 -31.967494    12.169    12.357  9 56517.66493133 32.218
 189 299.282489 -31.976712    11.736    11.743 10 56527.58058338 42.589
 190 299.281664 -31.974440    11.037    10.987 16 56537.49623393 39.820
 192 299.277983 -31.970160    10.699    10.712 15 56557.32752375 29.958
 193 299.278402 -31.970232    10.475    10.522 15 56567.24316597 47.349
 194 299.280009 -31.973543    10.553    10.553 17 56577.15880641 32.286
 195 299.289004 -31.966225    10.619    10.630  9 56587.07444627 34.840
 196 299.291419 -31.965555    10.975    11.070  7 56596.99008699 29.944
 197 299.281558 -31.974486    11.318    11.229 16 56606.90573649 32.859
 198 299.278974 -31.972424    11.065    11.030 15 56616.82138413 27.474
 199 299.278183 -31.972334    11.050    11.066 15 56626.73702830 28.956
 200 299.279104 -31.973246    10.885    10.842 16 56636.65266966 29.592
 201 299.280883 -31.973597    10.881    10.804 16 56646.56831126 48.325
 202 299.278319 -31.971759    10.626    10.609 15 56656.48396418 50.773
 203 299.276621 -31.968929    10.284    10.223 14 56666.39961279 31.649
 204 299.275185 -31.968955    10.509    10.476 13 56676.31525796 29.185
 205 299.275637 -31.969635    10.640    10.644 14 56686.23090184 31.623
 206 299.278445 -31.969555    11.176    11.166 15 56696.14654405 42.568
 207 299.279786 -31.974477    11.056    11.069 16 56706.06218063 29.418
 208 299.286121 -31.969088    10.634    10.613 12 56715.97781513 45.402
 209 299.279039 -31.971540    10.668    10.598 16 56725.89346759 32.122
 210 299.276710 -31.968210    10.378    10.355 14 56735.80911777 29.111
 211 299.275417 -31.969481    11.146    11.141 14 56745.72476383 34.368
 212 299.277886 -31.970931    11.702    11.684 15 56755.64040578 30.594
 213 299.281187 -31.974290    11.677    11.669 17 56765.55604163 32.161
 214 299.284085 -31.971930    11.723    11.734 13 56775.47168153 33.933
 215 299.278294 -31.971802    11.498    11.489 16 56785.38733732 38.000
 216 299.274812 -31.969087    12.169    12.124 13 56795.30299000 50.135
 217 299.273008 -31.968314    12.067    12.038 11 56805.21863827 52.327
 218 299.274526 -31.968833    12.050    12.019 13 56815.13427981 44.978
 219 299.276878 -31.969115    12.127    12.107 14 56825.04991806 51.931
 220 299.278521 -31.971275    12.174    12.206 16 56834.96555220 32.109
 221 299.280504 -31.974142    12.506    12.558 16 56844.88118314 34.623
 222 299.279858 -31.974324    13.116    13.115 16 56854.79682848 36.931
 223 299.278998 -31.971732    12.885    12.850 16 56864.71248269 34.454
 224 299.277575 -31.971274    12.707    12.682 15 56874.62813568 32.102
 225 299.277295 -31.969419    12.866    12.847 15 56884.54378586 41.036
 226 299.276676 -31.968476    12.357    12.346 14 56894.45943262 35.315
 227 299.275299 -31.968840    11.929    11.936 14 56904.37507561 35.251
 228 299.274613 -31.969483    11.677    11.698 13 56914.29071643 33.240
 229 299.276970 -31.969364    11.429    11.346 15 56924.20635586 35.632
 230 299.279711 -31.972685    11.463    11.440 16 56934.12199214 29.850
 231 299.288657 -31.967084    12.008    11.989  9 56944.03762555 53.569
 232 299.286882 -31.968302    12.079    12.081 11 56953.95327306 42.540
 233 299.280542 -31.972296    11.734    11.747 16 56963.86892217 29.602
 234 299.278545 -31.971267    11.399    11.343 15 56973.78456814 29.515
 235 299.278682 -31.971846    11.270    11.224 15 56983.70020976 31.084
 236 299.280821 -31.973676    11.284    11.282 16 56993.61584641 27.026
 237 299.285120 -31.970383    11.461    11.498 12 57003.53148548 33.128
 238 299.279166 -31.971844    11.316    11.338 15 57013.44714157 28.984
 239 299.276678 -31.970182    11.437    11.406 15 57023.36279303 34.404
 240 299.276165 -31.969907    11.999    12.036 14 57033.27844159 32.190
 241 299.277351 -31.970045    12.347    12.322 15 57043.19408778 32.112
 242 299.278427 -31.970932    12.236    12.213 15 57053.10973145 29.127
 243 299.279150 -31.972289    11.896    11.929 16 57063.02537055 28.747
 244 299.279842 -31.974365    11.587    11.593 16 57072.94100451 28.590
 245 299.284818 -31.971373    11.947    11.874 13 57082.85663628 30.941
 246 299.282726 -31.973318    11.890    11.844 15 57092.77228389 47.451
 247 299.279729 -31.973060    11.717    11.795 16 57102.68794112 27.958
 248 299.278669 -31.972232    11.478    11.502 15 57112.60359480 29.852
 249 299.278730 -31.971149    11.159    11.166 15 57122.51924254 36.498
 250 299.278591 -31.970147    11.063    10.948 15 57132.43488445 26.923
 251 299.279060 -31.971400    11.026    10.982 16 57142.35052087 50.649
 252 299.280814 -31.973674    10.892    10.891 16 57152.26615403 39.535
 253 299.283580 -31.977340    11.125    11.180  8 57162.18178436 38.793
 254 299.281200 -31.975076    11.031    10.981 17 57172.09744128 34.547
 255 299.278849 -31.973139    11.240    11.192 16 57182.01309525 32.143
 256 299.277505 -31.969969    11.233    11.174 15 57191.92874583 35.367
 257 299.276921 -31.968221    11.424    11.385 14 57201.84439363 48.229
 258 299.277151 -31.969126    11.592    11.534 15 57211.76002760 54.077
 259 299.278127 -31.971850    11.518    11.527 15 57221.67567108 31.814
 260 299.279467 -31.972852    11.934    11.944 15 57231.59131350 31.736
 261 299.279537 -31.974205    12.269    12.309 16 57241.50695319 32.773
 262 299.280436 -31.973865    12.439    12.434 16 57251.42259046 35.441
 263 299.282972 -31.973404    12.463    12.462 15 57261.33822578 39.138
 264 299.291222 -31.965778    11.958    12.231  7 57271.25386177 34.915
 265 299.289375 -31.966385    11.255    11.255  9 57281.16951701 33.792
 266 299.284989 -31.970710    10.820    10.813 12 57291.08517068 47.542
 267 299.280635 -31.972992    10.716    10.654 16 57301.00082179 34.707
 268 299.278352 -31.971162    10.677    10.647 16 57310.91647051 29.684
 269 299.276666 -31.969361    10.784    10.797 14 57320.83211624 37.844
 270 299.276260 -31.969295    11.150    11.128 14 57330.74775933 30.529
 271 299.277752 -31.970552    11.321    11.315 15 57340.66340029 35.394
 272 299.276714 -31.969924    11.705    11.714 14 57350.57905148 33.263
 273 299.276893 -31.968213    12.095    12.112 14 57360.49469750 33.006
 274 299.275436 -31.969274    12.464    12.485 13 57370.41033949 33.252
 275 299.276155 -31.969248    12.987    13.037 14 57380.32597936 34.756
 276 299.278463 -31.971759    13.737    13.690 16 57390.24161767 34.196
 277 299.283333 -31.972660    13.770    13.810 15 57400.15725549 34.756
 278 299.290275 -31.966048    13.907    13.907  8 57410.07289659 50.174
 279 299.281570 -31.974390    13.579    13.610 17 57419.98854663 35.446
 280 299.278612 -31.971308    13.798    13.764 15 57429.90419711 51.324
 281 299.276932 -31.969804    13.574    13.584 15 57439.81984541 40.963
 282 299.277321 -31.970727    13.033    13.011 15 57449.73549240 32.309
 283 299.278329 -31.972447    13.031    13.062 15 57459.65113784 44.431
 284 299.280206 -31.973055    13.169    13.137 16 57469.56678024 34.721
 285 299.280330 -31.974918    13.332    13.329 16 57479.48241800 35.047
 286 299.281117 -31.973990    13.520    13.505 16 57489.39805294 33.551
 287 299.285050 -31.970472    13.485    13.516 12 57499.31368645 35.728
 288 299.286875 -31.968427    13.521    13.616 11 57509.22932980 37.542
 289 299.280645 -31.974775    13.065    13.153 16 57519.14498323 34.639
 290 299.279869 -31.973296    12.618    12.570 17 57529.06063597 33.371
 291 299.278647 -31.971769    12.322    12.350 15 57538.97628568 30.423
 292 299.276779 -31.970814    12.345    12.359 15 57548.89193275 50.486
 293 299.276506 -31.968575    12.386    12.341 14 57558.80757907 34.942
 294 299.276577 -31.970131    12.548    12.574 15 57568.72322405 47.083
 295 299.278807 -31.970544    12.445    12.505 15 57578.63886896 30.364
 296 299.279675 -31.973113    12.368    12.328 15 57588.55451174 44.295
 297 299.280442 -31.972210    11.958    11.903 16 57598.47015251 32.387
