#  226.296   0.084   0.516 ;Mean Elev.(m), Avg Gradient(m/km), RMS Gradient(m/km) - SRTM1     
#  210.838  -0.837   2.667 ;Mean Elev.(m), Avg Gradient(m/km), RMS Gradient(m/km) - ASTER GDEM
#  226.310   0.003  12.440 ;Mean Elev.(m), Avg Gradient(m/km), RMS Gradient(m/km) - GMTED2010 
   2 306.054652 -23.637789   275.948   276.003  4 54671.92423933 25.277
   4 306.053881 -23.637252   290.374   290.439  4 54691.75552487 16.585
   5 306.055688 -23.632815   285.507   285.507  2 54701.67116438  4.758
   7 306.056131 -23.635802   295.400   295.982  3 54721.50246407 22.373
   8 306.054160 -23.640334   289.668   289.542  4 54731.41811351 17.850
  10 306.051332 -23.645372   290.304   289.975  5 54751.24940784 19.697
  11 306.051789 -23.645270   226.367   226.791  5 54761.16505421 31.396
  12 306.052165 -23.641887   289.535   289.598  4 54771.08069747 19.760
  13 306.053297 -23.640137   289.667   289.627  4 54780.99633802 23.055
  14 306.054301 -23.639068   290.279   290.560  4 54790.91197632 17.361
  15 306.054633 -23.637871   290.242   289.429  3 54800.82761377 23.217
  16 306.055053 -23.635840   226.221   226.306  4 54810.74325137 41.872
  17 306.056233 -23.635065   225.693   225.719  3 54820.65889192 19.646
  18 306.054968 -23.636630   225.925   225.660  4 54830.57454510 49.466
  19 306.053020 -23.639658   226.296   226.226  4 54840.49018502 51.507
  20 306.051312 -23.645694   226.316   226.355  4 54850.40583561 54.776
  21 306.049706 -23.649565   226.266   226.220  5 54860.32148512 52.324
  22 306.048568 -23.649918   226.539   226.548  6 54870.23713380 51.447
  23 306.049433 -23.648695   226.418   226.446  5 54880.15278094 48.667
  24 306.050955 -23.645741   227.069   226.997  5 54890.06842447 46.635
  25 306.051937 -23.645844   226.184   226.069  5 54899.98406544 30.264
  26 306.051246 -23.647180   226.428   226.489  5 54909.89970453 45.799
  27 306.050572 -23.647677   226.639   226.672  5 54919.81534239 50.147
  28 306.051125 -23.644867   226.590   226.521  5 54929.73097956 29.231
  29 306.053052 -23.638932   226.715   226.688  4 54939.64661529 41.985
  30 306.056273 -23.634844   226.225   226.119  4 54949.56224987 40.828
  31 306.057833 -23.633379   224.853   224.963  4 54959.47788822 19.626
  32 306.055390 -23.634309   226.485   226.544  3 54969.39353678 50.838
  33 306.054415 -23.637838   226.654   226.442  3 54979.30918452 53.368
  35 306.052868 -23.639435   225.920   225.978  4 54999.14047818 24.276
  36 306.052859 -23.640115   226.393   226.275  4 55009.05612316 49.991
  37 306.053196 -23.641235   226.307   226.262  4 55018.97176652 51.325
  38 306.052701 -23.642389   226.836   226.866  4 55028.88740866 51.499
  39 306.052495 -23.643743   295.955   298.716  5 55038.80305049  4.742
  40 306.052949 -23.641135   227.112   227.169  5 55048.71869063 35.854
  41 306.054842 -23.636621   226.837   226.990  4 55058.63432859 23.505
  42 306.056552 -23.633108   226.763   226.733  3 55068.54996712 49.404
  43 306.055799 -23.635860   226.397   226.324  3 55078.46561776 49.797
  44 306.054022 -23.640848   227.182   227.171  4 55088.38126633 51.040
  45 306.051862 -23.644225   226.941   226.880  5 55098.29691289 34.593
  46 306.051006 -23.644846   226.472   226.419  5 55108.21255833 50.874
  47 306.052314 -23.644048   226.473   226.342  5 55118.12820269 50.493
  48 306.053423 -23.640822   228.310   228.303  4 55128.04384421 54.548
  49 306.054191 -23.639375   227.246   227.077  4 55137.95948399 51.142
  50 306.054105 -23.638812   227.311   227.237  3 55147.87512249 49.817
  51 306.054053 -23.638206   226.863   226.848  4 55157.79076073 26.790
  52 306.054424 -23.636667   227.508   227.512  3 55167.70639890 46.845
  53 306.055721 -23.635069   295.175   294.810  3 55177.62203666  2.370
  54 306.055856 -23.635210   228.532   228.532  3 55187.53768153 54.604
  55 306.054109 -23.639320   228.412   228.409  4 55197.45333373 50.048
  56 306.051993 -23.643522   228.789   228.787  4 55207.36898461 53.050
  57 306.050870 -23.646691   228.432   228.405  5 55217.28463459 53.979
  58 306.050305 -23.647502   228.812   228.825  6 55227.20028322 53.580
  59 306.050724 -23.646330   228.415   228.343  6 55237.11592873 38.924
  60 306.051765 -23.644291   228.227   228.217  4 55247.03157054 52.553
  61 306.051928 -23.643552   227.116   227.130  4 55256.94721009 43.756
  62 306.051376 -23.643996   227.591   227.623  5 55266.86284900 36.175
  63 306.051658 -23.645497   226.965   226.869  5 55276.77848778 39.722
  64 306.052697 -23.642976   227.364   227.230  5 55286.69412491 50.580
  65 306.054747 -23.637232   227.994   227.996  3 55296.60975929 47.914
  66 306.056339 -23.635651   226.671   226.687  3 55306.52540012 45.681
  67 306.054863 -23.636394   227.047   227.034  4 55316.44104716 41.577
  68 306.054057 -23.639886   226.622   226.388  4 55326.35669319 31.257
  69 306.053202 -23.641266   226.876   226.770  4 55336.27233741 50.751
  70 306.052861 -23.641144   226.862   226.779  4 55346.18798071 50.299
  71 306.053433 -23.641236   226.625   226.376  4 55356.10362282 52.094
  72 306.053745 -23.640669   226.636   226.481  4 55366.01926271 50.428
  73 306.053601 -23.638561   225.792   225.794  4 55375.93490083 31.655
  74 306.054411 -23.637512   226.020   225.967  3 55385.85053847 37.770
  75 306.055754 -23.636433   227.492   227.626  3 55395.76617547 31.871
  76 306.056834 -23.634164   227.111   227.230  4 55405.68181570 33.805
  77 306.055759 -23.635518   226.217   226.196  3 55415.59746731 32.402
  78 306.054712 -23.636810   225.823   225.814  4 55425.51311581 26.519
  79 306.053913 -23.638522   226.299   226.142  4 55435.42876161 51.870
  80 306.053128 -23.641110   226.294   226.277  5 55445.34440605 43.348
  81 306.052398 -23.642245   226.475   226.356  5 55455.26004912 49.594
  82 306.052642 -23.641449   226.051   226.016  5 55465.17569105 28.154
  83 306.054405 -23.638831   226.921   226.722  4 55475.09132987 51.843
  84 306.055975 -23.634747   300.053   302.024  3 55485.00696536 16.790
  85 306.057600 -23.633683   227.589   227.632  4 55494.92259951 30.123
  86 306.058360 -23.632917   226.706   226.719  4 55504.83823304 48.375
  87 306.055660 -23.634951   226.858   226.862  3 55514.75388371 46.864
  88 306.054411 -23.636822   227.488   227.497  4 55524.66953418 29.270
  89 306.053828 -23.639103   227.396   227.512  4 55534.58518296 36.717
  90 306.053247 -23.641492   227.232   227.170  4 55544.50082988 35.170
  91 306.052429 -23.643837   226.764   226.799  5 55554.41647475 47.456
  92 306.051211 -23.643803   226.214   226.122  5 55564.33211789 50.502
  93 306.052032 -23.642833   226.785   226.695  4 55574.24776019 51.042
  94 306.053341 -23.639734   227.340   227.236  4 55584.16340043 49.905
  95 306.054944 -23.636336   227.229   227.175  4 55594.07903720 45.648
  96 306.056939 -23.635081   227.598   227.574  3 55603.99467101 50.613
  97 306.058058 -23.633418   227.322   227.325  4 55613.91030279 48.970
  98 306.058375 -23.633330   226.997   226.972  3 55623.82594077 37.087
  99 306.056104 -23.636021   228.226   228.220  3 55633.74159420 38.828
 100 306.054708 -23.636335   228.693   228.780  3 55643.65724506 36.732
 101 306.054604 -23.637188   228.063   228.027  4 55653.57289331 48.073
 102 306.054714 -23.637953   227.699   227.731  4 55663.48853711 40.795
 103 306.053898 -23.638219   227.203   227.190  4 55673.40417749 43.378
 104 306.053869 -23.639223   227.311   227.311  4 55683.31981623 24.798
 105 306.054708 -23.637524   226.565   226.503  3 55693.23545287 48.444
 106 306.056829 -23.634956   226.602   226.555  3 55703.15108778 43.936
 107 306.056912 -23.633813   226.286   226.246  4 55713.06673122 44.563
 108 306.055338 -23.636666   226.681   226.537  3 55722.98238031 49.936
 109 306.053785 -23.639939   226.484   226.493  4 55732.89802764 51.536
 110 306.052720 -23.641178   226.476   226.482  4 55742.81367356 36.972
 111 306.052825 -23.640974   227.054   227.003  5 55752.72931820 36.792
 112 306.054128 -23.638521   227.426   227.574  4 55762.64496032 34.202
 113 306.055512 -23.636214   227.301   227.343  3 55772.56059972 25.281
 114 306.055809 -23.633901   227.071   226.804  3 55782.47623558 48.074
 115 306.056597 -23.633225   227.056   227.093  3 55792.39186900 47.252
 116 306.058205 -23.632397   226.916   226.882  3 55802.30750259 48.731
 117 306.057107 -23.634138   226.563   226.531  3 55812.22315243 48.658
 118 306.057157 -23.634379   226.458   226.345  3 55822.13880037 22.451
 119 306.057882 -23.633280   226.357   226.388  4 55832.05444328 41.352
 120 306.058563 -23.632402   226.772   226.467  3 55841.97008179 44.820
 121 306.058553 -23.631994   227.153   226.941  4 55851.88571755 49.573
 122 306.058786 -23.631462   226.743   226.769  3 55861.80135151 48.390
 123 306.056311 -23.636003   226.691   226.797  3 55871.71700678 48.059
 124 306.055278 -23.635808   227.061   227.107  4 55881.63265716 48.326
 125 306.055475 -23.635198   227.118   227.033  4 55891.54830103 49.351
 126 306.056510 -23.635088   226.589   226.229  3 55901.46393934 51.152
 127 306.057149 -23.633639   227.027   226.963  4 55911.37957310 49.726
 128 306.053935 -23.638642   226.673   226.606  3 55921.29522865 29.194
 129 306.053057 -23.640864   226.620   226.599  5 55931.21088100 51.665
 130 306.053324 -23.639289   226.812   226.872  4 55941.12652862 50.668
 131 306.053922 -23.637772   227.204   227.250  4 55951.04217169 47.078
 132 306.054010 -23.637888   227.386   227.205  4 55960.95781124 42.761
 133 306.054235 -23.639760   226.415   226.397  4 55970.87344916 49.555
 134 306.054268 -23.637468   226.628   226.299  3 55980.78908527 48.649
 135 306.056646 -23.634417   226.616   226.634  4 55990.70472048 37.876
 136 306.057137 -23.633249   226.150   226.330  3 56000.62036582 21.715
 137 306.056007 -23.634827   227.528   227.644  3 56010.53601708 24.501
 138 306.054495 -23.636960   226.309   226.304  4 56020.45166435 40.215
 139 306.053270 -23.640614   226.804   226.793  5 56030.36730863 51.667
 140 306.052675 -23.642588   226.576   226.544  4 56040.28295038 52.040
 141 306.053481 -23.641658   226.552   226.542  4 56050.19858929 51.593
 142 306.054608 -23.636534   226.266   226.238  3 56060.11422461 33.350
 143 306.057680 -23.633939   226.647   226.562  3 56070.02985986 46.177
 144 306.055508 -23.635745   227.121   227.130  4 56079.94551036 49.561
 145 306.053840 -23.639649   226.971   226.779  4 56089.86115882 49.810
 146 306.052810 -23.641399   227.640   227.538  5 56099.77680461 48.694
 147 306.053392 -23.641251   227.295   227.249  4 56109.69243636 32.472
 148 306.054751 -23.637348   226.811   226.756  4 56119.60807601 40.717
 149 306.057018 -23.633573   226.639   226.506  4 56129.52371219 46.475
 150 306.058766 -23.631879   226.626   226.407  3 56139.43934540 47.739
 151 306.055801 -23.635009   226.674   226.707  3 56149.35499505 48.440
 152 306.054145 -23.637929   226.606   226.415  3 56159.27064413 50.193
 153 306.053902 -23.638143   226.205   226.145  3 56169.18629137 50.209
 154 306.054590 -23.635977   226.774   226.806  3 56179.10193487 47.553
 155 306.055928 -23.634807   226.353   226.113  3 56189.01757435 45.533
 156 306.056580 -23.634289   226.684   226.643  4 56198.93321080 49.214
 157 306.056765 -23.633057   226.525   226.451  3 56208.84884467 48.937
 158 306.058355 -23.632978   226.441   226.304  3 56218.76447746 47.020
 159 306.057650 -23.634312   226.616   226.538  3 56228.68012445 45.253
 160 306.055817 -23.635013   227.455   227.463  3 56238.59577889 29.173
 161 306.054634 -23.636469   226.340   225.965  3 56248.51142972 22.935
 162 306.054026 -23.637386   226.331   226.019  4 56258.42707553 27.808
 163 306.053552 -23.638262   226.778   226.608  4 56268.34271807 47.119
 164 306.053466 -23.638151   226.517   226.255  4 56278.25835856 46.755
 165 306.053648 -23.641544   226.262   226.149  4 56288.17400833 49.879
 166 306.053355 -23.640661   226.069   226.072  4 56298.08965699 38.210
 167 306.053269 -23.639301   226.712   226.621  4 56308.00530159 48.704
 168 306.052914 -23.638858   225.837   225.825  4 56317.92094391 22.375
 169 306.052895 -23.641150   226.278   226.238  5 56327.83658575 21.840
 170 306.053198 -23.640782   226.908   226.938  5 56337.75222627 36.567
 171 306.054548 -23.637684   227.487   227.516  4 56347.66786465 25.914
 172 306.056483 -23.633272   226.712   226.680  3 56357.58350014 46.153
 173 306.055642 -23.636575   227.626   227.549  3 56367.49915041 49.868
 176 306.051490 -23.644022   227.135   227.173  5 56397.24608908 48.925
 177 306.052487 -23.642992   226.644   226.507  5 56407.16172967 51.272
 178 306.054012 -23.639090   225.976   225.997  4 56417.07736587 18.400
 179 306.056530 -23.634099   226.527   226.433  4 56426.99299720 48.937
 180 306.054690 -23.637025   226.563   226.268  3 56436.90864885 47.917
 181 306.052720 -23.641090   227.274   227.341  5 56446.82430081 29.711
 182 306.051794 -23.643486   226.383   226.252  4 56456.73995042 43.466
 183 306.052218 -23.644918   227.390   227.396  5 56466.65559698 38.319
 184 306.052862 -23.642734   291.222   291.399  4 56476.57123884 16.153
 185 306.053744 -23.638800   227.059   226.959  3 56486.48687678 46.879
 186 306.054698 -23.636101   226.693   226.363  3 56496.40251203 22.607
 187 306.056198 -23.634223   226.743   226.596  3 56506.31814582 47.894
 188 306.058779 -23.632333   226.451   226.391  3 56516.23377929 49.015
 189 306.057310 -23.634389   226.531   226.590  3 56526.14943352 47.290
 190 306.056465 -23.635208   226.064   226.064  3 56536.06508348 43.368
 192 306.053914 -23.638379   226.491   226.424  4 56555.89637357 41.269
 193 306.053561 -23.640357   226.357   226.368  4 56565.81201660 44.965
 194 306.053499 -23.639315   226.713   226.653  4 56575.72765799 46.064
 195 306.054648 -23.635817   227.675   227.772  3 56585.64329609 26.172
 196 306.056874 -23.633516   227.157   227.462  3 56595.55893376 33.426
 197 306.054606 -23.636158   226.515   226.477  3 56605.47458720 50.602
 198 306.053899 -23.640248   226.400   226.093  4 56615.39023610 48.426
 199 306.053315 -23.640252   226.406   226.404  4 56625.30588034 40.639
 200 306.053517 -23.638505   226.383   226.265  4 56635.22152132 52.199
 201 306.055153 -23.635254   226.721   226.834  3 56645.13715900 46.931
 202 306.054098 -23.637624   226.783   226.666  4 56655.05281197 47.858
 203 306.053337 -23.639125   227.304   227.344  4 56664.96846054 27.931
 204 306.052654 -23.640420   226.758   226.614  4 56674.88410667 52.641
 205 306.052558 -23.642083   226.317   226.318  4 56684.79975207 36.162
 206 306.052817 -23.640956   226.607   226.630  4 56694.71539507 49.221
 207 306.054445 -23.637606   226.419   226.419  4 56704.63103338 23.651
 208 306.056535 -23.633338   226.272   226.306  3 56714.54666609 36.077
 209 306.053059 -23.635406   307.410   307.410  2 56724.46231787  5.809
 210 306.052191 -23.644363   226.400   226.368  5 56734.37797006 50.222
 211 306.051031 -23.647590   226.487   226.512  5 56744.29361737 50.564
 212 306.051637 -23.645838   225.961   225.969  5 56754.20925930 40.684
 213 306.053849 -23.640490   226.304   226.345  4 56764.12489498 48.323
 214 306.055246 -23.634656   226.593   226.546  3 56774.04052879 47.252
 215 306.053088 -23.641342   226.044   226.031  4 56783.95618660 50.842
 216 306.050673 -23.646584   225.867   225.898  5 56793.87184065 46.343
 217 306.049402 -23.650100   226.223   226.023  5 56803.78749143 41.631
 218 306.050293 -23.648036   226.702   226.621  5 56813.70313396 34.684
 219 306.051694 -23.643912   226.885   226.775  5 56823.61877271 51.987
 221 306.055591 -23.635831   225.741   225.726  3 56843.45003861 44.812
 222 306.055374 -23.635536   225.613   225.596  3 56853.36568026 49.670
 223 306.053705 -23.639270   227.336   227.438  4 56863.28133437 44.515
 224 306.053063 -23.642070   225.995   225.997  4 56873.19698767 50.510
 225 306.052409 -23.642166   227.154   227.084  5 56883.11263724 36.806
 226 306.052037 -23.642406   225.837   225.893  5 56893.02828342 43.130
 227 306.051543 -23.644736   225.902   225.860  5 56902.94392688 50.429
 228 306.050192 -23.646474   225.700   225.722  5 56912.85956848 47.579
 229 306.050925 -23.647293   225.800   225.681  5 56922.77520875 29.962
 230 306.052310 -23.642623   227.038   226.923  5 56932.69084589 37.135
 231 306.055068 -23.635521   226.124   225.848  3 56942.60647757 38.450
 232 306.056511 -23.635819   225.816   225.821  3 56952.52212242 23.452
 233 306.054018 -23.638268   226.136   225.969  4 56962.43777395 51.356
 234 306.052563 -23.641780   226.146   226.218  5 56972.35342066 49.264
 235 306.052890 -23.642478   225.979   225.919  4 56982.26906262 38.843
 236 306.054319 -23.637418   225.929   225.901  4 56992.18469878 35.522
 237 306.058141 -23.632630   226.476   226.491  3 57002.10033172 49.315
 238 306.056194 -23.635885   226.062   225.939  3 57012.01598929 35.656
 239 306.053995 -23.638053   225.606   225.598  4 57021.93164103 23.049
 240 306.053032 -23.642296   226.982   226.915  4 57031.84729083 30.077
 241 306.052283 -23.643127   226.295   226.225  4 57041.76293815 52.579
 243 306.053470 -23.638200   226.563   226.297  4 57061.59422351 38.997
 244 306.055188 -23.635761   226.281   226.240  3 57071.50985870 46.517
 245 306.056266 -23.633532   227.072   226.965  3 57081.42548959 47.251
 246 306.054844 -23.635771   226.581   226.541  3 57091.34113347 47.019
 247 306.052508 -23.643042   226.399   226.296  5 57101.25679212 46.761
 248 306.051556 -23.644672   226.291   226.303  5 57111.17244625 50.890
 249 306.052388 -23.642792   226.285   226.234  5 57121.08809398 45.536
 250 306.053004 -23.640694   227.047   227.118  5 57131.00373590 51.310
 251 306.053331 -23.639005   225.850   225.850  4 57140.91937273 46.306
 252 306.054325 -23.638544   226.070   225.856  4 57150.83500679 50.591
 253 306.055892 -23.633872   226.387   226.435  3 57160.75063702 48.127
 254 306.055053 -23.636132   227.470   227.462  4 57170.66629193 33.637
 255 306.054340 -23.637502   226.102   226.058  3 57180.58194740 49.484
 256 306.054177 -23.640266   226.059   225.893  4 57190.49759924 50.464
 257 306.053157 -23.642273   225.793   225.666  4 57200.41324728 46.932
 258 306.051973 -23.642819   226.603   226.543  4 57210.32888104 51.499
 259 306.052194 -23.642669   290.893   291.124  4 57220.24452445 21.336
 260 306.053556 -23.641603   226.102   226.060  4 57230.16016652 49.876
 261 306.054450 -23.638443   225.956   225.937  4 57240.07580582 50.808
 262 306.055602 -23.635652   226.091   226.067  3 57249.99144238 47.434
 263 306.056924 -23.635079   225.619   225.601  3 57259.90707728 51.837
 264 306.057317 -23.633357   225.416   225.407  4 57269.82271095 35.950
 265 306.055046 -23.635734   226.420   226.538  3 57279.73836374 45.742
 266 306.053896 -23.638391   226.154   226.290  3 57289.65402006 33.927
 268 306.053251 -23.640175   227.504   227.462  4 57309.48532292 50.684
 269 306.052228 -23.641838   226.701   226.607  5 57319.40096912 49.660
 270 306.051171 -23.643778   226.282   226.167  5 57329.31661214 53.167
 271 306.051666 -23.644424   226.852   226.919  5 57339.23225272 50.752
 272 306.051502 -23.644780   227.474   227.459  4 57349.14790183 45.532
 273 306.052547 -23.642818   227.911   227.791  5 57359.06354716 50.248
 274 306.053804 -23.641100   291.563   291.860  4 57368.97918939 23.588
 275 306.054135 -23.640111   227.088   227.080  4 57378.89482929 48.834
 276 306.053813 -23.637572   296.213   291.591  4 57388.81046767 18.570
 277 306.055146 -23.635686   290.770   290.722  4 57398.72610560 18.875
 278 306.057371 -23.633476   291.455   291.683  4 57408.64174282 23.472
 279 306.055580 -23.635459   227.151   227.105  4 57418.55739681 36.605
 280 306.053497 -23.638015   226.986   226.884  4 57428.47304825 49.848
 281 306.052549 -23.643616   227.019   227.008  5 57438.38869770 50.584
 282 306.051238 -23.645103   291.704   291.989  5 57448.30434463 23.584
 283 306.051287 -23.645635   227.641   227.572  5 57458.21999010 36.132
 284 306.052373 -23.642823   227.601   227.513  5 57468.13563193 50.086
 285 306.054031 -23.637667   227.046   226.908  4 57478.05126931 50.850
 286 306.056381 -23.635979   226.900   226.957  3 57487.96690421 41.704
 287 306.057804 -23.633478   226.745   226.783  3 57497.88253694 48.097
 288 306.057948 -23.633609   227.356   227.220  3 57507.79817670 24.201
 289 306.054919 -23.636979   295.563   295.502  4 57517.71383336  4.334
 290 306.054073 -23.639415   226.769   226.728  4 57527.62948729 38.285
 291 306.053744 -23.639338   227.059   227.074  4 57537.54513797 35.209
 292 306.053892 -23.641094   227.589   227.598  4 57547.46078633 40.403
 293 306.052991 -23.641775   226.531   226.520  4 57557.37643260 38.684
 294 306.052161 -23.641863   226.584   226.571  4 57567.29207739 49.742
 295 306.052719 -23.642446   226.602   226.471  5 57577.20772156 43.709
 296 306.053012 -23.640384   227.206   227.278  4 57587.12336383 29.959
 297 306.053562 -23.639130   227.260   227.245  4 57597.03900393 25.496
