-217958.033    94.505     0.00    1.06
-217669.045    94.555     0.17    1.03
-217380.043    94.546    -0.03    0.98
-217091.025    94.569     0.08    0.94
-216801.991    94.684     0.40    0.95
-216512.942    94.938     0.88    1.10
-216223.878    95.245     1.06    1.16
-215934.798    95.496     0.87    1.23
-215645.703    95.554     0.20    1.24
-215356.592    95.645     0.31    1.20
-215067.466    95.769     0.43    1.22
-214778.324    95.849     0.28    1.20
-214489.167    95.858     0.03    1.15
-214199.994    95.847    -0.04    1.10
-213910.806    95.872     0.09    0.99
-213621.603    96.003     0.45    0.98
-213332.384    96.099     0.33    1.11
-213043.149    96.153     0.19    1.13
-212753.899    96.257     0.36    1.13
-212464.633    96.481     0.77    1.12
-212175.352    96.713     0.80    1.16
-211886.056    96.861     0.51    1.13
-211596.743    97.032     0.59    1.12
-211307.416    97.017    -0.05    1.01
-211018.073    97.054     0.13    1.04
-210728.714    97.216     0.56    1.24
-210439.340    97.177    -0.14    1.24
-210149.950    97.295     0.41    1.21
-209860.545    97.267    -0.10    1.24
-209571.124    97.267     0.00    1.15
-209281.688    97.406     0.48    1.17
-208992.236    97.452     0.16    1.20
-208702.769    97.420    -0.11    1.04
-208413.286    97.376    -0.15    1.00
-208123.788    97.363    -0.05    1.11
-207834.274    97.466     0.36    1.01
-207544.744    97.565     0.34    0.95
-207255.199    97.595     0.10    1.04
-206965.639    97.570    -0.09    1.07
-206676.062    97.628     0.20    0.98
-206386.471    97.556    -0.25    0.96
-206096.863    97.510    -0.16    0.95
-205807.241    97.538     0.10    0.96
-205517.602    97.510    -0.10    0.98
-205227.948    97.466    -0.15    1.00
-204938.279    97.290    -0.61    1.00
-204648.593    97.202    -0.30    0.93
-204358.893    97.187    -0.05    0.86
-204069.176    97.018    -0.58    0.86
-203779.445    96.901    -0.40    0.88
-203489.697    96.781    -0.42    1.12
-203199.934    96.805     0.08    1.16
-202910.155    96.779    -0.09    1.28
-202620.361    96.775    -0.02    1.31
-202330.551    96.672    -0.36    1.32
-202040.725    96.687     0.05    1.25
-201750.884    96.636    -0.18    1.28
-201461.028    96.523    -0.39    1.14
-201171.155    96.466    -0.20    1.09
-200881.267    96.307    -0.55    1.06
-200591.364    96.266    -0.14    1.02
-200301.444    96.254    -0.04    1.02
-200011.510    96.304     0.18    1.04
-199721.559    96.177    -0.44    1.05
-199431.593    96.030    -0.50    1.12
-199144.230    95.959    -0.25    1.16
-198857.573    95.988     0.10    1.22
-198570.901    96.143     0.54    1.40
-198284.214    96.102    -0.14    1.39
-197997.511    96.216     0.40    1.51
-197710.794    96.317     0.35    1.34
-197424.061    96.249    -0.24    1.29
-197137.313    96.087    -0.57    1.30
-196850.549    96.003    -0.29    1.38
-196563.770    95.967    -0.13    1.48
-196276.977    95.860    -0.37    1.38
-195990.167    95.839    -0.07    1.39
-195703.343    95.804    -0.12    1.41
-195416.503    95.834     0.10    1.45
-195129.648    95.819    -0.05    1.40
-194842.778    95.664    -0.54    1.33
-194555.893    95.597    -0.23    1.16
-194268.992    95.436    -0.56    1.11
-193982.076    95.466     0.11    1.29
-193695.145    95.526     0.21    1.32
-193408.198    95.466    -0.21    1.33
-193121.236    95.554     0.31    1.43
-192834.259    95.684     0.45    1.53
-192547.267    95.930     0.86    1.55
-192260.259    95.988     0.20    1.55
-191973.236    96.054     0.23    1.67
-191686.198    96.128     0.26    1.49
-191399.144    96.540     1.43    1.55
-191112.075    96.451    -0.31    1.57
-190824.991    96.863     1.44    1.66
-190537.892    96.996     0.46    1.63
-190250.777    96.974    -0.08    1.53
-189963.647    97.177     0.71    1.47
-189676.502    97.324     0.51    1.63
-189389.341    97.687     1.26    1.74
-189102.165    97.966     0.97    1.64
-188814.973    98.242     0.96    1.55
-188527.767    98.597     1.23    1.55
-188240.545    98.849     0.88    1.56
-187953.307    99.075     0.79    1.60
-187666.055    99.354     0.97    1.42
-187378.787    99.509     0.54    1.35
-187091.503    99.511     0.00    1.36
-186804.205    99.731     0.77    1.44
-186516.891    99.937     0.72    1.44
-186229.561   100.033     0.34    1.37
-185942.216    99.918    -0.40    1.16
-185654.856    99.916    -0.01    1.17
-185367.481    99.953     0.13    1.20
-185080.090   100.104     0.53    1.10
-184792.684   100.223     0.41    1.06
-184505.262   100.260     0.13    1.12
-184217.825   100.451     0.66    1.17
-183930.373   100.567     0.40    1.11
-183642.905   100.567     0.00    1.19
-183355.422   100.024    -1.89    1.84
-183067.924    99.524    -1.74    2.15
-182780.410    99.167    -1.24    2.29
-182492.881    98.819    -1.21    2.42
-182205.336    98.678    -0.49    2.63
-181917.776    98.712     0.12    2.64
-181630.200    98.843     0.46    2.58
-181342.610    98.858     0.05    2.49
-181055.003    98.213    -2.24    2.94
-180767.382    97.322    -3.10    3.20
-180479.745    96.293    -3.58    2.91
-180192.092    95.363    -3.23    2.60
-179904.424    94.907    -1.58    2.45
-179616.741    94.966     0.20    2.82
-179329.042    95.367     1.39    2.99
-179041.328    95.466     0.35    2.86
-178753.598    95.409    -0.20    2.79
-178465.853    94.945    -1.62    2.70
-178178.093    94.352    -2.06    2.73
-177890.317    93.143    -4.20    2.79
-177602.526    92.317    -2.87    2.69
-177314.719    91.349    -3.36    2.46
-177026.897    90.109    -4.30    2.25
-176739.059    89.220    -3.09    2.22
-176451.206    88.368    -2.96    2.29
-176163.337    87.177    -4.14    2.23
-175875.453    86.128    -3.64    2.39
-175587.553    84.920    -4.19    2.38
-175299.638    84.078    -2.93    2.34
-175011.708    82.893    -4.12    2.36
-174723.762    81.466    -4.95    2.56
-174435.801    80.411    -3.67    2.52
-174147.824    79.394    -3.53    2.50
-173859.831    78.350    -3.62    2.22
-173571.823    77.231    -3.89    2.06
-173283.800    76.451    -2.71    1.92
-172995.761    75.944    -1.76    1.99
-172707.707    75.063    -3.06    1.79
-172419.637    74.324    -2.57    1.81
-172131.552    73.495    -2.88    1.67
-171843.451    73.095    -1.39    1.60
-171555.334    72.695    -1.39    1.54
-171267.203    72.290    -1.41    1.49
-170979.055    72.113    -0.61    1.27
-170690.892    72.113     0.00    1.24
-170402.714    71.981    -0.46    1.15
-170114.520    71.809    -0.59    1.25
-169826.310    71.620    -0.66    1.15
-169538.086    71.220    -1.39    1.11
-169249.845    71.334     0.39    1.96
-168961.589    71.078    -0.89    1.95
-168673.317    70.973    -0.36    1.93
-168385.030    70.937    -0.13    1.92
-168096.727    70.887    -0.17    1.94
-167808.409    70.655    -0.80    1.04
-167520.075    70.594    -0.21    1.10
-167231.726    70.567    -0.09    1.11
-166943.361    70.510    -0.20    1.13
-166654.981    70.542     0.11    1.16
-166366.585    70.526    -0.05    1.18
-166078.173    70.628     0.35    1.12
-165789.746    70.756     0.44    1.12
-165501.303    70.819     0.22    1.04
-165212.845    70.829     0.03    1.00
-164924.371    70.881     0.18    0.92
-164635.882    70.937     0.19    0.89
-164347.377    71.099     0.56    0.96
-164058.856    71.202     0.36    0.99
-163770.320    71.252     0.18    0.98
-163481.768    71.379     0.44    1.02
-163193.201    71.551     0.60    1.09
-162904.618    71.695     0.50    1.25
-162616.019    71.771     0.26    1.27
-162327.405    71.643    -0.44    1.24
-162038.775    71.742     0.34    1.32
-161750.129    71.790     0.17    1.30
-161461.468    71.594    -0.68    1.39
-161172.792    71.466    -0.44    1.37
-160884.099    71.256    -0.73    1.48
-160595.392    71.067    -0.65    1.58
-160306.668    70.922    -0.50    1.59
-160017.929    70.511    -1.42    1.70
-159729.174    70.317    -0.67    1.78
-159440.403    69.909    -1.41    1.96
-159151.617    69.481    -1.48    2.06
-158862.816    68.881    -2.08    2.14
-158573.998    68.338    -1.88    2.18
-158285.165    67.824    -1.78    2.21
-157996.317    67.231    -2.05    2.11
-157707.452    66.511    -2.49    2.07
-157418.572    66.260    -0.87    2.14
-157129.677    65.626    -2.20    2.06
-156840.765    65.046    -2.01    1.87
-156551.838    64.537    -1.76    1.93
-156262.896    64.052    -1.68    1.94
-155973.937    63.660    -1.36    1.91
-155684.963    63.363    -1.03    1.71
-155395.973    63.033    -1.14    1.61
-155106.968    62.863    -0.59    1.51
-154817.947    62.595    -0.93    1.03
-154528.910    62.626     0.11    0.93
-154239.858    62.524    -0.35    0.95
-153950.790    62.466    -0.20    1.04
-153661.706    62.317    -0.52    1.10
-153372.606    62.246    -0.25    1.05
-153083.491    62.157    -0.31    1.04
-152794.360    62.172     0.05    1.24
-152505.213    62.162    -0.03    1.10
-152216.051    62.090    -0.25    1.13
-151926.873    61.893    -0.68    1.22
-151637.679    61.702    -0.66    1.02
-151348.469    61.657    -0.15    1.04
-151059.244    61.421    -0.82    1.00
-150770.003    61.290    -0.45    0.92
-150480.746    61.171    -0.41    0.90
-150191.474    60.945    -0.78    0.98
-149902.185    60.720    -0.78    1.06
-149612.881    60.613    -0.37    1.06
-149323.562    60.452    -0.56    1.03
-149034.226    60.437    -0.05    1.14
-148744.875    60.771     1.15    2.30
-148455.508    60.875     0.36    2.24
-148166.125    60.884     0.03    2.21
-147876.727    60.945     0.21    2.17
-147587.312    60.887    -0.20    2.18
-147297.882    60.799    -0.30    2.26
-147008.436    60.481    -1.10    1.77
-146718.975    60.216    -0.91    0.99
-146429.497    59.849    -1.27    1.17
-146140.004    59.752    -0.33    1.09
-145850.495    59.565    -0.65    1.16
-145560.971    59.409    -0.54    1.20
-145271.430    59.260    -0.52    1.10
-144981.874    59.078    -0.63    1.06
-144692.302    58.824    -0.88    1.08
-144402.714    58.611    -0.73    1.12
-144113.110    58.249    -1.25    1.27
-143823.490    57.731    -1.79    1.30
-143533.855    57.167    -1.95    1.48
-143244.204    56.466    -2.42    1.53
-142954.537    55.657    -2.79    1.61
-142664.854    54.937    -2.49    1.61
-142375.155    54.390    -1.89    1.39
-142085.441    54.109    -0.97    1.54
-141795.711    53.824    -0.99    1.51
-141505.965    53.678    -0.50    1.44
-141216.203    53.538    -0.48    1.51
-140926.425    53.675     0.47    1.47
-140636.631    53.481    -0.67    1.20
-140346.822    53.367    -0.39    1.21
-140056.996    53.466     0.34    1.25
-139767.155    53.452    -0.05    1.27
-139477.298    53.539     0.30    1.17
-139187.425    53.452    -0.30    1.11
-138897.537    53.304    -0.51    1.04
-138607.632    53.260    -0.15    1.02
-138317.712    52.996    -0.91    0.80
-138027.775    52.966    -0.10    0.86
-137737.823    52.713    -0.87    1.05
-137447.855    52.552    -0.55    1.01
-137158.963    52.241    -1.08    1.44
-136872.349    51.655    -2.05    1.72
-136585.720    51.195    -1.60    1.77
-136299.076    50.672    -1.82    1.66
-136012.416    50.048    -2.18    1.50
-135725.741    49.569    -1.67    1.54
-135439.050    49.061    -1.77    1.42
-135152.343    48.524    -1.87    1.52
-134865.622    48.109    -1.45    1.46
-134578.885    47.667    -1.54    1.41
-134292.132    47.406    -0.91    1.25
-134005.364    46.996    -1.43    1.20
-133718.580    46.663    -1.16    1.18
-133431.781    46.495    -0.58    1.16
-133144.966    46.290    -0.72    1.24
-132858.136    46.148    -0.50    1.13
-132571.291    45.903    -0.85    1.18
-132284.430    45.752    -0.53    1.14
-131997.553    45.585    -0.58    1.09
-131710.661    45.510    -0.26    1.08
-131423.754    45.451    -0.21    1.04
-131136.831    45.275    -0.61    1.04
-130849.892    45.224    -0.18    1.07
-130562.938    45.138    -0.30    1.17
-130275.968    45.106    -0.11    1.28
-129988.983    44.861    -0.85    1.49
-129701.982    44.539    -1.12    1.55
-129414.966    44.040    -1.74    1.64
-129127.935    43.752    -1.00    1.86
-128840.887    43.334    -1.46    1.93
-128553.825    42.381    -3.32    2.10
-128266.746    41.452    -3.24    2.08
-127979.652    40.523    -3.24    2.00
-127692.543    39.938    -2.04    1.82
-127405.418    39.322    -2.15    1.61
-127118.278    38.775    -1.90    1.39
-126831.121    38.438    -1.17    1.40
-126543.950    38.025    -1.44    1.39
-126256.763    37.895    -0.45    1.50
-125969.560    37.945     0.17    1.78
-125682.342    38.231     1.00    2.53
-125395.108    38.509     0.97    2.86
-125107.858    38.929     1.46    3.08
-124820.593    38.863    -0.23    3.30
-124533.313    38.907     0.15    3.39
-124246.017    38.231    -2.35    3.40
-123958.705    37.009    -4.25    3.03
-123671.378    36.249    -2.65    2.72
-123384.035    35.256    -3.46    2.33
-123096.676    34.437    -2.85    1.65
-122809.302    33.988    -1.56    1.21
-122521.912    33.705    -0.99    1.03
-122234.507    33.750     0.16    1.07
-121947.086    33.922     0.60    1.44
-121659.649    34.785     3.00    2.42
-121372.197    35.495     2.47    2.82
-121084.730    36.847     4.70    3.55
-120797.246    38.081     4.29    4.03
-120509.747    39.667     5.51    4.20
-120222.232    40.829     4.04    3.72
-119934.702    41.996     4.06    3.16
-119647.156    42.334     1.17    2.70
-119359.595    42.938     2.10    2.39
-119072.018    43.002     0.22    2.24
-118784.425    42.881    -0.42    2.17
-118496.816    42.652    -0.79    2.18
-118209.192    42.024    -2.19    2.34
-117921.553    41.302    -2.51    2.50
-117633.897    40.907    -1.37    2.54
-117346.226    40.172    -2.56    2.44
-117058.539    40.309     0.48    2.32
-116770.837    40.129    -0.63    2.32
-116483.119    40.220     0.32    2.52
-116195.385    40.030    -0.66    2.57
-115907.636    39.423    -2.11    2.62
-115619.871    39.365    -0.20    2.92
-115332.090    39.334    -0.11    2.89
-115044.294    39.026    -1.07    3.05
-114756.482    39.075     0.17    3.03
-114468.654    38.856    -0.76    3.04
-114180.810    38.626    -0.80    3.29
-113892.951    38.143    -1.68    3.41
-113605.076    37.113    -3.58    3.50
-113317.186    35.967    -3.98    3.59
-113029.279    34.569    -4.85    3.55
-112741.358    32.887    -5.84    3.26
-112453.420    31.638    -4.34    2.96
-112165.466    30.592    -3.63    2.46
-111877.497    29.681    -3.16    2.32
-111589.513    29.038    -2.23    2.20
-111301.512    28.599    -1.53    1.87
-111013.496    28.713     0.40    2.01
-110725.464    29.010     1.03    2.17
-110437.416    29.481     1.63    2.11
-110149.352    29.805     1.12    2.20
-109861.273    30.495     2.39    2.41
-109573.178    30.995     1.74    2.31
-109285.068    31.495     1.74    2.58
-108996.941    32.102     2.11    2.73
-108708.799    32.878     2.69    3.41
-108420.641    33.746     3.01    4.11
-108132.467    35.307     5.42    4.95
-107844.278    37.087     6.17    5.58
-107556.073    38.953     6.48    6.01
-107267.852    40.698     6.05    6.08
-106979.615    42.872     7.54    6.06
-106691.362    44.525     5.73    6.07
-106403.094    46.319     6.22    6.18
-106114.810    47.334     3.52    6.17
-105826.510    48.582     4.33    6.48
-105538.195    49.295     2.47    6.36
-105249.863    49.227    -0.24    6.53
-104961.516    48.852    -1.30    6.56
-104673.153    48.495    -1.24    5.96
-104384.774    47.437    -3.67    5.16
-104096.380    47.148    -1.00    4.55
-103807.969    46.069    -3.74    4.30
-103519.543    45.309    -2.63    4.30
-103231.101    44.509    -2.77    3.93
-102942.643    43.777    -2.54    3.49
-102654.169    43.423    -1.23    3.01
-102365.680    43.319    -0.36    2.70
-102077.175    43.242    -0.27    2.72
-101788.653    43.750     1.76    2.85
-101500.116    43.394    -1.23    3.16
-101211.564    43.281    -0.39    3.65
-100922.995    42.847    -1.50    3.81
-100634.411    42.352    -1.71    3.72
-100345.810    42.095    -0.89    3.64
-100057.194    41.702    -1.36    3.21
 -99768.562    41.231    -1.63    2.92
 -99479.914    40.959    -0.94    2.45
 -99191.251    40.466    -1.70    2.25
 -98902.571    40.109    -1.24    2.26
 -98613.876    39.661    -1.55    1.98
 -98325.164    39.199    -1.60    1.73
 -98036.437    38.824    -1.30    1.85
 -97747.694    38.393    -1.49    1.73
 -97458.935    37.834    -1.94    1.72
 -97170.160    37.569    -0.92    1.75
 -96881.370    36.952    -2.14    1.82
 -96592.563    36.238    -2.47    1.88
 -96303.741    35.536    -2.43    1.72
 -96014.903    35.143    -1.36    1.59
 -95726.048    34.669    -1.64    1.54
 -95437.178    34.231    -1.52    1.51
 -95148.292    33.909    -1.11    1.75
 -94859.390    33.584    -1.13    1.72
 -94570.473    33.143    -1.53    2.06
 -94281.539    32.800    -1.19    2.19
 -93992.589    32.356    -1.54    2.33
 -93703.624    31.638    -2.48    2.42
 -93414.642    31.466    -0.60    2.45
 -93125.645    30.863    -2.09    2.38
 -92836.632    30.409    -1.57    2.26
 -92547.602    30.293    -0.40    2.14
 -92258.557    29.824    -1.62    2.15
 -91969.496    29.824     0.00    2.06
 -91680.419    29.496    -1.14    2.05
 -91391.326    29.393    -0.36    2.18
 -91102.217    29.302    -0.31    2.26
 -90813.092    28.702    -2.08    2.25
 -90523.952    28.466    -0.81    2.17
 -90234.795    28.038    -1.48    2.05
 -89945.622    27.539    -1.73    1.71
 -89656.433    27.394    -0.50    1.70
 -89367.229    27.010    -1.33    1.87
 -89078.008    26.929    -0.28    1.96
 -88788.772    27.040     0.38    2.07
 -88499.519    26.466    -1.98    2.03
 -88210.250    26.496     0.10    1.89
 -87920.966    26.298    -0.68    1.87
 -87631.665    26.281    -0.06    2.08
 -87342.349    26.495     0.74    2.41
 -87053.017    27.235     2.56    3.38
 -86763.668    27.319     0.29    3.34
 -86474.304    27.657     1.17    3.75
 -86184.923    27.202    -1.58    2.99
 -85895.527    26.981    -0.76    2.74
 -85606.114    26.741    -0.83    2.63
 -85316.686    26.655    -0.30    2.73
 -85027.241    26.213    -1.53    1.41
 -84737.781    26.157    -0.19    1.47
 -84448.304    25.909    -0.86    1.42
 -84158.812    25.878    -0.11    1.39
 -83869.303    25.695    -0.63    1.26
 -83579.779    25.678    -0.06    1.28
 -83290.238    25.425    -0.87    1.19
 -83000.681    25.424    -0.01    1.26
 -82711.109    25.295    -0.44    1.25
 -82421.520    25.275    -0.07    1.23
 -82131.915    25.295     0.07    1.21
 -81842.294    25.216    -0.27    1.23
 -81552.658    25.281     0.22    1.35
 -81263.005    25.235    -0.16    1.35
 -80973.336    25.120    -0.40    1.36
 -80683.651    25.101    -0.07    1.37
 -80393.950    24.973    -0.44    1.31
 -80104.232    24.687    -0.99    1.52
 -79814.499    24.495    -0.66    1.43
 -79524.750    24.365    -0.45    1.44
 -79234.985    24.326    -0.13    1.44
 -78945.203    24.181    -0.50    1.41
 -78655.406    23.959    -0.77    1.43
 -78365.592    23.966     0.02    1.40
 -78075.762    23.952    -0.05    1.30
 -77785.917    23.878    -0.25    1.38
 -77496.055    23.567    -1.07    1.34
 -77206.177    23.252    -1.08    1.42
 -76916.283    23.167    -0.30    1.35
 -76626.372    22.824    -1.18    1.49
 -76336.446    22.495    -1.13    1.37
 -76046.504    22.212    -0.98    1.26
 -75756.545    21.922    -1.00    1.21
 -75466.570    21.893    -0.10    1.22
 -75176.580    21.785    -0.37    1.20
 -74889.517    21.795     0.03    1.19
 -74602.937    21.967     0.60    1.18
 -74316.341    21.952    -0.05    1.21
 -74029.730    22.191     0.83    1.23
 -73743.103    22.272     0.28    1.17
 -73456.460    22.246    -0.09    1.28
 -73169.802    22.334     0.31    1.26
 -72883.128    22.393     0.21    1.25
 -72596.438    22.552     0.56    1.35
 -72309.733    22.824     0.95    1.39
 -72023.012    22.916     0.32    1.43
 -71736.275    23.172     0.89    1.38
 -71449.523    23.216     0.15    1.38
 -71162.754    23.334     0.41    1.26
 -70875.971    23.525     0.67    1.27
 -70589.171    23.655     0.45    1.37
 -70302.356    23.756     0.35    1.40
 -70015.524    23.785     0.10    1.34
 -69728.678    23.756    -0.10    1.33
 -69441.815    23.858     0.35    1.35
 -69154.937    23.669    -0.66    1.33
 -68868.043    23.569    -0.35    1.38
 -68581.133    23.599     0.10    1.38
 -68294.208    23.584    -0.05    1.32
 -68007.266    23.640     0.20    1.42
 -67720.309    23.838     0.69    1.34
 -67433.337    23.938     0.35    1.32
 -67146.348    23.795    -0.50    1.40
 -66859.344    23.814     0.07    1.44
 -66572.324    23.996     0.63    1.49
 -66285.288    24.010     0.05    1.52
 -65998.236    24.260     0.87    1.44
 -65711.169    24.408     0.52    1.47
 -65424.086    24.580     0.60    1.43
 -65136.987    24.681     0.35    1.34
 -64849.872    24.606    -0.26    1.36
 -64562.742    24.640     0.12    1.29
 -64275.596    24.643     0.01    1.42
 -63988.434    24.540    -0.36    1.39
 -63701.256    24.713     0.60    1.53
 -63414.062    24.795     0.29    1.77
 -63126.853    24.889     0.33    2.02
 -62839.628    25.119     0.80    2.09
 -62552.386    25.125     0.02    2.10
 -62265.130    25.424     1.04    1.93
 -61977.857    25.525     0.35    1.86
 -61690.569    25.393    -0.46    1.75
 -61403.264    25.395     0.01    1.59
 -61115.944    25.393    -0.01    1.48
 -60828.608    25.298    -0.33    1.89
 -60541.256    25.408     0.38    1.96
 -60253.889    25.440     0.11    2.00
 -59966.505    25.481     0.14    1.93
 -59679.106    25.481     0.00    2.33
 -59391.691    25.246    -0.82    2.19
 -59104.260    25.495     0.87    2.88
 -58816.813    25.760     0.92    2.96
 -58529.351    26.044     0.99    2.81
 -58241.872    26.206     0.56    2.78
 -57954.378    25.878    -1.14    1.80
 -57666.868    25.852    -0.09    1.66
 -57379.342    25.981     0.45    1.58
 -57091.800    26.054     0.26    1.56
 -56804.242    26.152     0.34    1.51
 -56516.668    26.290     0.48    1.47
 -56229.079    26.267    -0.08    1.40
 -55941.473    26.611     1.20    1.42
 -55653.852    26.810     0.69    1.54
 -55366.215    26.881     0.25    1.49
 -55078.561    26.814    -0.23    1.56
 -54790.892    26.922     0.37    1.80
 -54503.208    26.695    -0.79    1.82
 -54215.507    26.628    -0.23    1.86
 -53927.790    26.367    -0.91    2.09
 -53640.058    26.195    -0.60    2.01
 -53352.309    26.097    -0.34    1.94
 -53064.545    25.918    -0.62    1.79
 -52776.764    25.945     0.09    1.57
 -52488.968    26.069     0.43    1.64
 -52201.156    26.195     0.44    1.65
 -51913.328    26.363     0.58    1.60
 -51625.484    26.509     0.51    1.87
 -51337.624    26.452    -0.20    1.88
 -51049.748    26.440    -0.04    1.79
 -50761.856    26.495     0.19    1.77
 -50473.948    26.336    -0.55    1.52
 -50186.025    26.393     0.20    1.44
 -49898.085    26.181    -0.74    1.56
 -49610.130    25.790    -1.36    1.82
 -49322.158    24.738    -3.65    2.80
 -49034.170    23.552    -4.12    3.56
 -48746.167    21.864    -5.86    4.18
 -48458.148    19.938    -6.69    4.27
 -48170.112    18.235    -5.91    3.77
 -47882.061    16.746    -5.17    2.91
 -47593.994    15.795    -3.30    1.99
 -47305.910    15.260    -1.86    1.55
 -47017.811    15.281     0.07    1.86
 -46729.696    15.767     1.69    2.22
 -46441.565    16.224     1.59    2.45
 -46153.417    17.267     3.62    2.46
 -45865.254    18.293     3.56    2.68
 -45577.075    19.760     5.09    2.74
 -45288.880    20.881     3.89    2.39
 -45000.668    21.554     2.34    2.13
 -44712.441    22.481     3.21    1.86
 -44424.198    23.213     2.54    1.50
 -44135.939    23.645     1.50    1.37
 -43847.664    24.002     1.24    1.17
 -43559.372    24.177     0.61    0.94
 -43271.065    24.260     0.29    1.05
 -42982.742    24.295     0.12    1.08
 -42694.402    24.099    -0.68    1.29
 -42406.047    23.867    -0.80    1.40
 -42117.676    23.706    -0.56    1.55
 -41829.288    23.440    -0.92    1.65
 -41540.885    23.072    -1.27    1.78
 -41252.465    23.003    -0.24    1.75
 -40964.030    22.746    -0.89    1.83
 -40675.578    22.267    -1.66    1.88
 -40387.111    21.640    -2.17    1.75
 -40098.627    21.367    -0.95    1.75
 -39810.127    20.974    -1.36    1.65
 -39521.611    20.495    -1.66    1.72
 -39233.079    19.924    -1.98    1.51
 -38944.531    19.687    -0.82    1.61
 -38655.967    19.569    -0.41    1.82
 -38367.387    19.742     0.60    1.98
 -38078.791    20.032     1.00    1.99
 -37790.179    20.581     1.90    1.94
 -37501.550    20.967     1.34    1.86
 -37212.906    21.314     1.20    1.91
 -36924.245    21.552     0.82    1.83
 -36635.569    21.775     0.77    1.80
 -36346.876    21.760    -0.05    1.94
 -36058.167    21.914     0.53    1.78
 -35769.442    21.952     0.13    1.76
 -35480.701    22.052     0.35    1.72
 -35191.944    21.914    -0.48    1.73
 -34903.171    21.595    -1.10    2.05
 -34614.382    21.467    -0.45    2.02
 -34325.576    21.257    -0.73    2.17
 -34036.755    20.702    -1.92    2.26
 -33747.917    20.003    -2.42    2.32
 -33459.063    19.595    -1.41    2.23
 -33170.193    19.338    -0.89    2.14
 -32881.307    18.974    -1.26    2.08
 -32592.405    19.052     0.27    2.26
 -32303.486    18.858    -0.67    2.52
 -32014.552    18.742    -0.40    2.61
 -31725.601    18.849     0.37    2.43
 -31436.634    18.863     0.05    2.39
 -31147.651    19.171     1.07    2.30
 -30858.652    19.523     1.22    2.71
 -30569.636    20.129     2.10    2.77
 -30280.605    20.467     1.17    2.75
 -29991.557    21.643     4.07    4.83
 -29702.493    22.424     2.70    5.48
 -29413.413    22.569     0.50    5.54
 -29124.317    23.481     3.15    6.30
 -28835.205    24.411     3.22    7.57
 -28546.076    25.467     3.65    8.11
 -28256.932    26.213     2.58    8.46
 -27967.771    26.995     2.70    8.12
 -27678.593    28.054     3.66    7.70
 -27389.400    28.567     1.77    7.33
 -27100.191    29.466     3.11    6.60
 -26810.965    29.281    -0.64    5.09
 -26521.723    28.167    -3.85    4.24
 -26232.465    27.359    -2.79    4.07
 -25943.190    26.795    -1.95    4.23
 -25653.900    25.640    -3.99    3.42
 -25364.593    25.407    -0.81    3.38
 -25075.270    25.352    -0.19    3.44
 -24785.931    25.378     0.09    3.05
 -24496.575    25.667     1.00    2.88
 -24207.203    25.692     0.09    2.62
 -23917.815    25.344    -1.20    1.97
 -23628.411    25.833     1.69    2.30
 -23338.991    25.790    -0.15    2.42
 -23049.554    25.746    -0.15    2.59
 -22760.101    25.438    -1.06    2.26
 -22470.632    24.988    -1.55    2.01
 -22181.146    24.652    -1.16    1.62
 -21891.645    24.567    -0.30    1.55
 -21602.127    24.664     0.34    1.58
 -21312.592    24.824     0.55    1.54
 -21023.042    24.804    -0.07    1.58
 -20733.475    25.128     1.12    1.36
 -20443.892    25.010    -0.41    1.41
 -20154.293    25.009    -0.00    1.40
 -19864.677    24.889    -0.41    1.62
 -19575.045    24.852    -0.13    1.58
 -19285.397    24.967     0.39    1.28
 -18995.732    25.061     0.32    1.24
 -18706.052    24.893    -0.58    1.15
 -18416.355    24.952     0.20    1.11
 -18126.641    25.119     0.58    1.07
 -17836.911    25.185     0.23    0.99
 -17547.165    25.356     0.59    0.98
 -17257.403    25.409     0.18    0.95
 -16967.624    25.425     0.05    0.88
 -16677.829    25.569     0.50    0.91
 -16388.018    25.709     0.48    0.97
 -16098.190    25.702    -0.03    0.97
 -15808.347    25.681    -0.07    1.06
 -15518.486    25.681     0.00    1.15
 -15228.610    25.604    -0.26    1.26
 -14938.717    25.551    -0.18    1.35
 -14648.807    25.638     0.30    1.50
 -14358.882    25.569    -0.24    1.56
 -14068.940    25.624     0.19    1.52
 -13778.981    25.771     0.51    1.66
 -13489.007    25.791     0.07    1.70
 -13199.016    26.081     1.00    1.77
 -12910.325    26.064    -0.06    1.73
 -12623.783    25.781    -0.99    1.66
 -12337.224    25.849     0.24    1.70
 -12050.650    25.760    -0.31    1.63
 -11764.059    25.809     0.17    1.67
 -11477.453    25.790    -0.07    1.75
 -11190.831    25.938     0.52    1.77
 -10904.193    25.960     0.08    1.77
 -10617.539    25.782    -0.62    1.78
 -10330.869    25.509    -0.95    1.68
 -10044.184    25.379    -0.45    1.64
  -9757.482    25.172    -0.72    1.35
  -9470.764    25.024    -0.52    1.27
  -9184.031    24.698    -1.14    1.54
  -8897.281    24.030    -2.33    1.98
  -8610.515    23.199    -2.90    2.55
  -8323.734    21.953    -4.35    3.25
  -8036.937    20.838    -3.89    3.23
  -7750.123    20.312    -1.83    2.93
  -7463.294    19.496    -2.85    2.26
  -7176.449    19.334    -0.56    2.30
  -6889.588    19.539     0.71    2.52
  -6602.710    20.113     2.00    3.02
  -6315.817    21.636     5.31    2.58
  -6028.908    22.411     2.70    2.50
  -5741.983    23.298     3.09    2.30
  -5455.042    24.072     2.70    2.12
  -5168.085    24.781     2.47    1.68
  -4881.112    25.496     2.49    2.08
  -4594.123    26.018     1.82    2.15
  -4307.118    24.878    -3.97    5.95
  -4020.097    23.326    -5.41    8.76
  -3733.060    22.267    -3.69   10.15
  -3446.007    20.411    -6.46   11.60
  -3158.938    18.861    -5.40   12.24
  -2871.853    16.889    -6.87   12.75
  -2584.752    14.713    -7.58   12.93
  -2297.634    14.275    -1.52   12.82
  -2010.501    12.922    -4.71   12.43
  -1723.352    11.640    -4.46   11.95
  -1436.187    11.706     0.23   11.90
  -1149.006    11.207    -1.74   11.83
   -861.809    10.241    -3.36   11.71
   -574.596     9.452    -2.75   11.62
   -287.366     9.090    -1.26   11.59
     -0.121     8.767    -1.12   11.73
    287.140     8.216    -1.92   11.47
    574.418     6.981    -4.30   10.73
    861.711     6.903    -0.27   10.55
   1149.021     6.974     0.25   10.93
   1436.346     6.281    -2.41   10.75
   1723.688     6.354     0.25   10.85
   2011.045     5.924    -1.50   11.13
   2298.419     5.909    -0.05   11.44
   2585.809     5.099    -2.82   10.91
   2873.215     3.293    -6.28    9.05
   3160.637     2.867    -1.48    8.25
   3448.075     2.092    -2.69    7.17
   3735.529     1.567    -1.83    6.58
   4022.999     2.185     2.15    7.65
   4310.486     1.667    -1.80    6.71
   4597.988     1.290    -1.31    5.41
   4885.506     2.113     2.86    6.72
   5173.041     1.540    -1.99    3.53
   5460.592     2.249     2.47    3.71
   5748.158     3.072     2.86    3.83
   6035.741     3.867     2.76    3.93
   6323.340     4.157     1.01    3.76
   6610.955     4.220     0.22    3.32
   6898.587     4.437     0.75    3.13
   7186.234     4.553     0.41    2.99
   7473.898     4.849     1.03    2.70
   7761.577     4.959     0.38    2.42
   8049.273     5.185     0.79    2.01
   8336.985     4.889    -1.03    1.81
   8624.713     4.171    -2.50    2.33
   8912.457     3.439    -2.55    2.67
   9200.217     2.716    -2.51    2.96
   9487.994     1.687    -3.58    2.61
   9775.786     1.407    -0.97    2.85
  10063.595     1.437     0.10    3.29
  10351.420     1.847     1.42    3.65
  10639.261     2.837     3.44    3.95
  10927.118     3.622     2.73    3.94
  11214.992     4.552     3.23    3.75
  11502.881     5.495     3.28    3.13
  11790.787     5.767     0.94    2.81
  12078.709     6.010     0.85    2.40
  12366.647     5.849    -0.56    2.42
  12654.601     5.551    -1.03    2.50
  12942.572     5.319    -0.81    2.67
  13230.558     5.109    -0.73    2.51
  13518.561     5.072    -0.13    2.38
  13806.580     4.727    -1.20    2.12
  14094.615     4.724    -0.01    2.11
  14382.667     4.893     0.59    2.01
  14670.734     4.553    -1.18    2.52
  14958.818     4.167    -1.34    2.86
  15246.918     4.043    -0.43    2.79
  15535.035     3.924    -0.41    2.99
  15823.167     3.706    -0.75    2.78
  16111.316     3.695    -0.04    2.76
  16399.481     4.349     2.27    2.80
  16687.662     4.746     1.38    2.37
  16975.859     4.804     0.20    2.09
  17264.073     4.650    -0.54    2.24
  17552.303     4.481    -0.59    2.25
  17840.549     4.298    -0.64    2.31
  18128.811     4.087    -0.73    2.33
  18417.090     3.638    -1.56    2.52
  18705.385     3.231    -1.41    2.70
  18993.696     2.628    -2.09    2.81
  19282.023     2.113    -1.79    2.79
  19570.367     1.678    -1.51    2.94
  19858.727     1.424    -0.88    3.11
  20147.103     1.884     1.59    4.44
  20435.496     2.058     0.61    4.72
  20723.904     2.382     1.12    6.13
  21012.329     2.378    -0.02    7.39
  21300.771     2.967     2.04    8.65
  21589.228     2.672    -1.02    8.83
  21877.702     2.081    -2.05    7.97
  22166.192     2.109     0.10    8.00
  22454.699     1.305    -2.79    5.62
  22743.221     1.058    -0.86    4.94
  23031.760     1.162     0.36    4.47
  23320.316     1.378     0.75    4.40
  23608.887     1.581     0.70    4.21
  23897.475     1.334    -0.86    3.27
  24186.080     1.752     1.45    3.55
  24474.700     1.608    -0.50    3.35
  24763.337     1.248    -1.25    3.15
  25051.990     1.129    -0.41    3.06
  25340.660     1.408     0.97    3.40
  25629.346     1.804     1.37    3.41
  25918.048     2.104     1.04    3.31
  26206.767     2.336     0.80    3.17
  26495.502     2.847     1.77    3.09
  26784.253     3.064     0.75    2.78
  27073.020     3.312     0.86    2.63
  27361.804     3.227    -0.29    2.39
  27650.605     3.267     0.14    2.18
  27939.421     3.143    -0.43    2.06
  28228.254     3.148     0.02    1.98
  28517.104     3.010    -0.48    1.98
  28805.969     2.981    -0.10    1.80
  29094.852     2.861    -0.41    2.10
  29383.750     2.938     0.27    2.38
  29672.665     2.791    -0.51    2.56
  29961.596     2.819     0.10    2.71
  30250.544     2.554    -0.92    2.84
  30539.508     2.422    -0.46    2.87
  30828.488     2.067    -1.23    2.91
  31117.485     1.609    -1.58    2.81
  31406.498     1.224    -1.33    2.55
  31695.528     0.909    -1.09    2.45
  31984.574     0.466    -1.53    1.88
  32273.636     0.148    -1.10    1.69
  32562.715    -0.196    -1.19    1.24
  32851.810    -0.298    -0.36    1.10
  33140.922    -0.391    -0.32    0.96
  33430.050    -0.519    -0.44    0.00
  33719.195    -0.519     0.00    0.00
  34008.355    -0.519     0.00    0.00
  34297.533    -0.519     0.00    0.00
  34586.727    -0.519     0.00    0.00
  34875.937    -0.519     0.00    0.00
  35165.163    -0.519     0.00    0.00
  35454.407    -0.068     1.56    1.68
  35743.666     0.185     0.88    2.10
  36032.942     0.967     2.70    3.93
  36322.235     1.411     1.53    4.53
  36611.543     2.425     3.51    6.18
  36900.869     2.716     1.01    6.16
  37190.211     3.763     3.62    7.57
  37479.569     4.099     1.16    7.96
  37768.944     4.924     2.85    8.64
  38058.335     6.340     4.89    9.69
  38347.743     7.535     4.13   10.73
  38637.167     7.664     0.45   10.46
  38926.608     8.800     3.92   10.48
  39216.065     9.040     0.83    9.94
  39505.538     9.594     1.91    9.57
  39795.029     9.742     0.51    9.35
  40084.535     9.734    -0.03    8.65
  40374.058    10.245     1.76    8.75
  40663.598    10.833     2.03    9.02
  40953.154    12.281     5.00    9.27
  41242.727    13.524     4.29    9.76
  41532.316    14.760     4.27    9.76
  41821.922    15.525     2.64    9.92
  42111.544    17.162     5.65    9.07
  42401.183    17.438     0.95    8.60
  42690.838    16.551    -3.06    8.25
  42980.510    16.024    -1.82    7.50
  43270.198    15.354    -2.31    6.14
  43559.903    14.209    -3.95    5.31
  43849.624    13.952    -0.89    3.91
  44139.362    13.974     0.08    3.23
  44429.117    15.009     3.57    2.90
  44718.888    16.125     3.85    3.28
  45008.676    17.267     3.94    3.02
  45298.480    18.550     4.43    3.17
  45588.300    19.724     4.05    3.07
  45878.138    20.624     3.11    2.80
  46167.992    21.394     2.66    2.78
  46457.862    21.628     0.81    2.53
  46747.749    22.064     1.51    2.17
  47037.653    22.171     0.37    1.90
  47327.573    22.199     0.10    1.81
  47617.510    22.382     0.63    1.71
  47907.463    22.525     0.49    1.64
  48197.433    22.804     0.96    1.72
  48487.419    23.191     1.33    1.78
  48777.422    23.709     1.79    1.74
  49067.442    24.326     2.13    1.60
  49354.285    24.609     0.99    1.53
  49640.795    25.056     1.56    1.29
  49927.321    25.439     1.34    1.38
  50213.863    25.669     0.80    1.37
  50500.421    25.996     1.14    1.23
  50786.996    26.081     0.30    1.30
  51073.586    26.148     0.23    1.35
  51360.193    26.238     0.32    1.32
  51646.816    26.256     0.06    1.19
  51933.455    26.275     0.07    1.24
  52220.110    26.213    -0.22    1.16
  52506.781    26.129    -0.29    1.03
  52793.469    26.128    -0.00    1.03
  53080.172    26.216     0.31    1.03
  53366.892    26.191    -0.09    1.04
  53653.628    26.152    -0.14    1.05
  53940.380    25.995    -0.55    1.05
  54227.149    25.918    -0.27    1.12
  54513.933    25.692    -0.79    1.30
  54800.734    25.368    -1.13    1.50
  55087.551    25.017    -1.22    1.68
  55374.384    24.293    -2.53    2.14
  55661.233    23.952    -1.19    2.17
  55948.099    23.363    -2.05    2.38
  56234.980    22.624    -2.58    2.64
  56521.878    22.072    -1.92    2.72
  56808.792    21.116    -3.33    2.74
  57095.723    20.453    -2.31    2.51
  57382.669    19.681    -2.69    2.42
  57669.632    19.128    -1.93    1.91
  57956.611    19.138     0.04    1.78
  58243.606    19.452     1.09    1.86
  58530.617    20.395     3.29    2.39
  58817.645    21.661     4.41    2.87
  59104.689    23.001     4.67    3.00
  59391.749    24.439     5.01    2.90
  59678.825    25.661     4.26    2.65
  59965.918    26.795     3.95    2.02
  60253.027    27.553     2.64    1.44
  60540.152    27.843     1.01    1.11
  60827.293    27.996     0.53    0.87
  61114.451    27.870    -0.44    1.09
  61401.624    27.781    -0.31    1.42
  61688.814    27.661    -0.42    1.46
  61976.021    27.580    -0.29    1.47
  62263.243    27.594     0.05    1.50
  62550.482    27.771     0.62    1.71
  62837.737    27.847     0.27    1.49
  63125.009    28.143     1.03    1.51
  63412.297    28.495     1.23    1.48
  63699.601    28.703     0.72    1.49
  63986.921    28.859     0.54    1.52
  64274.258    28.967     0.37    1.24
  64561.610    29.199     0.81    1.19
  64848.980    29.148    -0.18    1.20
  65136.365    29.309     0.56    1.27
  65423.767    29.525     0.75    1.31
  65711.185    29.643     0.41    1.43
  65998.619    30.368     2.52    1.73
  66286.070    30.833     1.62    1.75
  66573.537    31.340     1.76    1.86
  66861.020    31.720     1.32    1.79
  67148.520    32.209     1.70    1.85
  67436.036    32.437     0.79    1.69
  67723.569    32.814     1.31    1.63
  68011.117    33.054     0.84    1.62
  68298.682    33.309     0.89    1.60
  68586.264    33.706     1.38    1.64
  68873.861    34.097     1.36    1.52
  69161.475    34.270     0.60    1.54
  69449.106    34.551     0.98    1.64
  69736.752    34.524    -0.09    1.50
  70024.416    34.624     0.35    1.63
  70312.095    34.804     0.63    1.63
  70599.791    34.843     0.13    1.58
  70887.503    35.217     1.30    1.64
  71175.232    35.303     0.30    1.60
  71462.977    35.495     0.67    1.48
  71750.738    35.870     1.30    1.71
  72038.516    35.867    -0.01    1.70
  72326.310    36.067     0.69    1.84
  72614.120    36.293     0.78    1.79
  72901.947    36.143    -0.52    1.90
  73189.790    36.078    -0.22    2.07
  73477.650    35.809    -0.93    2.30
  73765.526    35.564    -0.85    2.48
  74053.418    35.189    -1.30    2.68
  74341.327    34.594    -2.07    2.79
  74629.253    33.582    -3.51    3.14
  74917.194    33.167    -1.44    3.69
  75205.152    32.643    -1.82    3.70
  75493.127    32.595    -0.16    3.45
  75781.118    33.106     1.77    3.48
  76069.125    33.130     0.08    3.20
  76357.149    33.326     0.68    3.34
  76645.189    33.624     1.03    3.53
  76933.246    33.510    -0.39    4.34
  77221.319    32.805    -2.45    5.02
  77509.409    31.790    -3.52    5.11
  77797.515    29.795    -6.92    4.92
  78085.637    28.340    -5.05    4.31
  78373.776    27.134    -4.19    3.50
  78661.931    26.095    -3.60    2.36
  78950.103    25.604    -1.70    1.54
  79238.291    25.863     0.90    1.70
  79526.496    26.568     2.44    2.11
  79814.717    27.209     2.23    2.37
  80102.955    27.804     2.06    2.49
  80391.209    28.759     3.31    2.60
  80679.480    29.695     3.25    2.61
  80967.767    30.988     4.48    2.61
  81256.071    32.078     3.78    2.70
  81544.391    33.281     4.17    2.75
  81832.727    34.819     5.34    2.73
  82121.081    36.124     4.52    2.88
  82409.450    37.264     3.95    2.93
  82697.836    38.875     5.59    3.07
  82986.239    40.092     4.22    2.94
  83274.658    40.960     3.01    2.57
  83563.094    41.833     3.03    2.03
  83851.546    42.652     2.84    1.79
  84140.015    43.393     2.57    1.48
  84428.500    43.838     1.54    1.38
  84717.001    44.054     0.75    1.50
  85005.520    44.640     2.03    1.58
  85294.055    45.213     1.99    1.59
  85582.606    45.805     2.05    1.46
  85871.174    46.129     1.12    1.35
  86159.758    46.509     1.32    1.34
  86448.359    46.996     1.68    1.39
  86736.977    47.040     0.15    1.32
  87025.611    47.038    -0.01    1.33
  87314.261    47.016    -0.08    1.39
  87602.928    46.838    -0.62    1.50
  87891.612    46.738    -0.35    1.64
  88180.313    46.356    -1.32    1.63
  88469.029    46.075    -0.97    1.50
  88757.763    46.017    -0.20    1.39
  89046.513    46.187     0.59    1.50
  89335.280    46.394     0.72    1.53
  89624.063    46.638     0.85    1.53
  89912.863    47.001     1.26    1.54
  90201.679    47.481     1.66    1.42
  90490.512    48.044     1.95    1.24
  90779.362    48.382     1.17    1.12
  91068.228    48.509     0.44    1.17
  91357.110    48.599     0.31    1.28
  91646.010    48.539    -0.21    1.32
  91934.926    48.370    -0.59    1.34
  92223.858    48.273    -0.34    1.27
  92512.808    48.167    -0.37    1.30
  92801.774    47.800    -1.27    1.40
  93090.756    47.395    -1.40    1.59
  93379.755    47.119    -0.96    1.64
  93668.771    47.095    -0.08    1.63
  93957.803    46.893    -0.70    1.66
  94246.852    46.903     0.04    1.50
  94535.918    46.924     0.07    1.38
  94825.000    46.837    -0.30    1.17
  95114.099    46.495    -1.18    1.43
  95403.215    45.608    -3.07    2.15
  95692.347    44.452    -4.00    2.59
  95981.496    43.706    -2.58    2.73
  96270.662    43.040    -2.31    2.68
  96559.844    42.030    -3.49    3.16
  96849.043    41.453    -2.00    3.14
  97138.258    41.332    -0.42    3.05
  97427.491    41.551     0.76    2.88
  97716.739    41.967     1.44    2.69
  98006.005    42.202     0.81    2.43
  98295.287    42.338     0.47    2.32
  98584.586    42.599     0.90    2.52
  98873.902    42.284    -1.09    2.91
  99163.234    41.129    -3.99    3.59
  99452.584    40.129    -3.46    3.61
  99741.949    39.044    -3.75    3.48
 100031.332    38.016    -3.55    3.10
 100320.731    37.319    -2.41    3.14
 100610.147    35.952    -4.73    3.61
 100899.580    35.595    -1.23    4.40
 101189.029    34.692    -3.12    4.47
 101478.495    33.692    -3.45    4.32
 101767.978    32.946    -2.58    4.18
 102057.477    32.439    -1.75    3.77
 102346.994    31.937    -1.73    2.97
 102636.527    32.396     1.59    2.70
 102926.076    33.246     2.93    3.26
 103215.643    34.824     5.45    4.16
 103505.226    36.030     4.17    4.44
 103794.826    37.711     5.80    4.36
 104084.443    39.481     6.11    4.16
 104374.076    40.767     4.44    3.89
 104663.727    41.937     4.04    3.46
 104953.394    42.523     2.02    3.57
 105243.077    42.893     1.28    3.52
 105532.778    44.002     3.83    4.05
 105822.495    44.828     2.85    4.09
 106112.229    45.536     2.44    3.87
 106401.980    45.752     0.75    3.45
 106691.748    46.050     1.03    3.13
 106981.532    46.113     0.22    2.60
 107271.334    46.524     1.42    2.73
 107561.152    46.467    -0.20    2.93
 107850.987    46.524     0.20    2.87
 108140.838    46.370    -0.53    2.88
 108430.707    46.524     0.53    2.72
 108720.592    46.847     1.12    2.50
 109010.494    46.918     0.24    2.39
 109300.413    46.742    -0.61    2.60
 109590.349    47.128     1.33    2.75
 109880.301    47.424     1.02    2.81
 110170.271    47.608     0.63    2.60
 110460.257    47.805     0.68    2.30
 110750.260    48.029     0.77    2.27
 111040.280    48.171     0.49    2.25
 111328.828    48.367     0.68    2.13
 111615.294    48.352    -0.05    2.12
 111901.777    48.437     0.29    2.03
 112188.276    49.124     2.40    2.19
 112474.791    49.298     0.61    2.47
 112761.323    49.217    -0.28    2.66
 113047.871    49.115    -0.36    2.77
 113334.436    49.161     0.16    2.77
 113621.017    49.304     0.50    2.54
 113907.614    49.553     0.87    2.26
 114194.228    49.887     1.16    2.22
 114480.858    50.643     2.64    2.30
 114767.504    51.185     1.89    2.01
 115054.167    51.284     0.34    1.79
 115340.846    51.608     1.13    1.56
 115627.541    51.636     0.10    1.40
 115914.253    51.552    -0.29    1.42
 116200.982    51.580     0.09    1.41
 116487.727    51.381    -0.69    1.45
 116774.488    51.319    -0.22    1.50
 117061.265    51.510     0.67    1.69
 117348.059    51.453    -0.20    1.85
 117634.870    51.537     0.29    1.84
 117921.696    51.452    -0.30    1.83
 118208.540    51.338    -0.40    1.94
 118495.399    51.129    -0.73    1.99
 118782.275    50.960    -0.59    1.99
 119069.168    50.510    -1.57    1.85
 119356.077    50.157    -1.23    1.90
 119643.002    49.918    -0.84    1.88
 119929.944    49.756    -0.56    1.88
 120216.902    49.667    -0.31    2.43
 120503.877    49.703     0.13    3.24
 120790.868    49.199    -1.76    3.42
 121077.876    48.650    -1.91    2.80
 121364.900    48.157    -1.72    2.18
 121651.941    47.584    -2.00    1.75
 121938.998    47.304    -0.97    1.93
 122226.071    47.052    -0.88    1.95
 122513.161    46.861    -0.67    1.74
 122800.268    46.594    -0.93    1.79
 123087.391    46.109    -1.69    1.72
 123374.530    45.686    -1.47    1.67
 123661.686    45.281    -1.41    1.75
 123948.858    45.177    -0.36    1.72
 124236.047    45.025    -0.53    1.73
 124523.252    44.734    -1.01    1.82
 124810.474    44.760     0.09    2.01
 125097.713    44.720    -0.14    2.09
 125384.968    44.861     0.49    2.18
 125672.239    44.932     0.25    2.14
 125959.527    44.819    -0.39    2.18
 126246.831    44.734    -0.29    2.12
 126534.152    44.858     0.43    2.01
 126821.490    44.393    -1.62    1.69
 127108.844    44.352    -0.14    1.55
 127396.214    44.157    -0.68    1.49
 127683.601    43.911    -0.85    1.55
 127971.005    43.700    -0.74    1.54
 128258.425    43.810     0.38    1.55
 128545.861    43.809    -0.00    1.58
 128833.315    44.115     1.06    1.72
 129120.784    44.628     1.79    2.06
 129408.271    45.322     2.41    2.83
 129695.774    46.552     4.28    3.47
 129983.293    47.510     3.33    3.88
 130270.829    47.717     0.72    3.82
 130558.381    47.368    -1.21    3.40
 130845.951    46.728    -2.23    3.02
 131133.536    46.467    -0.91    2.57
 131421.139    46.224    -0.85    1.85
 131708.757    46.231     0.02    1.58
 131996.393    46.551     1.11    1.46
 132284.045    46.709     0.55    1.50
 132571.713    47.067     1.24    1.47
 132859.399    47.289     0.77    1.51
 133147.100    47.706     1.45    1.39
 133434.819    47.749     0.15    1.52
 133722.554    47.664    -0.29    1.73
 134010.305    47.599    -0.23    1.82
 134298.074    47.349    -0.87    1.90
 134585.858    47.524     0.61    1.94
 134873.660    47.819     1.03    1.97
 135161.478    48.252     1.51    2.17
 135449.312    48.781     1.84    2.09
 135737.164    49.175     1.37    1.94
 136025.032    49.381     0.71    1.70
 136312.916    49.767     1.34    1.95
 136600.817    49.819     0.18    1.98
 136888.735    49.652    -0.58    2.27
 137176.670    49.595    -0.20    2.63
 137464.621    49.256    -1.18    2.85
 137752.589    48.681    -2.00    2.82
 138040.573    48.309    -1.29    2.65
 138328.574    48.143    -0.58    2.41
 138616.592    48.270     0.44    2.12
 138904.626    48.452     0.63    1.88
 139192.677    49.069     2.14    2.35
 139480.745    49.960     3.09    2.40
 139768.830    50.861     3.13    2.17
 140056.931    51.622     2.64    2.21
 140345.049    52.056     1.51    2.28
 140633.183    52.245     0.65    2.24
 140921.334    52.252     0.03    1.88
 141209.502    52.181    -0.25    1.71
 141497.687    52.393     0.73    1.63
 141785.888    52.495     0.36    1.77
 142074.106    52.411    -0.29    1.76
 142362.340    52.385    -0.09    1.68
 142650.592    52.238    -0.51    1.66
 142938.860    52.050    -0.65    1.91
 143227.145    51.624    -1.48    2.29
 143515.446    50.974    -2.26    2.63
 143803.764    50.695    -0.97    2.54
 144092.099    50.290    -1.41    2.36
 144380.451    50.453     0.57    2.06
 144668.819    50.537     0.29    1.92
 144957.204    50.832     1.02    1.79
 145245.606    51.340     1.76    1.81
 145534.025    51.952     2.12    1.92
 145822.460    52.937     3.41    1.57
 146110.912    53.439     1.74    1.34
 146399.381    53.829     1.35    1.41
 146687.867    54.138     1.07    1.26
 146976.369    54.300     0.56    1.25
 147264.888    54.328     0.10    1.27
 147553.424    54.087    -0.84    1.34
 147841.977    53.786    -1.04    1.53
 148130.546    53.338    -1.55    1.80
 148419.133    52.901    -1.51    1.94
 148707.736    52.664    -0.82    2.02
 148996.355    52.378    -0.99    2.31
 149284.992    51.509    -3.01    2.55
 149573.645    50.833    -2.34    2.93
 149862.315    49.832    -3.47    3.52
 150151.002    49.148    -2.37    3.86
 150439.706    48.481    -2.31    3.99
 150728.427    47.790    -2.39    3.67
 151017.164    47.342    -1.55    3.55
 151305.918    47.017    -1.13    3.57
 151594.689    47.024     0.02    3.43
 151883.477    47.072     0.17    3.23
 152172.282    46.652    -1.45    3.23
 152461.103    46.175    -1.65    3.33
 152749.941    45.720    -1.58    3.62
 153038.796    45.017    -2.43    3.62
 153327.668    44.216    -2.77    3.56
 153616.557    43.238    -3.39    3.61
 153905.463    42.495    -2.57    3.59
 154194.385    42.171    -1.12    3.62
 154483.325    42.312     0.49    3.91
 154772.281    42.129    -0.63    4.21
 155061.254    42.087    -0.15    3.96
 155350.244    42.324     0.82    3.98
 155639.250    42.863     1.87    3.34
 155928.274    42.655    -0.72    3.24
 156217.314    42.072    -2.02    3.61
 156506.372    41.875    -0.68    4.38
 156795.446    41.284    -2.05    4.46
 157084.537    40.384    -3.11    4.77
 157373.645    39.072    -4.54    5.31
 157662.770    37.252    -6.30    5.79
 157951.912    35.523    -5.98    5.46
 158241.070    33.863    -5.74    4.33
 158530.246    32.095    -6.12    4.40
 158819.438    30.189    -6.59    5.12
 159108.648    28.684    -5.21    5.35
 159397.874    27.300    -4.78    5.51
 159687.117    25.805    -5.17    5.43
 159976.377    23.657    -7.43    5.40
 160265.654    21.946    -5.92    5.33
 160554.948    20.278    -5.77    4.59
 160844.259    18.791    -5.14    3.63
 161133.587    17.759    -3.57    2.58
 161422.932    17.551    -0.72    2.55
 161712.293    18.029     1.65    2.83
 162001.672    19.056     3.55    3.10
 162291.067    20.437     4.77    3.41
 162580.480    21.760     4.57    3.65
 162869.909    22.995     4.27    3.79
 163159.355    24.227     4.26    3.78
 163448.819    25.467     4.28    4.08
 163738.299    27.193     5.96    4.53
 164027.796    28.763     5.42    4.72
 164317.311    30.354     5.50    4.70
 164606.842    31.819     5.06    4.49
 164896.390    33.731     6.60    4.09
 165185.955    35.046     4.54    3.38
 165475.537    35.565     1.79    3.27
 165765.136    36.314     2.59    3.25
 166054.752    36.867     1.91    3.37
 166344.385    37.636     2.66    3.80
 166634.035    38.185     1.90    3.88
 166923.702    38.129    -0.19    3.39
 167213.387    38.328     0.69    3.36
 167503.088    38.231    -0.34    2.93
 167792.806    38.664     1.50    3.17
 168082.541    38.731     0.23    3.24
 168372.293    38.886     0.54    3.26
 168662.062    39.259     1.29    2.84
 168951.848    39.709     1.56    2.74
 169241.651    40.040     1.14    2.63
 169531.471    39.867    -0.60    2.94
 169821.309    39.752    -0.39    3.37
 170111.163    39.016    -2.54    4.58
 170401.034    38.217    -2.76    5.46
 170690.923    37.814    -1.39    5.73
 170980.828    37.312    -1.73    5.60
 171270.750    36.974    -1.17    5.18
 171560.690    37.090     0.40    4.85
 171850.646    37.069    -0.07    4.58
 172140.620    37.552     1.67    4.43
 172430.611    38.903     4.66    5.18
 172720.618    40.058     3.98    5.25
 173010.643    41.755     5.85    5.27
 173300.685    42.814     3.65    4.85
 173587.382    44.213     4.88    4.20
 173873.815    45.209     3.48    3.57
 174160.265    46.069     3.00    3.25
 174446.732    46.597     1.84    2.62
 174733.215    47.227     2.20    2.63
 175019.715    47.861     2.21    2.46
 175306.231    48.281     1.47    1.85
 175592.764    48.524     0.85    1.67
 175879.314    48.932     1.42    1.45
 176165.880    49.181     0.87    1.21
 176452.463    49.312     0.46    1.18
 176739.062    49.510     0.69    1.27
 177025.678    49.622     0.39    1.42
 177312.311    49.624     0.01    1.45
 177598.960    49.536    -0.30    1.49
 177885.626    49.467    -0.24    1.54
 178172.308    49.411    -0.20    1.44
 178459.007    49.453     0.15    1.41
 178745.723    49.439    -0.05    1.40
 179032.455    49.481     0.15    1.31
 179319.204    49.760     0.97    1.27
 179605.969    49.720    -0.14    1.36
 179892.752    49.681    -0.14    1.37
 180179.550    49.552    -0.45    1.44
 180466.366    49.439    -0.39    1.57
 180753.198    49.157    -0.98    1.58
 181040.047    48.981    -0.61    1.73
 181326.912    48.622    -1.25    1.73
 181613.794    48.466    -0.54    1.64
 181900.693    48.054    -1.44    1.66
 182187.608    47.567    -1.70    1.70
 182474.541    47.368    -0.69    1.82
 182761.489    47.314    -0.19    1.92
 183048.455    47.070    -0.85    1.96
 183335.437    47.189     0.42    1.87
 183622.436    47.002    -0.65    1.86
 183909.451    47.030     0.10    1.83
 184196.483    47.216     0.65    1.66
 184483.532    46.952    -0.92    1.65
 184770.598    46.967     0.05    1.58
 185057.680    46.763    -0.71    1.45
 185344.779    46.578    -0.64    1.65
 185631.895    46.495    -0.29    1.65
 185919.027    46.344    -0.52    1.62
 186206.176    46.425     0.28    1.64
 186493.342    46.370    -0.19    1.62
 186780.524    46.246    -0.43    1.85
 187067.724    45.916    -1.15    1.95
 187354.940    45.664    -0.88    2.24
 187642.172    45.800     0.47    2.29
 187929.422    46.036     0.82    2.31
 188216.688    46.298     0.91    2.01
 188503.971    46.454     0.54    1.92
 188791.270    47.016     1.96    1.57
 189078.587    47.409     1.37    1.58
 189365.920    47.422     0.04    1.73
 189653.270    46.870    -1.92    2.37
 189940.637    46.293    -2.01    2.82
 190228.020    45.952    -1.18    3.04
 190515.420    45.356    -2.08    3.01
 190802.837    44.819    -1.87    3.19
 191090.271    43.974    -2.94    3.06
 191377.721    43.050    -3.21    3.19
 191665.189    42.681    -1.29    3.49
 191952.673    41.569    -3.87    3.48
 192240.174    40.731    -2.92    3.17
 192527.691    40.181    -1.91    2.86
 192815.226    39.395    -2.73    2.57
 193102.777    38.634    -2.65    2.45
 193390.345    38.129    -1.76    2.48
 193677.930    37.439    -2.40    2.52
 193965.531    36.706    -2.55    2.34
 194253.150    36.235    -1.64    1.93
 194540.785    36.099    -0.47    1.74
 194828.437    36.509     1.43    1.93
 195116.106    37.072     1.96    1.89
 195403.792    37.608     1.86    2.20
 195691.494    38.043     1.51    1.96
 195979.213    38.241     0.69    2.09
 196266.950    38.453     0.73    1.95
 196554.703    38.752     1.04    2.06
 196842.473    39.099     1.20    2.01
 197130.259    39.481     1.33    2.09
 197418.063    39.895     1.44    2.35
 197705.883    40.354     1.59    2.26
 197993.721    40.777     1.47    2.21
 198281.575    41.248     1.64    2.18
 198569.446    41.749     1.74    2.10
 198857.333    42.396     2.25    2.12
 199145.238    43.199     2.79    2.24
 199433.160    44.069     3.02    2.15
 199721.098    44.974     3.14    1.95
 200009.054    45.314     1.18    1.91
 200297.026    46.058     2.58    2.13
 200585.015    46.833     2.69    2.05
 200873.021    47.439     2.11    2.07
 201161.044    48.044     2.10    2.05
 201449.083    49.009     3.35    2.84
 201737.140    50.231     4.24    3.80
 202025.214    50.996     2.66    3.52
 202313.304    51.681     2.38    3.68
 202601.412    52.189     1.76    3.67
 202889.536    52.805     2.14    3.96
 203177.677    52.678    -0.44    3.61
 203465.835    52.645    -0.11    2.85
 203754.010    52.805     0.55    2.76
 204042.202    52.467    -1.17    1.82
 204330.411    52.342    -0.43    1.32
 204618.637    52.304    -0.13    1.33
 204906.880    52.495     0.66    1.37
 205195.139    52.634     0.48    1.45
 205483.416    52.819     0.64    1.57
 205771.710    53.134     1.09    1.53
 206060.020    53.092    -0.14    1.55
 206348.348    53.128     0.12    1.37
 206636.692    53.015    -0.39    1.34
 206925.054    52.925    -0.31    1.33
 207213.432    52.952     0.09    1.35
 207501.827    52.703    -0.86    1.20
 207790.240    52.550    -0.53    1.09
 208078.669    52.548    -0.01    1.21
 208367.115    52.330    -0.76    1.19
 208655.578    52.256    -0.26    1.11
 208944.059    52.246    -0.03    1.13
 209232.556    52.148    -0.34    1.07
 209521.070    52.224     0.26    1.05
 209809.601    52.256     0.11    1.11
 210098.150    52.358     0.35    1.42
 210386.715    52.564     0.72    1.44
 210675.297    52.548    -0.05    1.43
 210963.896    52.399    -0.52    1.32
 211252.513    52.352    -0.16    1.30
 211541.146    52.525     0.60    1.30
 211829.796    52.411    -0.39    1.24
 212118.463    52.195    -0.75    1.08
 212407.148    52.171    -0.08    1.06
 212695.849    52.070    -0.35    1.07
 212984.568    51.988    -0.28    1.09
 213273.303    51.636    -1.22    1.21
 213562.055    51.439    -0.68    1.13
 213850.825    51.293    -0.51    1.18
 214139.612    51.025    -0.93    1.03
 214428.415    50.819    -0.71    1.05
 214717.236    50.622    -0.68    1.12
 215006.074    50.454    -0.58    1.13
 215294.928    50.342    -0.39    1.14
 215583.800    50.245    -0.34    1.29
 215872.689    50.143    -0.35    1.26
 216161.595    50.167     0.08    1.44
 216450.518    50.040    -0.44    1.50
 216739.458    49.974    -0.23    1.53
 217028.416    49.842    -0.46    1.55
 217317.390    49.578    -0.91    1.56
 217606.381    49.317    -0.91    1.55
 217895.390    49.111    -0.71    1.41
 218184.415    48.664    -1.55    1.34
 218473.458    48.293    -1.29    1.18
 218762.518    47.995    -1.03    1.29
 219051.595    47.742    -0.88    1.29
 219340.689    47.195    -1.89    1.23
 219629.800    46.892    -1.05    1.21
 219918.928    46.591    -1.04    1.31
 220208.074    46.495    -0.33    1.28
 220497.236    46.278    -0.75    1.29
 220786.416    45.974    -1.05    1.22
 221075.613    45.713    -0.90    1.23
 221364.826    45.681    -0.11    1.20
 221654.058    45.538    -0.49    1.11
 221943.306    45.495    -0.15    1.27
 222232.571    45.426    -0.24    1.30
 222521.854    45.454     0.09    1.24
 222811.153    45.356    -0.34    1.26
 223100.470    45.078    -0.96    1.33
 223389.804    44.746    -1.15    1.30
 223679.155    44.365    -1.32    1.24
 223968.523    44.284    -0.28    1.44
 224257.909    44.044    -0.83    1.40
 224547.311    43.838    -0.71    1.41
 224836.731    43.700    -0.48    1.56
 225126.168    43.411    -1.00    1.67
 225415.622    43.395    -0.06    1.92
 225705.094    42.918    -1.65    1.81
 225994.582    42.569    -1.20    1.81
 226284.088    42.138    -1.49    1.79
 226573.611    41.823    -1.09    1.87
 226863.151    41.508    -1.09    1.97
 227152.708    41.259    -0.86    1.92
 227442.283    40.974    -0.98    1.78
 227731.875    40.828    -0.50    1.70
 228021.484    40.800    -0.10    1.48
 228311.110    40.875     0.26    1.43
 228600.753    40.937     0.21    1.24
 228890.414    41.382     1.54    1.14
 229180.092    41.509     0.44    1.13
 229469.787    41.589     0.28    1.14
 229759.500    41.622     0.11    1.57
 230049.229    41.551    -0.24    1.58
 230338.976    41.466    -0.29    1.70
 230628.740    41.409    -0.20    1.73
 230918.521    41.580     0.59    2.28
 231208.320    41.495    -0.29    2.08
 231498.136    41.439    -0.19    2.10
 231787.969    41.138    -1.04    2.06
 232077.820    40.773    -1.26    2.15
 232367.687    40.270    -1.74    2.41
 232657.572    39.706    -1.94    2.26
 232947.474    39.319    -1.34    2.51
 233237.394    38.824    -1.71    2.60
 233527.331    38.203    -2.14    2.66
 233817.285    37.576    -2.17    2.60
 234107.256    37.152    -1.46    2.43
 234397.245    36.796    -1.23    1.97
 234687.251    36.842     0.16    2.06
 234977.274    36.752    -0.31    2.21
 235267.315    37.303     1.90    2.56
 235555.822    37.702     1.38    2.57
 235842.217    38.284     2.03    2.56
 236128.630    38.563     0.98    2.36
 236415.059    38.792     0.80    2.16
 236701.505    38.550    -0.84    2.14
 236987.968    38.248    -1.06    2.07
 237274.448    37.889    -1.25    1.61
 237560.944    37.638    -0.88    1.56
 237847.457    37.564    -0.26    1.69
 238133.987    37.466    -0.34    2.07
 238420.534    37.281    -0.65    2.68
 238707.098    36.673    -2.12    3.02
 238993.678    35.846    -2.89    3.23
 239280.276    34.953    -3.12    3.41
 239566.890    34.125    -2.89    3.43
 239853.521    33.398    -2.54    3.19
 240140.169    32.667    -2.55    1.42
 240426.833    32.700     0.12    1.38
 240713.515    33.054     1.24    1.33
 241000.213    33.752     2.43    1.88
 241286.929    34.412     2.30    1.95
 241573.661    35.008     2.08    2.09
 241860.410    35.384     1.31    2.01
 242147.175    35.782     1.39    1.86
 242433.958    36.231     1.56    1.83
 242720.758    36.695     1.62    1.76
 243007.574    36.870     0.61    1.65
 243294.407    37.172     1.05    1.70
 243581.257    37.423     0.87    1.40
 243868.124    37.810     1.35    1.47
 244155.008    38.305     1.73    1.60
 244441.909    38.673     1.28    1.60
 244728.827    39.001     1.15    1.56
 245015.761    39.157     0.54    1.40
 245302.713    39.409     0.88    1.37
 245589.681    39.425     0.06    1.37
 245876.667    39.437     0.04    1.33
 246163.669    39.309    -0.44    1.22
 246450.688    39.248    -0.21    1.24
 246737.724    39.221    -0.10    1.37
 247024.777    39.161    -0.21    1.36
 247311.847    39.289     0.44    1.36
 247598.934    39.425     0.47    1.67
 247886.037    39.681     0.89    1.88
 248173.158    39.759     0.27    1.88
 248460.296    39.893     0.47    2.01
 248747.450    39.952     0.21    1.95
 249034.622    39.878    -0.26    1.94
 249321.810    39.837    -0.14    1.78
 249609.016    39.717    -0.42    1.52
 249896.238    39.632    -0.30    1.52
 250183.477    39.706     0.26    1.34
 250470.734    39.481    -0.78    1.04
 250758.007    39.354    -0.44    0.97
 251045.297    39.349    -0.02    1.01
 251332.604    39.181    -0.58    0.94
 251619.928    39.048    -0.46    1.09
 251907.270    39.001    -0.16    1.07
 252194.628    38.800    -0.70    1.15
 252482.003    38.686    -0.40    1.30
 252769.395    38.608    -0.27    1.34
 253056.804    38.467    -0.49    1.39
 253344.230    38.340    -0.44    1.32
 253631.673    38.231    -0.38    1.19
 253919.133    38.241     0.04    1.18
 254206.610    38.346     0.36    1.32
 254494.104    38.536     0.66    1.38
 254781.615    38.592     0.20    1.37
 255069.144    38.755     0.57    1.29
 255356.689    38.734    -0.07    1.36
 255644.251    38.553    -0.63    1.35
 255931.830    38.786     0.81    2.48
 256219.426    38.684    -0.36    2.58
 256507.040    38.805     0.42    2.62
 256794.670    38.700    -0.36    2.67
 257082.317    38.796     0.33    2.63
 257369.982    38.508    -1.00    2.15
 257657.663    38.399    -0.38    1.50
 257945.362    38.284    -0.40    1.40
 258233.077    38.350     0.23    1.34
 258520.810    38.453     0.36    1.28
 258808.559    38.553     0.35    1.17
 259096.326    38.578     0.09    1.46
 259384.110    38.604     0.09    1.51
 259671.911    38.467    -0.48    1.31
 259959.729    38.522     0.19    1.30
 260247.564    38.603     0.28    1.30
 260535.416    38.594    -0.03    1.23
 260823.285    38.746     0.53    1.22
 261111.171    38.988     0.84    1.22
 261399.075    38.967    -0.07    1.25
 261686.995    39.284     1.10    1.36
 261974.933    39.412     0.45    1.29
 262262.888    39.453     0.14    1.21
 262550.859    39.563     0.38    1.00
 262838.848    39.618     0.19    0.99
 263126.854    39.681     0.22    0.97
 263414.877    39.510    -0.59    0.99
 263702.918    39.523     0.04    1.03
 263990.975    39.509    -0.05    1.06
 264279.050    39.594     0.29    1.19
 264567.141    39.728     0.46    1.18
 264855.250    39.911     0.64    1.24
 265143.376    40.015     0.36    1.21
 265431.519    40.044     0.10    1.24
 265719.679    40.256     0.73    1.28
 266007.857    40.481     0.78    1.74
 266296.051    40.536     0.19    1.65
 266584.263    40.692     0.54    1.72
 266872.492    40.606    -0.30    1.67
 267160.738    40.536    -0.24    1.72
 267449.001    40.523    -0.05    2.02
 267737.281    40.370    -0.53    1.90
 268025.579    40.284    -0.30    1.94
 268313.893    40.043    -0.84    2.08
 268602.225    39.687    -1.23    2.11
 268890.574    39.411    -0.96    2.19
 269178.941    39.300    -0.39    2.21
 269467.324    38.954    -1.20    1.74
 269755.725    38.636    -1.10    1.81
 270044.143    38.328    -1.07    1.78
 270332.578    38.070    -0.90    1.62
 270621.030    37.734    -1.16    1.74
 270909.499    37.632    -0.36    1.56
 271197.986    37.290    -1.19    1.58
 271486.490    36.786    -1.74    1.60
 271775.011    36.591    -0.68    1.62
 272063.549    36.630     0.14    2.20
 272352.105    36.300    -1.14    2.20
 272640.678    36.001    -1.04    2.22
 272929.268    35.720    -0.97    2.29
 273217.875    35.495    -0.78    2.20
 273506.500    35.284    -0.73    2.18
 273795.141    35.055    -0.79    2.24
 274083.800    34.617    -1.52    1.19
