-332032.690   -20.014     0.00    1.98
-331744.998   -19.972     0.15    1.91
-331454.893   -19.985    -0.04    1.99
-331164.803   -20.029    -0.15    2.02
-330874.728   -20.282    -0.87    1.91
-330584.668   -20.245     0.13    1.88
-330294.624   -20.366    -0.42    1.93
-330004.594   -20.498    -0.46    1.97
-329714.580   -20.223     0.95    1.93
-329424.580   -19.899     1.12    1.63
-329134.596   -19.667     0.80    1.75
-328844.627   -19.470     0.68    1.89
-328554.673   -19.318     0.52    1.95
-328264.733   -19.282     0.13    1.94
-327974.809   -19.304    -0.08    1.93
-327684.900   -19.106     0.69    2.06
-327395.007   -19.351    -0.85    1.90
-327105.128   -19.258     0.32    1.86
-326815.264   -19.651    -1.36    1.80
-326525.415   -20.105    -1.57    1.54
-326235.581   -20.620    -1.78    1.67
-325945.763   -20.947    -1.13    1.64
-325655.959   -20.974    -0.09    1.65
-325366.170   -21.090    -0.40    1.59
-325076.397   -20.840     0.86    1.75
-324786.638   -20.544     1.02    1.81
-324496.895   -20.314     0.79    1.63
-324207.166   -19.916     1.37    1.49
-323917.453   -19.786     0.45    1.48
-323627.754   -19.776     0.04    1.61
-323338.071   -19.605     0.59    1.62
-323048.403   -19.708    -0.36    1.63
-322758.749   -19.454     0.88    1.72
-322469.111   -19.553    -0.34    1.85
-322179.487   -19.605    -0.18    1.82
-321889.879   -19.679    -0.25    1.80
-321600.286   -19.568     0.38    1.79
-321310.707   -19.655    -0.30    1.86
-321021.144   -19.924    -0.93    1.69
-320731.595   -20.061    -0.47    1.71
-320442.062   -20.258    -0.68    1.56
-320152.544   -20.708    -1.56    0.88
-319863.040   -20.914    -0.71    0.56
-319573.552   -20.933    -0.07    0.49
-319284.078   -20.776     0.54    0.73
-318994.620   -20.807    -0.11    0.73
-318705.176   -20.811    -0.01    0.82
-318415.748   -20.779     0.11    0.87
-318126.334   -20.767     0.04    0.97
-317836.935   -20.757     0.03    1.22
-317547.552   -20.704     0.18    1.30
-317258.183   -20.826    -0.42    1.26
-316968.829   -20.864    -0.13    1.35
-316679.490   -21.120    -0.89    1.48
-316390.166   -21.214    -0.33    1.52
-316100.857   -21.208     0.02    1.43
-315811.563   -21.204     0.01    1.38
-315522.284   -21.333    -0.45    1.24
-315233.020   -21.076     0.89    1.15
-314943.771   -20.970     0.37    1.05
-314654.536   -20.882     0.30    1.02
-314365.317   -20.833     0.17    1.10
-314076.113   -20.840    -0.02    1.09
-313786.923   -20.971    -0.45    1.12
-313497.748   -21.121    -0.52    1.21
-313208.589   -21.206    -0.29    1.20
-312919.444   -21.163     0.15    1.26
-312630.314   -21.060     0.35    1.30
-312341.199   -21.002     0.20    1.27
-312052.099   -20.998     0.02    1.26
-311763.014   -20.807     0.66    1.25
-311473.944   -20.620     0.65    1.79
-311184.888   -20.525     0.33    1.79
-310895.848   -20.620    -0.33    1.86
-310606.822   -20.479     0.49    1.88
-310317.811   -20.252     0.78    1.80
-310028.815   -20.106     0.51    1.19
-309739.834   -20.076     0.10    1.12
-309450.868   -20.105    -0.10    1.22
-309161.917   -19.986     0.41    1.18
-308872.981   -20.031    -0.16    1.38
-308584.059   -20.168    -0.47    1.50
-308295.153   -20.046     0.42    1.51
-308006.261   -20.199    -0.53    1.39
-307717.384   -20.177     0.07    1.34
-307428.522   -20.206    -0.10    1.41
-307139.675   -20.183     0.08    1.47
-306850.842   -20.046     0.48    1.40
-306562.025   -20.120    -0.26    1.45
-306273.222   -20.379    -0.90    1.42
-305984.434   -20.374     0.02    1.89
-305695.661   -20.167     0.72    1.92
-305406.903   -20.135     0.11    1.95
-305118.160   -20.091     0.16    1.95
-304829.431   -20.119    -0.10    1.94
-304540.718   -19.914     0.71    1.93
-304252.019   -20.015    -0.35    1.98
-303963.335   -20.237    -0.77    1.51
-303674.666   -20.106     0.45    1.55
-303386.011   -19.943     0.57    1.69
-303097.372   -19.873     0.24    1.60
-302808.747   -19.811     0.21    1.55
-302520.137   -19.635     0.61    1.42
-302231.542   -19.498     0.47    1.29
-301942.961   -19.502    -0.02    1.19
-301654.396   -19.706    -0.71    1.19
-301365.845   -19.861    -0.54    1.14
-301077.309   -20.019    -0.54    1.25
-300788.788   -20.120    -0.35    1.38
-300500.281   -20.329    -0.72    1.43
-300211.790   -20.404    -0.26    1.35
-299923.313   -20.318     0.30    1.41
-299634.851   -20.197     0.42    1.32
-299346.403   -19.822     1.30    1.32
-299057.971   -19.643     0.62    1.28
-298769.553   -19.712    -0.24    1.38
-298481.150   -19.713    -0.00    1.46
-298192.762   -19.752    -0.13    1.40
-297904.388   -19.691     0.21    1.44
-297616.030   -19.649     0.15    1.50
-297327.686   -19.691    -0.15    1.48
-297039.356   -19.598     0.32    1.37
-296751.042   -19.429     0.59    1.26
-296462.742   -19.221     0.72    1.42
-296174.457   -19.032     0.66    1.54
-295886.187   -19.045    -0.05    1.71
-295597.931   -19.046    -0.00    1.68
-295309.691   -19.285    -0.83    1.59
-295021.464   -19.296    -0.04    1.63
-294733.253   -19.713    -1.45    1.70
-294445.056   -19.986    -0.95    1.77
-294156.875   -20.165    -0.62    1.64
-293868.707   -20.091     0.26    1.68
-293580.555   -19.826     0.92    1.75
-293292.417   -19.753     0.25    1.76
-293004.294   -19.635     0.41    1.64
-292716.186   -19.576     0.20    1.61
-292428.092   -19.500     0.26    1.55
-292140.013   -19.337     0.57    1.39
-291851.949   -19.208     0.45    1.51
-291563.899   -18.968     0.83    1.63
-291275.865   -18.636     1.15    1.61
-290987.844   -18.329     1.07    1.63
-290699.839   -17.987     1.19    1.75
-290411.848   -17.840     0.51    1.81
-290123.872   -17.819     0.08    1.76
-289835.911   -17.861    -0.15    1.76
-289547.964   -17.926    -0.23    1.75
-289260.032   -18.090    -0.57    1.65
-288972.114   -18.169    -0.27    1.64
-288684.212   -18.399    -0.80    1.20
-288396.323   -18.395     0.02    0.96
-288108.450   -18.433    -0.13    0.96
-287820.591   -18.438    -0.02    0.97
-287532.747   -18.258     0.63    1.24
-287244.918   -18.046     0.73    1.36
-286957.103   -17.753     1.02    1.98
-286669.303   -17.788    -0.12    2.01
-286381.517   -17.800    -0.04    2.10
-286093.746   -17.762     0.13    2.12
-285805.990   -17.699     0.22    2.07
-285518.248   -17.840    -0.49    1.97
-285230.521   -18.242    -1.40    1.49
-284942.809   -18.379    -0.47    1.44
-284655.111   -18.368     0.04    1.35
-284367.428   -18.017     1.22    1.79
-284079.760   -17.747     0.94    1.97
-283792.106   -17.583     0.57    2.08
-283504.467   -17.322     0.91    2.12
-283216.842   -17.322     0.00    2.12
-282929.232   -17.120     0.70    2.19
-282641.636   -17.399    -0.97    1.81
-282354.056   -17.370     0.10    1.70
-282066.489   -17.561    -0.66    1.73
-281778.938   -17.308     0.88    1.91
-281491.401   -17.148     0.55    2.43
-281203.878   -16.786     1.26    2.54
-280916.370   -16.767     0.07    2.41
-280628.877   -16.326     1.53    2.20
-280341.398   -16.105     0.77    2.29
-280053.934   -15.473     2.20    2.16
-279766.485   -15.133     1.18    1.98
-279479.050   -15.104     0.10    1.64
-279191.629   -14.899     0.71    1.60
-278904.224   -14.737     0.56    1.64
-278616.832   -14.485     0.88    1.62
-278329.456   -14.318     0.58    1.63
-278042.094   -14.245     0.25    1.46
-277754.746   -14.090     0.54    1.43
-277467.413   -13.976     0.40    1.38
-277180.095   -13.879     0.34    1.21
-276892.791   -13.620     0.90    1.50
-276605.501   -13.643    -0.08    1.55
-276318.226   -13.522     0.42    1.61
-276030.966   -13.517     0.02    1.65
-275743.720   -13.676    -0.55    2.05
-275456.489   -13.971    -1.03    2.52
-275169.272   -14.314    -1.20    2.87
-274882.070   -14.510    -0.68    3.14
-274594.883   -14.989    -1.67    3.29
-274307.710   -15.300    -1.08    3.43
-274020.551   -15.311    -0.04    3.27
-273733.407   -15.409    -0.34    3.19
-273446.277   -15.649    -0.84    2.95
-273159.162   -15.453     0.69    2.90
-272872.062   -15.276     0.62    3.16
-272584.976   -14.902     1.30    3.18
-272297.904   -14.830     0.25    3.01
-272010.847   -14.693     0.47    3.00
-271723.805   -14.561     0.46    2.73
-271436.777   -14.630    -0.24    2.69
-271149.763   -14.458     0.60    2.68
-270862.764   -14.414     0.15    2.87
-270575.779   -14.333     0.28    3.01
-270288.809   -14.223     0.38    3.05
-270001.854   -14.150     0.25    2.89
-269714.913   -13.591     1.95    2.72
-269425.381   -13.306     0.98    2.76
-269135.298   -13.061     0.85    2.20
-268845.229   -13.210    -0.51    1.83
-268555.175   -13.635    -1.46    1.86
-268265.136   -14.177    -1.87    1.88
-267975.112   -14.667    -1.69    1.84
-267685.103   -15.120    -1.57    1.92
-267395.108   -15.322    -0.69    1.95
-267105.129   -15.347    -0.09    1.89
-266815.164   -14.796     1.90    2.12
-266525.214   -14.433     1.25    2.09
-266235.279   -14.419     0.05    1.89
-265945.359   -14.223     0.68    1.95
-265655.453   -14.267    -0.15    2.01
-265365.562   -14.169     0.34    2.08
-265075.686   -14.164     0.02    2.12
-264785.825   -14.221    -0.20    2.17
-264495.979   -14.404    -0.63    2.20
-264206.148   -14.590    -0.64    2.19
-263916.331   -14.697    -0.37    2.28
-263626.529   -14.870    -0.60    2.16
-263336.742   -15.258    -1.34    1.91
-263046.970   -15.517    -0.90    1.92
-262757.212   -15.438     0.27    1.90
-262467.470   -15.598    -0.55    1.73
-262177.742   -15.538     0.21    1.80
-261888.028   -15.476     0.22    1.95
-261598.330   -15.135     1.18    2.23
-261308.646   -14.860     0.95    2.42
-261018.978   -14.605     0.88    2.26
-260729.324   -14.177     1.48    2.27
-260439.684   -13.777     1.38    2.28
-260150.060   -13.434     1.19    1.94
-259860.450   -13.197     0.82    1.73
-259570.855   -13.212    -0.05    1.73
-259281.275   -13.000     0.73    1.77
-258991.709   -12.882     0.41    1.82
-258702.158   -12.723     0.55    1.74
-258412.622   -12.922    -0.69    1.72
-258123.101   -12.792     0.45    1.67
-257833.594   -12.855    -0.22    1.59
-257544.103   -12.712     0.49    1.61
-257254.625   -12.509     0.70    1.82
-256965.163   -12.394     0.40    1.82
-256675.715   -12.195     0.69    1.85
-256386.282   -11.971     0.77    1.79
-256096.864   -11.858     0.39    1.91
-255807.461   -11.773     0.30    1.76
-255518.072   -11.922    -0.52    1.71
-255228.698   -12.267    -1.19    1.49
-254939.339   -12.383    -0.40    1.38
-254649.994   -12.510    -0.44    1.14
-254360.664   -12.293     0.75    1.36
-254071.349   -11.790     1.74    1.68
-253782.048   -11.479     1.08    1.71
-253492.762   -11.353     0.44    1.82
-253203.491   -11.326     0.09    1.99
-252914.235   -11.424    -0.34    2.07
-252624.993   -11.641    -0.75    2.08
-252335.766   -11.961    -1.11    1.94
-252046.553   -12.279    -1.10    1.80
-251757.356   -12.340    -0.21    1.78
-251468.173   -12.513    -0.60    1.53
-251179.004   -12.429     0.29    1.56
-250889.851   -12.326     0.36    1.61
-250600.711   -12.304     0.07    1.51
-250311.587   -12.419    -0.40    1.39
-250022.477   -12.414     0.02    1.29
-249733.382   -12.193     0.76    1.34
-249444.302   -12.030     0.57    1.35
-249155.236   -11.712     1.10    1.83
-248866.185   -11.394     1.10    1.89
-248577.148   -11.061     1.15    1.90
-248288.127   -10.945     0.40    1.92
-247999.119   -10.673     0.94    1.96
-247710.127   -10.649     0.08    2.01
-247421.149   -10.630     0.07    2.06
-247132.186   -10.591     0.13    2.28
-246843.237   -10.106     1.68    2.44
-246554.303    -9.943     0.56    2.49
-246265.383    -9.684     0.90    2.53
-245976.479    -9.635     0.17    2.70
-245687.588    -9.679    -0.15    2.44
-245398.713    -9.522     0.54    2.39
-245109.852    -9.803    -0.97    1.78
-244821.005    -9.673     0.45    1.78
-244532.174    -9.583     0.31    1.72
-244243.357    -9.380     0.70    1.76
-243954.554    -9.613    -0.81    1.83
-243665.766    -9.496     0.41    2.00
-243376.993    -9.348     0.51    2.25
-243088.234    -9.183     0.57    2.37
-242799.490    -8.914     0.93    2.36
-242510.760    -8.924    -0.04    2.35
-242222.045    -9.163    -0.83    2.20
-241933.345    -8.974     0.65    2.13
-241644.659    -8.873     0.35    2.16
-241355.987    -9.151    -0.97    1.86
-241067.331    -9.029     0.42    2.03
-240778.689    -8.885     0.50    2.07
-240490.061    -8.742     0.49    2.19
-240201.448    -8.771    -0.10    2.09
-239912.849    -8.933    -0.56    2.09
-239624.266    -9.076    -0.50    2.20
-239335.696    -9.340    -0.92    2.25
-239047.141    -9.685    -1.19    1.88
-238758.601    -9.826    -0.49    1.78
-238470.075    -9.885    -0.20    1.63
-238181.564    -9.800     0.29    1.50
-237893.068    -9.290     1.77    1.68
-237604.585    -8.973     1.10    1.68
-237316.118    -8.605     1.27    1.90
-237027.665    -8.091     1.78    2.35
-236739.226    -7.454     2.21    2.65
-236450.802    -7.276     0.62    2.80
-236162.393    -6.916     1.25    2.67
-235873.998    -6.847     0.24    2.72
-235585.618    -6.523     1.12    2.66
-235297.252    -6.912    -1.35    2.57
-235008.900    -7.199    -1.00    2.34
-234720.563    -7.530    -1.15    1.95
-234432.241    -7.822    -1.01    1.79
-234143.933    -7.926    -0.36    1.74
-233855.640    -8.032    -0.36    1.79
-233567.361    -8.180    -0.52    1.69
-233279.096    -8.195    -0.05    1.64
-232990.846    -8.676    -1.67    1.51
-232702.611    -8.833    -0.55    1.48
-232414.390    -8.941    -0.38    1.44
-232126.184    -9.060    -0.41    1.30
-231837.992    -9.150    -0.31    1.29
-231549.814    -9.485    -1.16    1.34
-231261.651    -9.583    -0.34    1.31
-230973.503    -9.762    -0.62    1.16
-230685.368    -9.768    -0.02    1.07
-230397.249    -9.649     0.41    1.12
-230109.144    -9.753    -0.36    1.08
-229821.053    -9.673     0.28    1.21
-229532.977    -9.649     0.08    1.27
-229244.915    -9.699    -0.17    1.23
-228956.868    -9.693     0.02    1.22
-228668.835    -9.716    -0.08    1.20
-228380.816    -9.737    -0.07    1.17
-228092.812    -9.530     0.72    1.30
-227804.823    -9.443     0.30    1.29
-227516.848    -9.090     1.23    1.42
-227228.887    -8.822     0.93    1.53
-226940.941    -8.792     0.10    1.52
-226653.009    -8.799    -0.02    1.53
-226365.091    -8.855    -0.20    1.44
-226077.188    -8.799     0.20    1.42
-225789.300    -8.848    -0.17    1.30
-225501.426    -9.003    -0.54    1.10
-225213.566    -8.924     0.27    1.15
-224925.721    -8.954    -0.11    1.28
-224637.890    -8.845     0.38    1.48
-224350.073    -8.703     0.49    1.43
-224062.271    -8.727    -0.09    1.44
-223774.484    -8.783    -0.20    1.52
-223486.710    -8.822    -0.13    1.64
-223198.951    -9.212    -1.36    1.85
-222911.207    -9.693    -1.67    1.99
-222623.477    -9.987    -1.02    2.17
-222335.761   -10.273    -0.99    2.31
-222048.060   -10.379    -0.37    2.31
-221760.373   -10.568    -0.66    2.50
-221472.700   -10.149     1.46    2.53
-221185.042   -10.001     0.52    2.53
-220897.398    -9.620     1.33    2.35
-220609.768    -9.221     1.39    1.84
-220322.153    -8.833     1.35    1.55
-220034.553    -8.879    -0.16    1.62
-219746.966    -8.660     0.76    1.75
-219459.394    -8.458     0.70    1.78
-219171.836    -8.300     0.55    1.70
-218884.293    -8.148     0.53    1.67
-218596.764    -8.032     0.41    1.57
-218309.250    -8.046    -0.05    1.67
-218021.749    -8.120    -0.26    1.66
-217734.263    -8.237    -0.41    1.52
-217446.792    -8.105     0.46    1.48
-217159.334    -7.210     3.11    3.32
-216871.892    -6.061     4.00    4.93
-216584.463    -4.576     5.17    6.09
-216297.049    -2.815     6.13    6.75
-216009.649    -0.971     6.42    6.97
-215722.263     0.768     6.05    6.82
-215434.892     2.042     4.43    6.37
-215147.535     3.277     4.30    5.26
-214860.192     4.081     2.80    4.26
-214572.864     4.324     0.85    3.72
-214285.550     4.689     1.27    3.22
-213998.250     4.551    -0.48    3.38
-213710.964     5.081     1.84    3.74
-213423.693     5.160     0.28    4.56
-213136.436     6.324     4.06    4.62
-212849.194     7.359     3.60    4.81
-212561.966     8.808     5.05    4.69
-212274.752    10.340     5.33    4.29
-211987.552    11.152     2.83    4.22
-211700.367    12.030     3.06    3.40
-211413.195    12.046     0.05    3.84
-211126.039    12.152     0.37    3.94
-210838.896    11.880    -0.95    4.30
-210551.768    11.745    -0.47    4.07
-210264.654    11.303    -1.54    4.32
-209977.554    10.823    -1.67    4.78
-209690.468    11.174     1.22    4.49
-209403.397    11.340     0.58    4.49
-209116.340    11.606     0.93    3.87
-208829.297    12.001     1.38    3.78
-208542.269    12.660     2.29    3.44
-208255.255    13.074     1.44    3.18
-207968.255    13.468     1.38    3.23
-207681.269    13.794     1.13    2.82
-207393.038    13.909     0.40    2.54
-207102.963    13.969     0.21    2.03
-206812.902    14.034     0.22    1.96
-206522.856    13.867    -0.57    1.89
-206232.824    13.689    -0.61    1.79
-205942.807    13.310    -1.31    1.62
-205652.805    13.359     0.17    1.68
-205362.817    13.193    -0.57    1.75
-205072.844    12.924    -0.93    1.72
-204782.885    12.559    -1.26    1.84
-204492.941    12.307    -0.87    1.77
-204203.012    12.321     0.05    1.77
-203913.097    12.424     0.36    1.79
-203623.197    12.403    -0.08    1.61
-203333.311    12.297    -0.36    1.22
-203043.440    12.424     0.44    1.03
-202753.583    12.502     0.27    0.92
-202463.741    12.571     0.24    0.88
-202173.914    12.730     0.55    1.09
-201884.101    12.823     0.32    1.14
-201594.303    12.852     0.10    1.17
-201304.519    12.955     0.36    1.17
-201014.749    12.968     0.05    1.21
-200724.995    13.018     0.17    1.12
-200435.254    12.895    -0.43    1.02
-200145.529    13.027     0.46    1.07
-199855.818    13.098     0.25    1.07
-199566.121    13.103     0.02    1.17
-199276.439    13.159     0.19    1.35
-198986.771    13.160     0.00    1.36
-198697.118    13.370     0.73    1.48
-198407.480    13.395     0.08    1.49
-198117.856    13.475     0.28    1.43
-197828.246    13.704     0.79    1.41
-197538.651    13.880     0.61    1.32
-197249.071    13.909     0.10    1.23
-196959.505    14.071     0.56    1.07
-196669.953    13.864    -0.72    1.18
-196380.416    13.823    -0.14    1.18
-196090.894    13.895     0.25    1.18
-195801.386    13.909     0.05    1.17
-195511.893    14.044     0.46    1.26
-195222.414    13.924    -0.41    1.32
-194932.949    13.718    -0.71    1.26
-194643.499    13.309    -1.41    1.18
-194354.063    13.200    -0.38    1.15
-194064.642    13.110    -0.31    1.04
-193775.236    13.029    -0.28    0.97
-193485.844    13.014    -0.05    0.98
-193196.466    13.065     0.18    0.97
-192907.103    13.163     0.34    0.95
-192617.754    13.140    -0.08    0.91
-192328.420    13.115    -0.08    1.00
-192039.100    13.127     0.04    1.01
-191749.794    13.115    -0.04    0.98
-191460.503    13.106    -0.03    0.94
-191171.227    13.127     0.07    0.95
-190881.965    13.030    -0.34    0.95
-190592.717    13.078     0.17    1.25
-190303.484    13.013    -0.23    1.18
-190014.265    12.939    -0.26    0.99
-189725.061    12.924    -0.05    0.98
-189435.871    12.954     0.10    0.78
-189146.696    13.001     0.16    0.76
-188857.535    13.091     0.31    0.76
-188568.388    13.078    -0.04    0.81
-188279.256    13.130     0.18    1.02
-187990.138    13.214     0.29    1.06
-187701.035    13.208    -0.02    1.04
-187411.946    13.238     0.10    0.99
-187122.872    13.217    -0.07    0.95
-186833.811    13.182    -0.12    0.97
-186544.766    13.263     0.28    0.89
-186255.734    13.641     1.31    1.46
-185966.718    14.185     1.88    2.08
-185677.715    14.894     2.45    2.87
-185388.727    15.566     2.32    2.97
-185099.753    15.986     1.45    2.86
-184810.794    16.576     2.04    2.98
-184521.849    17.047     1.63    2.83
-184232.918    16.835    -0.74    2.61
-183944.002    16.307    -1.83    2.44
-183655.100    15.790    -1.79    1.93
-183366.213    15.536    -0.88    1.83
-183077.340    15.463    -0.25    1.71
-182788.481    15.182    -0.97    1.43
-182499.636    14.999    -0.63    1.22
-182210.806    15.163     0.57    1.18
-181921.991    15.218     0.19    1.33
-181633.189    15.349     0.45    1.54
-181344.402    15.417     0.24    1.58
-181055.630    15.263    -0.53    1.60
-180766.872    15.091    -0.60    1.58
-180478.128    14.805    -0.99    1.52
-180189.398    14.682    -0.43    1.31
-179900.683    14.557    -0.43    0.98
-179611.982    14.715     0.55    0.98
-179323.295    14.850     0.47    0.99
-179034.623    15.124     0.95    1.08
-178745.965    15.333     0.72    1.11
-178457.322    15.462     0.44    1.08
-178168.692    15.540     0.27    1.04
-177880.077    15.671     0.45    1.11
-177591.477    15.894     0.78    1.15
-177302.890    16.189     1.02    1.43
-177014.318    16.318     0.45    1.66
-176725.761    16.601     0.98    1.84
-176437.217    16.626     0.09    1.85
-176148.688    16.647     0.07    1.85
-175860.173    16.805     0.55    1.79
-175571.673    16.805     0.00    1.85
-175283.186    16.939     0.46    2.11
-174994.715    17.242     1.05    2.17
-174706.257    17.494     0.87    2.16
-174417.814    16.998    -1.72    2.93
-174129.384    16.463    -1.86    3.61
-173840.970    15.656    -2.80    3.97
-173552.569    14.880    -2.69    3.78
-173264.183    13.837    -3.61    3.46
-172975.811    13.527    -1.08    3.18
-172687.453    13.659     0.46    3.18
-172399.110    13.586    -0.25    3.17
-172110.780    13.424    -0.56    3.04
-171822.466    13.357    -0.23    2.95
-171534.165    13.357     0.00    2.76
-171245.878    13.359     0.01    2.85
-170957.606    13.292    -0.23    2.81
-170669.348    13.324     0.11    2.55
-170381.105    13.615     1.01    2.52
-170092.875    13.487    -0.45    2.27
-169804.660    13.581     0.33    2.36
-169516.459    13.586     0.02    2.35
-169228.272    13.866     0.97    2.29
-168940.100    13.792    -0.26    2.32
-168651.942    13.674    -0.41    2.30
-168363.797    13.615    -0.20    2.39
-168075.668    13.639     0.08    2.34
-167787.552    13.807     0.58    2.37
-167499.451    13.865     0.20    2.38
-167211.363    14.042     0.61    2.33
-166923.291    14.118     0.27    2.11
-166635.232    14.309     0.66    1.99
-166347.187    14.292    -0.06    1.66
-166059.157    14.034    -0.90    1.52
-165771.141    13.760    -0.95    1.47
-165483.139    13.968     0.72    1.55
-165195.151    13.983     0.05    1.40
-164907.178    13.997     0.05    1.39
-164619.218    14.078     0.28    1.39
-164331.273    14.145     0.23    1.46
-164043.342    14.226     0.28    1.38
-163755.425    13.985    -0.84    1.49
-163467.523    13.660    -1.13    1.36
-163179.634    13.372    -1.00    1.25
-162891.760    13.359    -0.05    1.16
-162603.900    13.318    -0.14    1.19
-162316.054    13.454     0.47    1.30
-162028.222    13.795     1.19    1.61
-161740.404    13.970     0.61    1.58
-161452.601    14.101     0.45    1.54
-161164.812    14.268     0.58    1.45
-160877.036    14.542     0.95    1.33
-160589.275    14.626     0.29    1.28
-160301.529    14.700     0.26    1.20
-160013.796    14.721     0.07    1.30
-159726.077    14.803     0.28    1.25
-159438.373    14.880     0.27    1.20
-159150.683    14.910     0.10    1.18
-158863.006    14.880    -0.10    1.16
-158575.344    14.730    -0.52    1.02
-158287.697    14.571    -0.55    0.96
-158000.063    14.440    -0.46    0.96
-157712.443    14.349    -0.32    0.93
-157424.838    14.294    -0.19    0.88
-157137.246    14.292    -0.01    0.83
-156849.669    14.351     0.20    0.85
-156562.106    14.372     0.07    0.82
-156274.557    14.387     0.05    0.72
-155987.022    14.487     0.35    0.83
-155699.501    14.576     0.31    0.81
-155411.994    14.524    -0.18    0.88
-155124.501    14.566     0.15    0.87
-154837.023    14.660     0.33    0.94
-154549.558    14.663     0.01    1.00
-154262.108    14.686     0.08    1.03
-153974.672    14.727     0.15    0.95
-153687.250    14.818     0.32    0.98
-153399.841    14.864     0.16    1.01
-153112.447    14.879     0.05    1.06
-152825.067    14.820    -0.21    1.05
-152537.702    14.909     0.31    1.04
-152250.350    14.790    -0.41    1.01
-151963.012    14.849     0.20    1.00
-151675.688    14.863     0.05    0.93
-151388.379    14.924     0.21    0.86
-151101.083    14.924     0.00    0.87
-150813.802    15.074     0.52    0.93
-150526.534    14.999    -0.26    0.93
-150239.281    15.040     0.14    0.96
-149952.041    15.174     0.47    1.04
-149664.816    15.294     0.42    1.01
-149377.605    15.333     0.14    1.04
-149090.408    15.432     0.34    1.09
-148803.225    15.601     0.59    1.01
-148516.055    15.924     1.13    1.11
-148228.900    15.924     0.00    1.12
-147941.759    16.160     0.82    1.21
-147654.632    16.283     0.43    1.08
-147367.519    16.591     1.07    1.29
-147080.420    16.770     0.63    1.46
-146793.335    16.671    -0.35    1.44
-146506.264    16.641    -0.10    1.42
-146219.207    16.881     0.84    1.46
-145932.164    16.909     0.10    1.45
-145645.135    16.939     0.10    1.36
-145358.121    16.924    -0.05    1.25
-145068.077    16.985     0.21    1.21
-144778.026    17.059     0.25    1.28
-144487.989    16.984    -0.26    1.28
-144197.966    16.968    -0.06    1.27
-143907.957    16.954    -0.05    1.24
-143617.963    16.983     0.10    1.31
-143327.984    16.970    -0.04    1.26
-143038.018    17.017     0.16    1.18
-142748.067    17.133     0.40    1.32
-142458.130    17.223     0.31    1.33
-142168.208    17.229     0.02    1.45
-141878.300    17.193    -0.12    1.37
-141588.406    17.178    -0.05    1.22
-141298.527    17.124    -0.19    1.19
-141008.662    17.063    -0.21    1.07
-140718.811    17.118     0.19    1.08
-140428.974    17.029    -0.31    1.03
-140139.152    16.924    -0.36    1.12
-139849.344    16.998     0.25    1.08
-139559.551    16.803    -0.67    1.17
-139269.771    16.667    -0.47    1.17
-138980.006    16.524    -0.49    1.14
-138690.256    16.513    -0.04    1.01
-138400.519    16.641     0.44    1.04
-138110.797    16.660     0.07    1.02
-137821.089    16.601    -0.20    1.03
-137531.396    16.652     0.18    0.95
-137241.717    16.742     0.31    0.94
-136952.052    16.786     0.15    0.93
-136662.401    16.836     0.17    0.88
-136372.765    16.850     0.05    0.89
-136083.142    16.779    -0.24    0.88
-135793.534    16.851     0.25    0.95
-135503.941    16.832    -0.06    0.95
-135214.361    16.712    -0.41    1.02
-134924.796    16.755     0.15    1.07
-134635.245    16.689    -0.23    1.09
-134345.709    16.775     0.30    1.05
-134056.187    16.779     0.01    0.99
-133766.678    16.821     0.15    1.12
-133477.185    17.155     1.15    1.37
-133187.705    17.303     0.51    1.50
-132898.240    17.463     0.55    1.56
-132608.788    17.596     0.46    1.58
-132319.351    17.849     0.87    1.52
-132029.929    17.939     0.31    1.48
-131740.520    18.088     0.52    1.48
-131451.126    18.170     0.28    1.62
-131161.746    18.197     0.09    1.72
-130872.380    18.294     0.33    1.71
-130583.029    18.208    -0.30    1.62
-130293.691    18.273     0.22    1.66
-130004.368    18.071    -0.70    1.70
-129715.059    18.015    -0.19    1.67
-129425.764    18.076     0.21    1.76
-129136.484    17.970    -0.37    1.78
-128847.218    17.817    -0.53    1.85
-128557.965    17.730    -0.30    1.88
-128268.727    17.455    -0.95    1.76
-127979.504    17.439    -0.05    1.71
-127690.294    17.140    -1.04    1.33
-127401.099    16.969    -0.59    1.13
-127111.918    17.015     0.16    1.05
-126822.751    17.047     0.11    1.01
-126533.598    17.193     0.50    1.12
-126244.459    17.197     0.01    1.22
-125955.334    17.193    -0.01    1.35
-125666.224    17.324     0.45    1.40
-125377.128    17.402     0.27    1.46
-125088.046    17.455     0.18    1.53
-124798.978    17.409    -0.16    1.50
-124509.924    17.238    -0.59    1.55
-124220.885    17.044    -0.67    1.53
-123931.860    16.880    -0.57    1.65
-123642.848    16.724    -0.54    1.68
-123353.851    16.312    -1.43    1.77
-123064.868    16.063    -0.86    1.65
-122775.899    15.864    -0.69    1.52
-122486.945    15.792    -0.25    1.52
-122198.004    15.700    -0.32    1.51
-121909.078    15.835     0.46    1.58
-121620.166    15.786    -0.17    1.65
-121331.267    15.805     0.07    1.67
-121042.383    15.601    -0.71    1.85
-120753.514    15.652     0.17    1.85
-120464.658    15.674     0.08    1.82
-120175.816    15.611    -0.22    1.89
-119886.989    15.402    -0.72    1.72
-119598.175    15.447     0.16    1.80
-119309.376    15.521     0.26    1.61
-119020.591    15.247    -0.95    1.54
-118731.820    15.515     0.93    1.81
-118443.062    15.821     1.06    2.02
-118154.320    16.462     2.22    2.35
-117865.591    16.417    -0.16    2.53
-117576.876    15.955    -1.60    3.17
-117288.175    15.327    -2.17    3.59
-116999.489    15.083    -0.85    3.64
-116710.816    14.786    -1.03    3.34
-116422.158    14.733    -0.18    3.08
-116133.514    14.641    -0.32    2.82
-115844.883    14.953     1.08    2.51
-115556.267    15.386     1.50    1.93
-115267.665    15.630     0.85    1.87
-114979.077    15.956     1.13    1.75
-114690.503    16.170     0.74    1.74
-114401.943    16.342     0.60    1.76
-114113.397    16.327    -0.05    1.67
-113824.866    16.345     0.06    1.67
-113536.348    16.432     0.30    1.67
-113247.844    16.439     0.02    1.79
-112959.354    16.360    -0.27    1.62
-112670.879    16.364     0.01    1.51
-112382.417    16.380     0.06    1.49
-112093.970    16.380     0.00    1.48
-111805.536    16.277    -0.36    1.50
-111517.117    16.333     0.19    1.47
-111228.711    16.086    -0.86    1.51
-110940.320    15.973    -0.39    1.52
-110651.943    15.880    -0.32    1.48
-110363.579    15.807    -0.25    1.52
-110075.230    15.954     0.51    1.58
-109786.895    15.865    -0.31    1.45
-109498.573    15.820    -0.16    1.57
-109210.266    15.909     0.31    1.60
-108921.973    15.989     0.28    1.46
-108633.694    15.909    -0.28    1.55
-108345.428    15.760    -0.52    1.50
-108057.177    15.446    -1.09    1.46
-107768.940    15.504     0.20    1.24
-107480.717    15.483    -0.07    1.27
-107192.507    15.372    -0.39    1.32
-106904.312    15.215    -0.55    1.32
-106616.131    15.088    -0.44    1.31
-106327.964    15.208     0.41    1.37
-106039.810    15.277     0.24    1.41
-105751.671    15.296     0.06    1.57
-105463.545    15.586     1.01    1.69
-105175.434    15.515    -0.25    1.62
-104887.337    15.629     0.40    1.72
-104599.253    16.042     1.43    1.77
-104311.184    16.201     0.55    1.85
-104023.128    16.292     0.31    1.92
-103735.087    16.359     0.23    1.96
-103447.059    16.200    -0.55    1.96
-103159.045    16.327     0.44    1.92
-102871.046    16.162    -0.57    1.93
-102583.060    16.027    -0.47    1.78
-102295.088    15.909    -0.41    1.79
-102007.130    15.969     0.21    1.72
-101719.186    15.968    -0.00    1.60
-101431.256    15.924    -0.15    1.57
-101143.340    15.763    -0.56    1.85
-100855.438    15.067    -2.42    2.45
-100567.550    14.101    -3.36    2.95
-100279.676    13.346    -2.62    3.12
 -99991.815    12.611    -2.55    3.16
 -99703.969    12.312    -1.04    3.16
 -99416.137    12.098    -0.74    3.33
 -99128.318    11.969    -0.45    3.37
 -98840.513    11.924    -0.16    3.37
 -98552.723    12.218     1.02    3.35
 -98264.946    12.143    -0.26    3.48
 -97977.183    12.447     1.06    3.32
 -97689.434    13.059     2.13    3.62
 -97401.699    13.504     1.55    3.56
 -97113.977    13.745     0.84    3.45
 -96826.270    14.124     1.32    3.37
 -96538.577    14.103    -0.07    3.31
 -96250.897    15.018     3.18    2.70
 -95963.231    15.671     2.27    2.11
 -95675.580    15.865     0.67    1.75
 -95387.942    15.939     0.26    1.53
 -95100.318    15.968     0.10    1.52
 -94812.708    15.818    -0.52    1.43
 -94525.111    15.879     0.21    1.67
 -94237.529    15.781    -0.34    1.59
 -93949.960    15.641    -0.49    1.58
 -93662.406    15.775     0.47    1.51
 -93374.865    15.880     0.37    1.51
 -93087.338    15.954     0.26    1.60
 -92799.825    15.850    -0.36    1.67
 -92512.326    15.667    -0.64    1.59
 -92224.840    15.464    -0.71    1.43
 -91937.369    15.521     0.20    1.38
 -91649.911    15.462    -0.21    1.39
 -91362.467    15.454    -0.03    1.31
 -91075.037    15.447    -0.02    1.33
 -90787.621    15.342    -0.36    1.21
 -90500.219    15.401     0.21    1.24
 -90212.830    15.242    -0.55    1.35
 -89925.456    15.253     0.04    1.30
 -89638.095    15.247    -0.02    1.28
 -89350.748    15.174    -0.25    1.29
 -89063.415    15.044    -0.45    1.16
 -88776.095    15.118     0.26    1.08
 -88488.790    15.333     0.75    1.34
 -88201.498    15.755     1.47    1.81
 -87914.220    15.864     0.38    1.86
 -87626.956    16.201     1.18    2.11
 -87339.706    16.439     0.83    2.14
 -87052.469    16.878     1.53    2.17
 -86765.247    17.127     0.87    2.31
 -86478.038    17.500     1.30    2.35
 -86190.843    17.647     0.51    2.36
 -85903.661    17.742     0.33    2.18
 -85616.494    17.643    -0.35    2.31
 -85329.340    17.515    -0.45    2.44
 -85042.200    17.379    -0.47    2.48
 -84755.074    17.084    -1.03    2.27
 -84467.962    16.820    -0.92    2.05
 -84180.863    16.540    -0.98    1.74
 -83893.778    16.652     0.39    1.72
 -83606.707    16.487    -0.57    1.60
 -83319.650    16.468    -0.06    1.54
 -83030.840    16.521     0.18    1.52
 -82740.800    16.678     0.54    1.48
 -82450.774    16.491    -0.64    1.64
 -82160.762    16.247    -0.84    1.44
 -81870.765    16.242    -0.02    1.42
 -81580.781    16.078    -0.57    1.25
 -81290.812    15.909    -0.58    1.24
 -81000.856    15.833    -0.26    1.26
 -80710.915    16.013     0.62    1.47
 -80420.988    16.091     0.27    1.48
 -80131.075    15.939    -0.52    1.51
 -79841.176    16.182     0.84    1.66
 -79551.291    16.355     0.60    1.70
 -79261.420    16.410     0.19    1.73
 -78971.563    16.312    -0.34    1.68
 -78681.720    16.182    -0.45    1.59
 -78391.892    16.078    -0.36    1.57
 -78102.077    15.999    -0.27    1.64
 -77812.276    15.846    -0.53    1.54
 -77522.490    15.909     0.22    1.63
 -77232.717    15.790    -0.41    1.55
 -76942.959    15.820     0.10    1.55
 -76653.215    15.865     0.15    1.59
 -76363.484    15.986     0.42    1.56
 -76073.768    16.115     0.45    1.62
 -75784.066    16.263     0.51    1.69
 -75494.377    16.145    -0.41    1.66
 -75204.703    16.130    -0.05    1.72
 -74915.043    16.297     0.58    1.87
 -74625.397    16.491     0.67    1.99
 -74335.765    16.534     0.15    1.96
 -74046.147    16.674     0.49    1.93
 -73756.543    16.737     0.22    1.83
 -73466.953    16.865     0.44    1.70
 -73177.376    16.700    -0.57    1.56
 -72887.814    16.395    -1.06    1.55
 -72598.266    16.208    -0.65    1.70
 -72308.732    16.143    -0.22    1.72
 -72019.212    16.253     0.38    1.95
 -71729.706    16.065    -0.65    1.98
 -71440.214    16.152     0.30    2.06
 -71150.736    16.312     0.56    1.98
 -70861.272    16.263    -0.17    1.65
 -70571.822    16.238    -0.09    1.70
 -70282.386    15.909    -1.14    1.83
 -69992.964    15.591    -1.10    1.78
 -69703.556    15.524    -0.23    1.90
 -69414.162    15.318    -0.71    1.79
 -69124.782    15.170    -0.51    1.84
 -68835.415    15.380     0.72    1.90
 -68546.063    15.417     0.13    1.77
 -68256.725    15.500     0.29    1.56
 -67967.401    15.546     0.16    1.57
 -67678.090    15.694     0.51    1.48
 -67388.794    16.000     1.06    1.52
 -67099.512    16.078     0.27    1.38
 -66810.243    15.652    -1.47    1.87
 -66520.989    15.109    -1.88    2.40
 -66231.748    14.136    -3.36    2.78
 -65942.521    13.555    -2.01    2.87
 -65653.309    13.242    -1.08    2.90
 -65364.110    13.171    -0.25    3.13
 -65074.925    13.401     0.80    3.23
 -64785.754    13.742     1.18    3.29
 -64496.597    14.377     2.20    3.15
 -64207.454    15.046     2.31    2.69
 -63918.325    15.678     2.19    2.02
 -63629.210    15.790     0.39    1.54
 -63340.109    15.674    -0.40    1.57
 -63051.022    15.364    -1.07    1.73
 -62761.948    15.030    -1.15    1.48
 -62472.889    15.034     0.01    1.54
 -62183.843    14.760    -0.95    1.39
 -61894.811    14.440    -1.11    1.27
 -61605.794    14.402    -0.13    1.34
 -61316.790    14.601     0.69    1.56
 -61027.800    14.909     1.07    1.71
 -60738.824    15.059     0.52    1.80
 -60449.861    15.143     0.29    1.80
 -60160.913    15.233     0.31    1.73
 -59871.979    15.268     0.12    1.69
 -59583.058    15.477     0.72    1.88
 -59294.152    15.402    -0.26    1.89
 -59005.259    15.365    -0.13    1.87
 -58716.380    15.527     0.56    1.77
 -58427.515    15.586     0.20    1.73
 -58138.664    15.351    -0.81    1.91
 -57849.826    15.190    -0.56    1.86
 -57561.003    14.969    -0.76    1.59
 -57272.194    14.820    -0.52    1.46
 -56983.398    14.821     0.01    1.52
 -56694.616    14.880     0.20    1.45
 -56405.848    15.001     0.42    1.41
 -56117.094    15.000    -0.00    1.38
 -55828.354    15.002     0.01    1.46
 -55539.627    15.015     0.04    1.42
 -55250.915    14.879    -0.47    1.44
 -54962.216    14.792    -0.30    1.35
 -54673.531    14.894     0.36    1.25
 -54384.860    15.094     0.69    1.31
 -54096.203    15.258     0.57    1.48
 -53807.559    15.353     0.33    1.55
 -53518.930    15.576     0.77    1.65
 -53230.314    15.786     0.73    1.68
 -52941.712    16.044     0.89    1.68
 -52653.124    16.118     0.26    1.75
 -52364.550    16.401     0.98    1.71
 -52075.989    16.439     0.13    1.68
 -51787.443    16.409    -0.11    1.78
 -51498.910    16.133    -0.95    1.90
 -51210.391    16.046    -0.30    1.85
 -50921.885    15.851    -0.68    1.90
 -50633.394    15.601    -0.87    1.63
 -50344.916    15.455    -0.51    1.52
 -50056.453    15.409    -0.16    1.63
 -49768.003    15.278    -0.45    1.62
 -49479.566    15.253    -0.09    1.64
 -49191.144    15.581     1.14    1.57
 -48902.735    16.014     1.50    1.64
 -48614.340    16.017     0.01    1.69
 -48325.959    16.253     0.82    1.85
 -48037.592    16.385     0.46    1.85
 -47749.238    16.324    -0.21    2.08
 -47460.898    15.924    -1.39    2.23
 -47172.572    15.432    -1.71    2.34
 -46884.260    14.880    -1.91    2.28
 -46595.962    14.546    -1.16    2.12
 -46307.677    14.101    -1.54    1.79
 -46019.406    13.747    -1.23    1.48
 -45731.149    13.879     0.46    1.58
 -45442.905    13.880     0.00    1.76
 -45154.675    14.071     0.67    1.66
 -44866.459    14.410     1.17    2.00
 -44578.257    14.700     1.01    2.04
 -44290.069    15.208     1.76    2.17
 -44001.894    15.334     0.44    2.13
 -43713.733    15.193    -0.49    2.05
 -43425.586    15.178    -0.05    2.18
 -43137.452    15.483     1.06    2.42
 -42849.332    16.059     2.00    2.61
 -42561.226    16.387     1.14    2.55
 -42273.134    16.694     1.06    2.59
 -41985.055    17.005     1.08    2.40
 -41696.990    17.029     0.08    2.57
 -41408.939    16.954    -0.26    2.76
 -41120.902    16.504    -1.56    2.76
 -40832.878    16.163    -1.18    2.73
 -40544.868    15.790    -1.30    2.74
 -40256.871    15.755    -0.12    2.76
 -39968.889    15.773     0.06    2.42
 -39680.920    15.462    -1.08    2.29
 -39392.965    15.182    -0.97    2.28
 -39105.023    15.307     0.43    2.11
 -38817.095    15.242    -0.22    2.14
 -38529.181    15.432     0.66    2.15
 -38241.280    15.294    -0.48    2.19
 -37953.394    15.167    -0.44    2.23
 -37665.520    15.032    -0.47    2.30
 -37377.661    14.340    -2.41    2.37
 -37089.815    13.924    -1.44    2.45
 -36801.983    13.663    -0.91    2.58
 -36514.165    13.697     0.12    2.77
 -36226.360    13.770     0.26    2.82
 -35938.569    13.379    -1.36    2.67
 -35650.791    13.447     0.24    2.59
 -35363.027    13.478     0.11    2.73
 -35075.277    13.301    -0.62    2.58
 -34787.541    13.694     1.36    2.69
 -34499.818    13.515    -0.62    2.50
 -34212.109    13.724     0.73    2.52
 -33924.413    13.805     0.28    2.36
 -33636.731    13.612    -0.67    2.08
 -33349.063    13.591    -0.07    2.00
 -33061.409    13.820     0.80    2.10
 -32773.768    13.820     0.00    2.19
 -32486.140    14.133     1.09    2.06
 -32198.527    14.155     0.08    2.25
 -31910.926    14.601     1.55    2.63
 -31623.340    14.682     0.28    2.57
 -31335.767    14.894     0.74    2.52
 -31048.208    15.498     2.10    2.51
 -30760.662    15.924     1.48    2.32
 -30473.130    16.513     2.05    2.22
 -30185.612    16.636     0.43    1.97
 -29898.107    16.611    -0.09    1.76
 -29610.616    16.741     0.45    1.69
 -29323.139    16.805     0.22    1.86
 -29035.675    16.818     0.05    1.99
 -28748.224    16.718    -0.35    2.08
 -28460.788    16.477    -0.84    2.16
 -28173.364    16.242    -0.81    2.13
 -27885.955    15.955    -1.00    2.10
 -27598.559    15.602    -1.23    1.87
 -27311.177    15.297    -1.06    1.59
 -27023.808    15.247    -0.17    1.55
 -26736.453    15.193    -0.19    1.67
 -26449.111    15.118    -0.26    1.74
 -26161.783    14.939    -0.62    1.59
 -25874.468    14.682    -0.90    1.82
 -25587.167    14.755     0.25    2.08
 -25299.880    15.136     1.33    2.24
 -25012.606    15.309     0.60    2.42
 -24725.346    15.409     0.35    2.44
 -24438.099    15.709     1.04    2.65
 -24150.866    15.836     0.44    2.48
 -23863.647    15.524    -1.09    2.21
 -23576.441    15.124    -1.39    1.97
 -23289.248    15.106    -0.06    2.14
 -23002.069    15.408     1.05    2.27
 -22714.904    15.730     1.12    2.20
 -22427.752    16.263     1.85    2.15
 -22140.614    16.763     1.74    2.23
 -21853.489    17.227     1.62    2.31
 -21566.378    17.540     1.09    2.28
 -21279.280    17.591     0.18    2.15
 -20991.648    17.478    -0.39    2.35
 -20701.614    16.998    -1.66    2.62
 -20411.593    16.409    -2.03    2.65
 -20121.587    15.718    -2.38    2.62
 -19831.595    15.124    -2.05    2.35
 -19541.616    15.103    -0.07    2.34
 -19251.651    15.194     0.31    2.23
 -18961.700    15.182    -0.04    2.43
 -18671.763    14.954    -0.79    2.80
 -18381.840    14.630    -1.12    3.07
 -18091.930    14.204    -1.47    3.19
 -17802.034    13.540    -2.29    3.22
 -17512.153    12.615    -3.19    2.48
 -17222.284    12.353    -0.91    1.82
 -16932.430    12.571     0.75    1.79
 -16642.590    12.626     0.19    2.03
 -16352.763    12.605    -0.07    1.91
 -16062.951    13.029     1.46    2.90
 -15773.152    13.596     1.96    3.45
 -15483.366    14.091     1.71    3.78
 -15193.595    14.690     2.07    3.87
 -14903.837    15.288     2.06    3.89
 -14614.094    15.470     0.63    3.36
 -14324.364    15.686     0.74    3.01
 -14034.648    16.242     1.92    2.55
 -13744.945    16.801     1.93    2.63
 -13455.257    17.258     1.58    2.98
 -13165.582    17.862     2.09    3.01
 -12875.921    18.790     3.20    3.40
 -12586.273    20.586     6.20    3.77
 -12296.640    21.561     3.37    4.19
 -12007.020    21.632     0.25    4.29
 -11717.414    21.061    -1.97    4.45
 -11427.822    20.063    -3.45    4.80
 -11138.244    19.088    -3.36    5.24
 -10848.679    17.689    -4.83    4.79
 -10559.128    16.864    -2.85    3.76
 -10269.591    16.121    -2.56    2.11
  -9980.068    15.956    -0.57    1.87
  -9690.558    16.321     1.26    2.01
  -9401.062    16.811     1.69    1.77
  -9111.580    16.763    -0.17    1.76
  -8822.112    16.297    -1.61    1.54
  -8532.657    16.059    -0.83    1.65
  -8243.216    15.775    -0.98    1.62
  -7953.789    15.618    -0.54    1.58
  -7664.375    15.357    -0.90    1.49
  -7374.976    15.206    -0.52    1.51
  -7085.590    15.258     0.18    1.51
  -6796.217    15.349     0.31    1.62
  -6506.859    15.189    -0.55    1.77
  -6217.514    15.152    -0.13    1.84
  -5928.183    15.186     0.12    2.06
  -5638.866    14.939    -0.85    2.22
  -5349.562    14.463    -1.65    2.05
  -5060.272    14.273    -0.66    2.26
  -4770.996    13.970    -1.05    1.89
  -4481.733    13.561    -1.42    1.44
  -4192.484    13.737     0.61    1.79
  -3903.249    13.561    -0.61    1.98
  -3614.028    13.509    -0.18    2.57
  -3324.820    13.393    -0.40    2.79
  -3035.626    13.189    -0.71    3.49
  -2746.445    10.986    -7.62    6.09
  -2457.279     8.455    -8.75    7.46
  -2168.126     6.217    -7.74    7.75
  -1878.986     3.606    -9.03    7.00
  -1589.861     1.877    -5.98    5.14
  -1300.749     0.551    -4.58    3.37
  -1011.650     0.208    -1.19    2.21
   -722.566     0.163    -0.15    2.22
   -433.495     0.074    -0.31    2.20
   -144.437    -0.107    -0.62    2.07
    144.606    -0.487    -1.32    1.66
    433.636    -0.763    -0.95    1.26
    722.653    -0.374     1.35    2.10
   1011.656     0.656     3.56    3.05
   1300.645     1.447     2.74    3.29
   1589.620     2.500     3.65    3.53
   1878.582     3.112     2.12    3.28
   2167.530     3.530     1.45    3.13
   2456.464     3.534     0.01    2.68
   2745.385     3.273    -0.90    2.36
   3034.292     2.939    -1.15    2.12
   3323.186     2.727    -0.73    1.97
   3612.066     2.833     0.37    1.93
   3900.932     3.124     1.01    2.08
   4189.785     3.318     0.67    1.98
   4478.624     3.464     0.50    1.95
   4767.450     3.865     1.39    2.35
   5056.261     4.801     3.24    3.04
   5345.060     5.909     3.84    3.14
   5633.844     6.509     2.08    3.24
   5922.615     7.364     2.96    3.50
   6211.373     7.988     2.16    3.45
   6500.117     8.576     2.04    2.90
   6788.847     8.327    -0.86    2.47
   7077.563     8.044    -0.98    2.09
   7366.266     8.029    -0.05    2.09
   7654.956     7.924    -0.36    1.91
   7943.632     7.865    -0.20    1.74
   8232.294     8.311     1.54    1.86
   8520.943     8.506     0.68    1.89
   8809.578     8.954     1.55    1.96
   9098.199     9.098     0.50    1.89
   9386.807     9.357     0.90    1.79
   9675.402     9.409     0.18    1.74
   9963.982     9.712     1.05    2.09
  10252.550    10.166     1.57    2.23
  10541.103    10.712     1.89    2.32
  10829.643    11.283     1.98    2.64
  11118.170    12.042     2.63    2.63
  11406.683    13.042     3.47    3.19
  11695.182    14.515     5.11    3.46
  11983.668    14.667     0.53    3.43
  12272.141    14.607    -0.21    3.58
  12560.599    14.571    -0.12    3.48
  12849.045    14.865     1.02    3.38
  13137.476    14.410    -1.58    3.09
  13425.894    14.193    -0.75    2.68
  13714.299    14.212     0.07    2.27
  14002.690    14.623     1.42    2.17
  14291.068    14.878     0.89    1.92
  14579.432    14.909     0.11    1.80
  14867.782    14.641    -0.93    1.79
  15156.119    14.851     0.73    1.70
  15444.443    14.700    -0.52    1.88
  15732.753    14.333    -1.27    2.09
  16021.049    13.711    -2.16    2.30
  16309.332    13.364    -1.21    2.25
  16597.601    12.742    -2.15    2.33
  16885.857    12.148    -2.06    2.31
  17174.100    11.779    -1.28    2.07
  17462.328    11.601    -0.62    1.98
  17750.544    11.197    -1.40    1.53
  18038.746    11.088    -0.38    1.28
  18326.934    10.983    -0.36    1.30
  18615.109    11.047     0.22    1.31
  18903.270    10.909    -0.48    1.23
  19191.418    10.805    -0.36    1.27
  19479.553    10.864     0.20    1.21
  19767.674    10.847    -0.06    1.29
  20055.781    10.797    -0.17    1.35
  20343.875    10.682    -0.40    1.38
  20631.956    10.663    -0.07    1.43
  20920.023    10.745     0.29    1.58
  21208.076    10.694    -0.18    1.54
  21496.117    10.682    -0.04    1.60
  21784.143    10.591    -0.32    1.55
  22072.157    10.546    -0.16    1.36
  22360.156    10.494    -0.18    1.53
  22648.143    10.409    -0.29    1.53
  22936.115    10.364    -0.16    1.31
  23224.075    10.401     0.13    1.37
  23512.021    10.485     0.29    1.29
  23799.953    10.586     0.35    1.43
  24087.872    10.788     0.70    1.60
  24375.778    11.099     1.08    1.63
  24663.670    11.208     0.38    1.61
  24951.549    11.417     0.73    1.85
  25239.414    11.402    -0.05    1.83
  25527.266    11.283    -0.41    1.81
  25815.105    11.063    -0.76    1.60
  26102.930    11.193     0.45    1.85
  26390.741    11.072    -0.42    1.87
  26678.539    10.865    -0.72    1.68
  26966.324    10.745    -0.42    1.83
  27254.096    10.968     0.78    1.92
  27541.853    10.849    -0.42    1.65
  27829.598    10.893     0.15    1.60
  28117.329    10.879    -0.05    1.27
  28405.047    10.892     0.05    1.27
  28692.751    10.939     0.16    1.22
  28980.442    11.044     0.36    1.35
  29268.120    10.968    -0.26    1.24
  29555.784    11.044     0.26    1.41
  29843.435    11.178     0.47    1.40
  30131.072    11.309     0.46    1.48
  30418.696    11.432     0.43    1.67
  30706.307    11.349    -0.29    1.49
  30993.904    11.506     0.55    1.47
  31281.488    11.454    -0.18    1.57
  31569.058    11.223    -0.80    1.55
  31856.615    11.015    -0.72    1.63
  32144.159    10.957    -0.20    1.87
  32431.689    10.849    -0.38    2.07
  32719.206    10.549    -1.04    2.19
  33006.710    10.136    -1.44    2.17
  33294.200    10.388     0.88    2.59
  33581.677    11.000     2.13    3.04
  33869.141    11.491     1.71    3.02
  34156.591    11.861     1.28    2.74
  34444.028    12.527     2.32    2.73
  34731.451    13.021     1.72    2.43
  35018.862    13.238     0.75    2.15
  35306.258    13.074    -0.57    1.84
  35593.642    13.091     0.06    1.95
  35881.012    12.686    -1.41    1.81
  36168.369    12.634    -0.18    1.96
  36455.712    12.530    -0.36    1.90
  36743.043    12.115    -1.45    1.69
  37030.359    12.046    -0.24    1.81
  37317.663    11.924    -0.42    1.79
  37604.953    11.792    -0.46    1.74
  37892.230    11.674    -0.41    1.59
  38179.494    11.170    -1.75    1.30
  38466.744    10.939    -0.80    1.09
  38753.981    10.956     0.06    1.05
  39041.204    10.895    -0.21    0.98
  39328.415    10.939     0.15    1.09
  39615.612    10.865    -0.26    1.12
  39902.796    10.700    -0.57    1.03
  40189.966    10.850     0.52    1.11
  40477.123    10.686    -0.57    1.16
  40764.267    10.591    -0.33    1.22
  41051.398    10.333    -0.90    1.01
  41340.815    10.447     0.39    1.05
  41630.824    10.292    -0.53    1.14
  41920.820    10.297     0.02    1.14
  42210.802    10.372     0.26    1.05
  42500.771    10.441     0.24    1.10
  42790.726    10.447     0.02    1.05
  43080.667    10.394    -0.18    1.00
  43370.595    10.439     0.16    0.98
  43660.509    10.730     1.00    1.33
  43950.409    11.140     1.41    1.92
  44240.296    11.186     0.16    1.90
  44530.170    11.401     0.74    1.95
  44820.030    11.576     0.60    2.10
  45109.876    11.477    -0.34    1.95
  45399.709    11.542     0.23    2.08
  45689.528    11.432    -0.38    2.00
  45979.333    11.121    -1.07    1.64
  46269.125    11.247     0.44    1.79
  46558.904    11.386     0.48    1.73
  46848.669    11.686     1.03    1.95
  47138.420    11.697     0.04    1.89
  47428.158    11.748     0.18    1.80
  47717.882    12.014     0.92    2.27
  48007.593    12.682     2.31    2.75
  48297.290    13.118     1.50    2.99
  48586.974    13.140     0.08    2.94
  48876.644    12.969    -0.59    2.92
  49166.301    12.820    -0.52    2.98
  49455.944    12.626    -0.67    2.92
  49745.574    12.485    -0.49    2.88
  50035.190    12.364    -0.42    2.68
  50324.792    12.334    -0.10    2.57
  50614.381    12.394     0.21    2.70
  50903.957    13.014     2.14    3.00
  51193.519    13.351     1.16    2.85
  51483.067    13.477     0.43    2.84
  51772.602    13.864     1.34    2.94
  52062.123    14.121     0.89    2.86
  52351.631    14.401     0.97    2.70
  52641.126    13.969    -1.49    2.76
  52930.607    13.379    -2.04    2.71
  53220.074    13.014    -1.26    2.48
  53509.528    12.402    -2.11    2.31
  53798.969    11.775    -2.17    1.79
  54088.396    11.505    -0.93    1.53
  54377.809    11.386    -0.41    1.44
  54667.209    11.712     1.13    2.00
  54956.596    11.865     0.53    2.10
  55245.969    11.969     0.36    2.19
  55535.329    12.032     0.22    2.15
  55824.675    12.379     1.20    2.59
  56114.007    12.777     1.38    2.97
  56403.327    12.601    -0.61    2.91
  56692.632    12.178    -1.46    2.94
  56981.925    12.174    -0.01    3.03
  57271.203    12.277     0.36    3.19
  57560.469    12.046    -0.80    3.18
  57849.721    11.849    -0.68    2.79
  58138.959    11.289    -1.93    1.71
  58428.184    11.253    -0.13    1.32
  58717.396    11.521     0.93    1.86
  59006.594    11.432    -0.31    1.78
  59295.779    11.626     0.67    1.90
  59584.950    11.758     0.46    1.93
  59874.108    11.731    -0.09    1.51
  60163.252    11.663    -0.24    1.63
  60452.383    11.463    -0.69    1.67
  60741.501    11.342    -0.42    1.73
  61030.605    11.248    -0.33    1.67
  61319.696    11.152    -0.33    1.49
  61608.773    11.178     0.09    1.33
  61897.837    11.191     0.04    1.36
  62186.887    11.394     0.70    1.43
  62475.924    11.223    -0.59    1.31
  62764.948    11.130    -0.32    1.36
  63053.958    11.163     0.11    1.64
  63342.955    11.551     1.34    1.92
  63631.938    11.786     0.81    2.03
  63920.908    11.940     0.53    2.09
  64209.865    11.939    -0.00    2.06
  64498.808    11.775    -0.57    2.02
  64787.738    11.652    -0.43    1.95
  65076.655    11.238    -1.43    1.70
  65365.558    10.984    -0.88    1.59
  65654.447    10.829    -0.54    1.32
  65943.324    10.758    -0.25    1.21
  66232.187    10.849     0.31    2.00
  66521.036    10.954     0.37    2.20
  66809.872    10.998     0.15    2.16
  67098.695    11.029     0.11    2.26
  67387.505    10.939    -0.31    2.38
  67676.301    10.808    -0.46    2.53
  67965.084    11.044     0.82    2.85
  68253.853    11.000    -0.15    2.92
  68542.609    10.835    -0.57    2.97
  68831.352    11.044     0.72    2.96
  69120.081    11.015    -0.10    3.02
  69408.797    11.401     1.34    3.12
  69697.500    11.505     0.36    3.07
  69986.189    11.094    -1.43    2.79
  70274.865    10.700    -1.36    2.04
  70563.527    10.821     0.42    1.88
  70852.177    11.121     1.04    1.74
  71140.813    11.059    -0.22    1.95
  71429.435    11.021    -0.13    1.90
  71718.045    11.046     0.08    1.91
  72006.641    10.894    -0.53    1.81
  72295.223    10.758    -0.47    1.88
  72583.793    10.748    -0.03    1.76
  72872.349    10.758     0.03    1.81
  73160.891    11.379     2.15    2.19
  73449.421    11.569     0.66    2.23
  73737.937    11.790     0.76    2.03
  74026.439    11.799     0.03    1.85
  74314.929    11.865     0.23    1.89
  74603.405    11.327    -1.86    1.83
  74891.868    10.758    -1.97    1.45
  75180.318    10.417    -1.18    1.17
  75468.754    10.496     0.27    1.20
  75757.177    10.667     0.59    1.29
  76045.586    10.847     0.63    1.23
  76333.983    10.955     0.37    1.21
  76622.366    11.140     0.64    1.12
  76910.736    11.485     1.20    1.42
  77199.092    11.565     0.28    1.45
  77487.436    11.546    -0.07    1.51
  77775.766    11.524    -0.07    1.52
  78064.082    11.221    -1.05    1.59
  78352.386    10.924    -1.03    1.68
  78640.676    10.878    -0.16    1.70
  78928.953    10.833    -0.16    1.52
  79217.217    10.940     0.37    2.06
  79505.467    11.163     0.78    2.19
  79793.704    11.311     0.51    2.26
  80081.928    11.178    -0.46    2.27
  80370.139    11.074    -0.36    2.19
  80658.336    10.984    -0.31    2.26
  80946.521    10.790    -0.67    1.94
  81234.692    10.893     0.36    1.95
  81522.849    10.849    -0.15    1.95
  81810.994    10.876     0.09    1.96
  82099.125    11.318     1.54    2.10
  82387.243    11.477     0.55    2.02
  82675.348    11.660     0.64    1.92
  82963.439    11.566    -0.32    2.01
  83251.518    11.647     0.28    1.82
  83539.583    11.817     0.59    1.72
  83827.635    11.447    -1.28    1.87
  84115.673    11.059    -1.35    1.95
  84403.699    10.985    -0.26    1.92
  84691.711    11.013     0.10    1.83
  84979.710    11.342     1.14    1.88
  85267.696    11.485     0.50    2.02
  85555.668    11.531     0.16    2.00
  85843.628    11.818     1.00    1.91
  86131.574    11.970     0.53    1.91
  86419.507    12.029     0.20    1.77
  86707.427    12.148     0.41    1.80
  86995.333    12.312     0.57    1.98
  87283.227    12.355     0.15    2.11
  87571.107    12.424     0.24    2.09
  87858.974    12.447     0.08    2.15
  88146.828    12.263    -0.64    2.24
  88434.669    12.208    -0.19    2.05
  88722.496    12.182    -0.09    1.96
  89010.311    11.969    -0.74    2.16
  89298.112    11.781    -0.65    2.17
  89585.900    11.197    -2.03    1.99
  89873.675    11.340     0.50    2.16
  90161.437    11.770     1.50    2.62
  90449.185    12.167     1.38    2.93
  90736.921    12.197     0.11    3.11
  91024.643    12.136    -0.21    3.20
  91312.352    12.174     0.13    3.38
  91600.048    12.091    -0.29    3.55
  91887.731    11.457    -2.21    3.43
  92175.400    11.178    -0.97    3.27
  92463.057    11.015    -0.57    3.11
  92750.700    11.432     1.45    3.39
  93038.330    11.847     1.44    3.50
  93325.947    11.715    -0.46    3.39
  93613.551    12.106     1.36    3.21
  93901.142    11.957    -0.52    3.19
  94188.720    11.970     0.05    2.96
  94476.284    12.193     0.78    2.82
  94763.836    12.321     0.45    2.59
  95051.374    12.447     0.44    2.57
  95338.899    12.170    -0.96    2.49
  95626.411    11.561    -2.12    2.69
  95913.910    11.237    -1.13    2.97
  96201.396    10.357    -3.06    3.46
  96488.869     9.626    -2.54    3.44
  96776.329     8.660    -3.36    2.91
  97063.775     8.297    -1.26    2.53
  97351.209     7.832    -1.62    2.04
  97638.629     7.924     0.32    1.87
  97926.036     7.803    -0.42    1.93
  98213.430     7.924     0.42    1.96
  98500.811     7.805    -0.42    2.00
  98788.179     7.792    -0.05    2.00
  99075.534     7.818     0.09    2.31
  99362.876     7.788    -0.11    2.59
  99650.205     7.618    -0.59    2.82
  99937.521     7.686     0.24    2.71
 100224.823     8.001     1.10    2.59
 100512.113     8.152     0.52    2.63
 100799.389     8.124    -0.09    2.46
 101086.652     7.894    -0.80    2.13
 101373.903     7.846    -0.17    1.98
 101661.140     8.601     2.63    2.73
 101948.364     9.394     2.76    2.96
 102235.575    10.242     2.95    3.09
 102522.773    10.894     2.27    2.76
 102809.959    11.140     0.86    2.52
 103097.130    11.357     0.76    2.02
 103385.440    11.386     0.10    1.86
 103675.441    11.455     0.24    1.83
 103965.428    11.344    -0.38    1.66
 104255.402    11.167    -0.61    1.63
 104545.363    11.091    -0.26    1.56
 104835.310    11.178     0.30    1.73
 105125.244    11.217     0.13    1.95
 105415.165    11.376     0.55    2.05
 105705.072    11.076    -1.04    2.09
 105994.966    11.069    -0.02    2.09
 106284.847    11.030    -0.13    2.16
 106574.714    11.030     0.00    2.24
 106864.568    11.046     0.05    2.41
 107154.409    10.801    -0.84    2.52
 107444.236    10.463    -1.17    2.40
 107734.050    10.432    -0.11    2.52
 108023.851    10.315    -0.40    2.46
 108313.638    10.364     0.17    2.39
 108603.413    10.001    -1.25    1.76
 108893.173    10.182     0.62    2.07
 109182.921    10.540     1.23    1.98
 109472.655    10.733     0.67    1.81
 109762.376    10.666    -0.23    1.79
 110052.084    10.485    -0.63    1.75
 110341.778    10.515     0.10    1.76
 110631.460    10.641     0.43    1.77
 110921.127    10.355    -0.99    1.38
 111210.782    10.268    -0.30    1.25
 111500.423    10.409     0.49    1.29
 111790.051    10.448     0.13    1.28
 112079.666    10.455     0.02    1.26
 112369.267    10.617     0.56    1.20
 112658.856    10.591    -0.09    1.32
 112948.431    10.570    -0.07    1.32
 113237.992    10.485    -0.30    1.40
 113527.541    10.464    -0.07    1.45
 113817.076    10.581     0.40    1.42
 114106.598    10.439    -0.49    1.50
 114396.106    10.566     0.44    1.46
 114685.602    10.727     0.56    1.37
 114975.084    10.747     0.07    1.37
 115264.553    10.879     0.46    1.33
 115554.008    10.893     0.05    1.39
 115843.451    11.061     0.58    1.23
 116132.880    11.167     0.37    1.15
 116422.296    11.182     0.05    1.07
 116711.699    11.221     0.14    0.99
 117001.088    11.201    -0.07    0.96
 117290.465    11.140    -0.21    1.01
 117579.828    11.065    -0.26    1.11
 117869.177    11.242     0.61    1.04
 118158.514    11.294     0.18    1.05
 118447.837    11.409     0.40    1.17
 118737.148    11.570     0.56    1.18
 119026.445    11.611     0.14    1.18
 119315.728    11.473    -0.48    1.22
 119604.999    11.462    -0.04    1.18
 119894.256    11.576     0.39    1.12
 120183.500    11.387    -0.65    1.31
 120472.731    11.417     0.10    1.39
 120761.949    11.471     0.19    1.42
 121051.154    11.470    -0.00    1.44
 121340.345    11.424    -0.16    1.46
 121629.523    11.515     0.31    1.46
 121918.688    11.355    -0.55    1.42
 122207.840    11.349    -0.02    1.54
 122496.979    11.201    -0.51    1.52
 122786.104    11.455     0.88    1.50
 123075.217    11.496     0.14    1.50
 123364.316    11.424    -0.25    1.49
 123653.402    11.606     0.63    1.44
 123942.474    11.601    -0.02    1.37
 124231.534    11.740     0.48    1.43
 124520.581    11.527    -0.73    1.37
 124809.614    11.652     0.43    1.39
 125098.634    11.795     0.50    1.29
 125387.641    11.864     0.24    1.24
 125676.635    11.894     0.11    1.21
 125965.616    11.939     0.15    1.15
 126254.583    11.986     0.16    1.10
 126543.537    12.063     0.27    1.10
 126832.479    12.091     0.10    1.10
 127121.407    12.127     0.13    1.06
 127410.322    12.201     0.26    1.05
 127699.224    12.106    -0.33    1.12
 127988.112    12.182     0.26    1.01
 128276.988    12.201     0.07    1.11
 128565.850    12.258     0.20    1.07
 128854.700    12.170    -0.30    1.06
 129143.536    12.170     0.00    1.08
 129432.359    12.238     0.23    1.22
 129721.169    12.238     0.00    1.20
 130009.966    12.167    -0.25    1.23
 130298.750    12.346     0.62    1.18
 130587.520    12.242    -0.36    1.24
 130876.278    12.279     0.13    1.15
 131165.022    12.380     0.35    1.16
 131453.754    12.432     0.18    1.28
 131742.472    12.439     0.03    1.26
 132031.177    12.477     0.13    1.23
 132319.869    12.555     0.27    1.17
 132608.548    12.699     0.50    1.25
 132897.214    12.863     0.57    1.27
 133185.867    13.140     0.96    1.18
 133474.507    13.121    -0.06    1.23
 133763.133    13.288     0.58    1.31
 134051.747    13.355     0.23    1.37
 134340.347    13.355     0.00    1.42
 134628.935    13.291    -0.22    1.40
 134917.509    13.424     0.46    1.29
 135206.070    13.536     0.39    1.18
 135494.618    13.596     0.21    1.11
 135783.154    13.697     0.35    1.11
 136071.676    13.596    -0.35    1.17
 136360.185    13.543    -0.18    1.18
 136648.681    13.439    -0.36    1.22
 136937.164    13.463     0.08    1.24
 137225.633    13.379    -0.29    1.24
 137514.090    13.321    -0.20    1.08
 137802.534    13.372     0.18    1.13
 138090.965    13.227    -0.50    1.15
 138379.382    13.121    -0.37    1.12
 138667.787    12.833    -1.00    1.42
 138956.179    12.612    -0.77    1.50
 139244.557    12.659     0.16    1.55
 139532.923    12.432    -0.79    1.56
 139821.275    12.379    -0.18    1.35
 140109.615    12.227    -0.53    1.37
 140397.941    12.162    -0.23    1.33
 140686.255    12.091    -0.25    1.28
 140974.555    12.049    -0.14    1.12
 141262.843    11.818    -0.80    1.14
 141551.117    11.647    -0.59    1.17
 141839.378    11.546    -0.35    1.30
 142127.627    11.549     0.01    1.37
 142415.862    11.030    -1.80    1.64
 142704.085    10.650    -1.32    1.80
 142992.294    10.432    -0.76    1.74
 143280.490    10.333    -0.34    1.84
 143568.674    10.133    -0.69    1.94
 143856.844     9.863    -0.94    1.83
 144145.002     9.731    -0.46    1.88
 144433.146     9.864     0.46    1.98
 144721.278     9.844    -0.07    1.96
 145009.396     9.682    -0.56    1.92
 145297.501     9.955     0.95    1.83
 145585.594    10.163     0.72    1.93
 145873.674    10.309     0.51    1.91
 146161.740    10.570     0.91    1.70
 146449.794    10.849     0.97    1.61
 146737.834    11.268     1.46    1.56
 147025.862    11.632     1.26    1.53
 147313.877    11.879     0.86    1.50
 147601.878    12.152     0.95    1.50
 147889.867    12.636     1.68    1.53
 148177.843    12.758     0.42    1.40
 148465.806    12.958     0.69    1.47
 148753.756    13.152     0.67    1.52
 149041.693    13.402     0.87    1.51
 149329.617    13.571     0.59    1.52
 149617.528    13.536    -0.12    1.51
 149905.426    13.370    -0.58    1.75
 150193.311    13.463     0.32    1.92
 150481.184    13.496     0.11    1.95
 150769.043    13.509     0.05    1.87
 151056.889    13.297    -0.73    1.73
 151344.723    13.193    -0.36    1.67
 151632.543    13.148    -0.16    1.61
 151920.351    13.215     0.23    1.38
 152208.146    12.804    -1.43    1.26
 152495.928    12.413    -1.36    1.42
