#    4.288  -1.319   2.492 ;Mean Elev.(m), Avg Gradient(m/km), RMS Gradient(m/km) - SRTM1     
#    6.497  -1.314   3.254 ;Mean Elev.(m), Avg Gradient(m/km), RMS Gradient(m/km) - ASTER GDEM
#    4.084  -1.324   2.732 ;Mean Elev.(m), Avg Gradient(m/km), RMS Gradient(m/km) - GMTED2010 
   1 299.309690 -32.808578     5.883     5.947  7 54660.05893069 22.431
   2 299.305330 -32.804348     6.717     6.682 10 54669.97457461 26.949
   3 299.304066 -32.805343     6.619     6.469 11 54679.89021823 29.331
   4 299.304641 -32.805380    15.626    14.329 11 54689.80586096 23.341
   5 299.307010 -32.804061    12.014     7.609 11 54699.72150163 23.259
   6 299.307972 -32.802115    10.005     7.104 11 54709.63714622 27.610
   7 299.307614 -32.804637     6.972     6.994 11 54719.55279836 25.626
   8 299.305133 -32.805380    14.248     6.656 11 54729.46844730 22.812
   9 299.302179 -32.805744    31.194    31.340 11 54739.38409447 19.723
  10 299.300582 -32.806238    13.183     6.255 11 54749.29974150 23.419
  11 299.300069 -32.806473    20.403    25.577 10 54759.21538823 22.768
  12 299.301036 -32.805959    28.849    28.294 11 54769.13103260 19.767
  13 299.302675 -32.804556    28.804    31.246 11 54779.04667350 23.229
  14 299.304856 -32.804590     7.546     7.568 11 54788.96231239 29.903
  15 299.305131 -32.803389    16.130    18.218 11 54798.87795014 30.547
  16 299.306357 -32.803868     7.186     7.238 11 54808.79358865 28.873
  17 299.308420 -32.804009     6.988     7.142 11 54818.70922685 31.577
  18 299.306514 -32.804599     6.473     6.755 11 54828.62487931 27.949
  19 299.303183 -32.804964    23.654    27.264 11 54838.54051874 21.529
  20 299.299551 -32.806703     5.572     5.590 10 54848.45616860 31.846
  21 299.296976 -32.808142    29.850    29.335 10 54858.37181776 19.940
  22 299.297474 -32.811543    24.376    21.995  7 54868.28746742 25.812
  23 299.296628 -32.808221     6.221     6.182  9 54878.20311465 47.253
  24 299.298850 -32.807287     7.591     5.543 10 54888.11875941 25.367
  25 299.299487 -32.806325     6.901     6.926 11 54898.03440059 29.176
  26 299.299404 -32.807620     6.745     6.786 10 54907.95003972 27.546
  27 299.298947 -32.807566     7.277     6.293 10 54917.86567744 25.002
  28 299.299912 -32.806547     6.307     6.353 11 54927.78131519 26.802
  29 299.302732 -32.804736    23.348    26.910 11 54937.69695238 21.545
  30 299.306966 -32.803882     6.251     6.375 11 54947.61258815 29.124
  31 299.311016 -32.804143     6.376     6.523 10 54957.52822368 27.931
  32 299.307453 -32.802276     7.889     6.651 11 54967.44387160 27.094
  33 299.305545 -32.804028    23.564    26.902 11 54977.35951904 20.480
  34 299.303832 -32.804821    14.348     6.016 10 54987.27516611 22.393
  35 299.303332 -32.804899     5.986     5.980 11 54997.19081319 25.567
  36 299.303118 -32.804909     5.970     5.968 10 55007.10645848 29.700
  37 299.302314 -32.804728     9.621     6.017 11 55017.02210151 26.417
  38 299.301579 -32.806188     6.275     6.267 11 55026.93774359 29.213
  39 299.300401 -32.806497     6.888     6.904 11 55036.85338515 32.309
  40 299.301279 -32.805341    21.616    27.937 10 55046.76902591 22.051
  41 299.305477 -32.804591    12.167     6.674 11 55056.68466532 25.229
  42 299.309966 -32.803928     7.028     7.005 10 55066.60030257 28.886
  43 299.308161 -32.804289    14.937     6.830 11 55076.51595268 28.377
  44 299.304406 -32.805425    17.843    19.444 11 55086.43160045 24.089
  45 299.300604 -32.805592    20.255    25.381 10 55096.34724627 23.256
  46 299.300076 -32.806505     7.416     7.411 10 55106.26289201 33.296
  47 299.301236 -32.805989    19.971    19.814 11 55116.17853715 27.500
  48 299.303198 -32.805061    13.176     7.453 10 55126.09417992 26.906
  49 299.304806 -32.805037     7.729     7.692 11 55136.00982041 32.154
  50 299.304807 -32.804401     8.217     8.181 11 55145.92545881 34.417
  51 299.304401 -32.804240     8.568     8.581 11 55155.84109685 34.447
  52 299.305044 -32.804482     8.805     8.825 10 55165.75673548 33.365
  53 299.306558 -32.803888     9.037     9.085 11 55175.67237390 33.475
  54 299.308213 -32.803914     9.143     9.166 11 55185.58801608 33.557
  55 299.304935 -32.804227     9.110     9.137 10 55195.50366768 34.172
  56 299.301195 -32.806160     8.947     8.970 10 55205.41931808 34.413
  57 299.298337 -32.807602     9.062     9.112 10 55215.33496761 32.581
  58 299.297243 -32.807928    10.821     9.091 10 55225.25061629 30.862
  59 299.297963 -32.806510     9.766     9.761 10 55235.16626263 35.087
  60 299.301117 -32.806375     9.497     9.628 10 55245.08190599 28.463
  61 299.302009 -32.805965     9.463     9.457 11 55254.99754624 31.295
  62 299.300423 -32.805958     9.348     9.453 11 55264.91318490 29.770
  63 299.299429 -32.806608    18.344    18.729 10 55274.82882302 28.648
  64 299.300775 -32.805792     8.850     8.849 11 55284.74446056 30.519
  65 299.305011 -32.804395     8.947     8.809 10 55294.66009662 31.074
  66 299.308181 -32.802991     8.872     8.878 12 55304.57573524 34.771
  67 299.307151 -32.803697     8.787     8.769 11 55314.49138285 34.899
  68 299.305341 -32.805273     8.664     8.609 11 55324.40702847 32.071
  69 299.302733 -32.804883     8.468     8.545 10 55334.32267204 29.734
  70 299.301629 -32.804998    10.220     8.556 10 55344.23831536 29.194
  71 299.302302 -32.805141     8.471     8.495 10 55354.15395810 29.066
  72 299.303678 -32.805393    16.528    15.289 11 55364.06959877 28.547
  73 299.304434 -32.805059    22.188    21.871 11 55373.98523758 27.769
  74 299.305205 -32.805314     9.266     7.677 11 55383.90087546 26.578
  75 299.305382 -32.804021    16.164    17.572 11 55393.81651235 24.962
  76 299.307340 -32.802885    16.103     7.838 11 55403.73214948 24.256
  77 299.307510 -32.804688     7.166     7.172 11 55413.64780164 30.753
  78 299.306589 -32.803717     7.393     7.293 10 55423.56345036 24.768
  79 299.305974 -32.804112    13.879     7.413 11 55433.47909670 23.139
  80 299.303865 -32.805390    24.029    27.517 11 55443.39474122 23.581
  81 299.301555 -32.805555    27.400    29.556 10 55453.31038397 20.985
  82 299.301681 -32.805849    29.579    29.430 11 55463.22602600 19.537
  83 299.304257 -32.804710     6.423     6.416 11 55473.14166580 32.531
  84 299.307074 -32.802510    26.574    27.979 11 55483.05730259 26.240
  85 299.310947 -32.804526     7.157     7.188 10 55492.97293826 29.054
  86 299.312195 -32.804900    12.216    14.681  9 55502.88857218 27.547
  87 299.308068 -32.803776    12.951    15.092 11 55512.80421843 24.805
  88 299.304937 -32.804100    27.116    28.663 11 55522.71986832 21.287
  89 299.303314 -32.804660    24.640    28.488 10 55532.63551702 21.905
  90 299.302713 -32.805355    31.163    31.271 11 55542.55116421 20.958
  91 299.301546 -32.805193     6.846     6.933 10 55552.46680912 26.876
  92 299.300324 -32.805920    26.503    28.639 10 55562.38245271 20.361
  93 299.300623 -32.806555    28.663    28.687 11 55572.29809551 19.463
  94 299.302192 -32.806188    23.937    27.839 10 55582.21373677 22.152
  95 299.305124 -32.805196    21.611    26.298 11 55592.12937470 22.585
  96 299.308537 -32.803799     7.646     7.655 11 55602.04500918 28.450
  97 299.312125 -32.804862     7.699     7.752  9 55611.96064217 28.491
  98 299.313572 -32.805499     8.040     7.998  8 55621.87627639 32.156
  99 299.307924 -32.804551     8.236     8.220 11 55631.79192892 34.154
 100 299.304983 -32.803511     8.297     8.235 11 55641.70757962 31.954
 101 299.305024 -32.803714     8.557     8.561 11 55651.62322807 32.420
 102 299.305618 -32.803674     8.713     8.726 11 55661.53887260 33.563
 103 299.305746 -32.804919    20.237    20.411 11 55671.45451395 34.272
 104 299.304579 -32.804334     9.120     9.090 10 55681.37015294 34.289
 105 299.305629 -32.804968     8.998     9.046 11 55691.28579034 37.261
 106 299.306832 -32.803122     8.559     8.696 11 55701.20142544 35.998
 107 299.308057 -32.803160     8.310     8.269 11 55711.11706591 32.481
 108 299.306323 -32.804461     7.767     7.757 11 55721.03271518 34.440
 109 299.304027 -32.804997     7.445     7.459 10 55730.94836223 35.245
 110 299.303092 -32.805830     8.963     7.153 10 55740.86400836 25.307
 111 299.302409 -32.805116     7.130     7.112 10 55750.77965319 28.298
 112 299.303417 -32.804205    18.940    25.238 11 55760.69529596 23.446
 113 299.305572 -32.804139    14.394    15.025 10 55770.61093617 24.890
 114 299.307401 -32.803420     7.571     7.496 11 55780.52657293 28.734
 115 299.309707 -32.803683     7.798     7.714 11 55790.44220716 34.232
 116 299.312697 -32.804712     8.166     8.198  9 55800.35784027 35.720
 117 299.309389 -32.803080     8.212     8.212 10 55810.27348762 44.885
 118 299.307759 -32.802267     8.354     8.261 11 55820.18913571 40.838
 119 299.309780 -32.803886     8.348     8.396 10 55830.10477999 52.573
 120 299.312066 -32.804884     7.993     7.993 10 55840.02041964 35.037
 121 299.312778 -32.805020     7.816     7.867  9 55849.93605613 32.202
 122 299.312918 -32.804890     7.772     7.831  9 55859.85169082 31.865
 123 299.307976 -32.803127     8.011     7.986 12 55869.76734065 34.240
 124 299.306293 -32.803982     7.878     7.835 10 55879.68299228 29.334
 125 299.306127 -32.803976     7.803     7.828 10 55889.59863726 32.096
 126 299.306216 -32.802709     7.764     7.661 11 55899.51427626 28.961
 127 299.308039 -32.802909     8.985     7.583 11 55909.42991073 28.086
 128 299.305015 -32.804751    15.894     8.161 10 55919.34556206 25.202
 129 299.302966 -32.805064    26.540    28.370 11 55929.26121480 20.257
 130 299.303858 -32.805767    24.319    26.942 11 55939.17686409 21.040
 131 299.304012 -32.804156    18.484    24.957 11 55949.09250800 21.286
 132 299.304807 -32.804930    17.836    17.283 11 55959.00814798 23.419
 133 299.304985 -32.805449    18.475    20.035 11 55968.92378568 23.992
 134 299.305131 -32.804136    27.757    30.275 10 55978.83942229 19.658
 135 299.307711 -32.803372     6.721     6.614 11 55988.75505868 28.928
 136 299.309844 -32.803573    15.474     7.436 10 55998.67070089 23.032
 137 299.307857 -32.803201    19.332    26.371 12 56008.58635221 25.187
 138 299.306072 -32.803976     8.791     6.905 11 56018.50199953 24.889
 139 299.303946 -32.805668     6.375     6.369 11 56028.41764378 31.875
 140 299.301779 -32.805514    30.854    31.082 11 56038.33328563 15.858
 141 299.302326 -32.804854     9.890     6.599 11 56048.24892541 28.137
 142 299.304866 -32.804289     6.793     6.883 11 56058.16456249 28.768
 143 299.309322 -32.803432     7.048     7.085 11 56068.08019525 28.145
 144 299.306995 -32.804702     6.875     6.937 11 56077.99584534 32.264
 145 299.303577 -32.805148     6.842     6.861 11 56087.91149329 30.568
 146 299.302372 -32.806172     8.921     7.107 10 56097.82713923 27.155
 147 299.302791 -32.805045    19.749    20.626 10 56107.74278291 21.455
 148 299.305380 -32.804044     7.813     7.805 10 56117.65841248 31.742
 149 299.308845 -32.803620     8.030     8.073 11 56127.57405021 34.458
 150 299.311570 -32.804236     7.797     7.789  9 56137.48968437 35.433
 151 299.308416 -32.804096     7.632     7.643 11 56147.40532958 34.133
 152 299.305013 -32.803599    14.314     8.496 11 56157.32097807 30.549
 153 299.304248 -32.803637     7.270     7.273 11 56167.23662581 30.179
 154 299.306199 -32.804772    14.956     8.441 11 56177.15227140 30.562
 155 299.307128 -32.802678     7.463     7.510 11 56187.06791148 29.282
 156 299.308453 -32.803049     7.233     7.391 12 56196.98354847 32.824
 157 299.308558 -32.802947     9.418     7.953 11 56206.89918258 33.466
 158 299.309826 -32.803938     9.202     7.596 10 56216.81481577 32.124
 159 299.309427 -32.803407     7.637     7.733 11 56226.73045775 34.843
 160 299.307379 -32.803318     7.500     7.436 11 56236.64611294 32.013
 161 299.305988 -32.803569     7.307     7.288 11 56246.56176447 29.135
 162 299.305211 -32.805047     7.352     7.164 11 56256.47741125 26.975
 163 299.303869 -32.805694     6.102     6.090 11 56266.39305396 42.639
 164 299.302796 -32.804971    23.449    27.478 10 56276.30869459 26.068
 165 299.302845 -32.805209    16.408    17.794 11 56286.22434145 24.879
 166 299.303435 -32.804538     8.670     7.012 11 56296.13999140 31.693
 167 299.304151 -32.804137     8.655     6.874 11 56306.05563728 24.805
 168 299.304102 -32.805176    10.764     7.343 10 56315.97128022 25.719
 169 299.302602 -32.805732    28.924    28.874 11 56325.88692141 19.605
 170 299.302398 -32.805530    21.389    20.592 10 56335.80256183 22.710
 171 299.304512 -32.804540    25.437    27.279 11 56345.71820120 22.021
 172 299.307842 -32.802836    12.437     7.086 11 56355.63383819 27.616
 173 299.307611 -32.803397    10.331     7.097 12 56365.54948513 25.352
 174 299.304850 -32.804823     7.121     7.076 11 56375.46513439 28.950
 176 299.299394 -32.806349     7.189     7.248 10 56395.29642369 25.876
 177 299.300708 -32.806971     7.549     7.548 10 56405.21206520 29.567
 178 299.303251 -32.805554    11.326     7.756 11 56415.12770311 28.062
 179 299.306831 -32.802374     7.895     7.841 11 56425.04333588 34.569
 180 299.307015 -32.804952     7.545     7.611 11 56434.95898334 33.226
 181 299.302383 -32.804915     7.638     7.674 11 56444.87463455 27.888
 182 299.299995 -32.806305    23.506    27.664 10 56454.79028393 23.240
 183 299.299355 -32.805628     7.705     7.740 10 56464.70593037 25.810
 184 299.301804 -32.805597     7.651     7.662 11 56474.62157362 29.899
 185 299.304690 -32.804398     8.119     8.073 11 56484.53721333 32.793
 186 299.306886 -32.804608     8.644     8.678 11 56494.45284998 33.982
 187 299.306931 -32.802397     9.193     9.140 11 56504.36848371 43.955
 188 299.310100 -32.803037     8.783     8.763 10 56514.28411656 37.598
 189 299.308276 -32.802525     8.575     8.591 11 56524.19976713 46.721
 190 299.308385 -32.804187     7.850     7.808 11 56534.11541834 33.152
 192 299.305824 -32.804758     7.130     7.077 11 56553.94670947 34.329
 193 299.303778 -32.805133    17.216    17.169 10 56563.86235197 23.622
 194 299.303115 -32.805822    14.071    15.831 11 56573.77799364 23.450
 195 299.304284 -32.804964    12.464    13.546 10 56583.69363298 24.096
 196 299.308727 -32.803995     8.656     7.169 11 56593.60926809 30.195
 197 299.306028 -32.803243    10.521     7.493 11 56603.52492119 26.603
 198 299.304896 -32.805395     7.432     7.434 11 56613.44057084 27.347
 199 299.303042 -32.804799    27.742    29.300 11 56623.35621560 24.887
 200 299.303253 -32.805611     7.237     7.262 11 56633.27185780 31.445
 201 299.305466 -32.804261     7.304     7.314 11 56643.18749492 42.996
 202 299.305392 -32.804856    22.688    21.762 11 56653.10314613 22.719
 203 299.304430 -32.804133     6.715     6.639 11 56663.01879512 27.307
 204 299.303926 -32.805270     6.547     6.556 10 56672.93444194 28.601
 205 299.302229 -32.805683    28.918    28.605 11 56682.85008728 20.430
 206 299.301699 -32.805162    30.381    31.012 11 56692.76573061 22.206
 207 299.303883 -32.804600     9.138     7.276 11 56702.68137016 27.312
 208 299.307229 -32.802913     8.937     7.491 11 56712.59700447 27.583
 209 299.305660 -32.803899     9.010     7.240 11 56722.51265215 26.258
 210 299.302182 -32.805997     6.575     6.526 10 56732.42830382 29.341
 211 299.298871 -32.806357    29.949    30.046 10 56742.34395125 19.079
 212 299.298984 -32.807291     7.541     7.524 10 56752.25959452 30.429
 213 299.301459 -32.805804     7.779     7.746 11 56762.17523204 27.088
 214 299.305836 -32.803232     7.955     7.881 11 56772.09086261 33.454
 215 299.302659 -32.804641     7.688     7.711 11 56782.00651916 27.630
 216 299.299490 -32.805931     8.017     8.048 10 56791.92217308 28.558
 217 299.297447 -32.808387    21.870    21.280 10 56801.83782457 25.666
 218 299.297184 -32.807517    18.118    19.489  9 56811.75346836 25.197
 219 299.299660 -32.807647    21.918    20.775 10 56821.66910856 25.969
 220 299.302398 -32.805010     8.359     8.328 11 56831.58474404 31.979
 221 299.306070 -32.802757     8.666     8.695 11 56841.50037633 34.022
 222 299.307936 -32.802556     9.121     9.058 11 56851.41601379 36.669
 223 299.305313 -32.805305     9.149     9.206 11 56861.33166805 31.712
 224 299.302401 -32.805364     9.166     9.187 10 56871.24732095 33.858
 225 299.301691 -32.806105     8.988     9.004 11 56881.16297119 32.864
 226 299.300996 -32.805565     8.694     8.698 11 56891.07861753 33.973
 227 299.300083 -32.805764     8.414     8.439 10 56900.99426105 31.010
 228 299.298668 -32.806960    13.176     7.795 10 56910.90990291 26.700
 229 299.297993 -32.806044    19.231    18.144 10 56920.82554316 23.901
 230 299.300177 -32.805514    13.329     7.471 10 56930.74118184 23.976
 231 299.304868 -32.804899     7.788     7.789 11 56940.65681600 28.181
 232 299.306928 -32.803381     8.321     8.214 11 56950.57245557 31.900
 233 299.304460 -32.804636     8.061     8.056 10 56960.48810789 29.176
 234 299.301988 -32.804951     7.571     7.641 10 56970.40375485 27.607
 235 299.302341 -32.805642     7.770     7.767 10 56980.31939803 40.785
 236 299.304347 -32.804273     7.278     7.235 11 56990.23503633 29.722
 237 299.309933 -32.803796     7.576     7.585 10 57000.15066871 35.955
 238 299.307593 -32.804055     7.670     7.563 11 57010.06632307 31.594
 239 299.305060 -32.804264     7.663     7.695 10 57019.98197506 28.281
 240 299.302893 -32.804956    19.166    16.878 10 57029.89762445 26.792
 241 299.301687 -32.805598    11.530     8.347 11 57039.81327242 29.220
 242 299.301801 -32.805809    10.020     8.478 11 57049.72891836 30.713
 243 299.303638 -32.805242     8.413     8.419 10 57059.64456033 30.396
 244 299.305645 -32.803943     8.331     8.235 11 57069.56019646 29.353
 245 299.307708 -32.804127     9.719     7.932 11 57079.47582855 29.284
 246 299.306867 -32.803756     8.240     8.098 11 57089.39146642 35.185
 247 299.302224 -32.806152     8.161     8.134 10 57099.30712459 31.184
 248 299.300082 -32.806926     7.994     8.011 10 57109.22277941 43.070
 249 299.300861 -32.806291     8.848     7.184 11 57119.13842871 25.933
 250 299.301691 -32.805134    10.445     7.085 11 57129.05407188 26.498
 251 299.302544 -32.804903     7.083     6.946 11 57138.96970967 27.699
 252 299.303761 -32.804589    17.648    17.405 11 57148.88534401 24.421
 253 299.307471 -32.804760     7.517     7.573 11 57158.80097610 26.933
 254 299.306392 -32.802916     9.306     7.538 11 57168.71662503 25.587
 255 299.305429 -32.804175    19.126    26.428 10 57178.63228125 24.851
 256 299.304358 -32.805007     7.192     7.217 11 57188.54793327 26.588
 257 299.302968 -32.805834     6.799     6.799 10 57198.46358120 29.469
 258 299.301277 -32.805641     9.163     7.381 10 57208.37921497 26.698
 259 299.301461 -32.806254     7.472     7.474 10 57218.29485904 32.230
 260 299.302703 -32.805434     7.825     7.841 10 57228.21050180 31.247
 261 299.304497 -32.804264     8.253     8.214 10 57238.12614235 30.956
 262 299.306098 -32.802974    10.292     8.920 11 57248.04177959 33.877
 263 299.307767 -32.803907     8.778     8.715 11 57257.95741479 36.787
 264 299.307921 -32.803301     8.701     8.653 11 57267.87304863 35.894
 265 299.306651 -32.804912     7.937     7.934 11 57277.78869682 32.368
 266 299.304482 -32.804832     7.530     7.597 11 57287.70435313 27.800
 267 299.303484 -32.804524    17.064    17.639 10 57297.62000675 26.886
 268 299.303514 -32.805252    10.617     7.766 11 57307.53565714 24.108
 269 299.301635 -32.805808    11.995     6.989 11 57317.45130365 23.962
 270 299.299882 -32.806866    26.170    28.444 10 57327.36694679 21.696
 271 299.300158 -32.807185    27.580    29.595 10 57337.28258771 21.746
 272 299.300732 -32.807056     7.388     7.455 10 57347.19823539 28.332
 273 299.302091 -32.806163     8.283     8.270 11 57357.11388203 49.095
 274 299.303343 -32.804950     8.272     8.267 10 57367.02952514 30.743
 275 299.303860 -32.804680     8.687     8.682 11 57376.94516539 32.125
 276 299.304117 -32.804478     9.278     9.291 11 57386.86080411 34.025
 277 299.305505 -32.803968     9.699     9.743 11 57396.77644236 33.661
 278 299.308676 -32.803672     9.837     9.806 11 57406.69207977 33.749
 279 299.307758 -32.804108     9.844     9.869 11 57416.60773135 34.667
 280 299.305410 -32.804832     9.679     9.696 11 57426.52338306 31.586
 281 299.301679 -32.805540     9.353     9.394 10 57436.43903163 31.034
 282 299.299382 -32.807464     9.559     9.578 10 57446.35467859 31.949
 283 299.298145 -32.807222     8.841     8.884 11 57456.27032410 29.328
 284 299.300304 -32.806985    20.547    19.915 10 57466.18596742 27.513
 285 299.304111 -32.804763     9.316     9.267 10 57476.10160655 37.595
 286 299.307036 -32.802714    23.251    26.330 11 57486.01724219 31.938
 287 299.309373 -32.803313     9.544     9.533 11 57495.93287585 33.410
 288 299.310018 -32.803280     9.560     9.622 10 57505.84851039 33.919
 289 299.304945 -32.803488     9.279     9.314 11 57515.76416635 33.056
 290 299.304310 -32.805029     9.017     9.007 10 57525.67982058 32.495
 291 299.304271 -32.804035     8.723     8.788 11 57535.59547195 30.818
 292 299.304327 -32.804624     8.484     8.511 11 57545.51112077 37.447
 293 299.303067 -32.805260     9.864     8.341 11 57555.42676725 30.665
 294 299.301698 -32.805881    23.361    27.735 10 57565.34241200 27.117
 295 299.301338 -32.805981     8.665     8.665 11 57575.25805592 31.106
 296 299.302437 -32.805975     8.471     8.465 11 57585.17369911 28.314
 297 299.303632 -32.804952    18.902    20.177 11 57595.08934002 30.014
