#    5.050  -1.361   2.612 ;Mean Elev.(m), Avg Gradient(m/km), RMS Gradient(m/km) - SRTM1     
#    4.642  -1.467   3.369 ;Mean Elev.(m), Avg Gradient(m/km), RMS Gradient(m/km) - ASTER GDEM
#    5.323  -1.392   2.951 ;Mean Elev.(m), Avg Gradient(m/km), RMS Gradient(m/km) - GMTED2010 
   1 299.334605 -32.852782     5.894     5.806  4 54660.05894161 22.719
   2 299.332937 -32.853331     6.431     6.456  5 54669.97458672 42.993
   3 299.331674 -32.854328     6.378     6.386  6 54679.89023034 40.628
   4 299.331574 -32.853173     6.589     6.600  5 54689.80587276 38.966
   5 299.334615 -32.853050     6.956     7.035  4 54699.72151373 38.373
   6 299.335579 -32.851104     7.213     7.211  4 54709.63715833 41.337
   7 299.333877 -32.851235     7.029     7.036  4 54719.55280987 45.306
   8 299.332072 -32.853172     6.612     6.483  5 54729.46845911 38.236
   9 299.329792 -32.854730     6.438     6.463  6 54739.38410657 39.432
  10 299.329541 -32.857612     6.363     6.243  6 54749.29975420 45.424
  11 299.329027 -32.857845     7.099     7.096  7 54759.21540093 44.739
  12 299.329993 -32.857329     7.020     6.950  6 54769.13104529 44.593
  13 299.330957 -32.854731     7.328     7.349  5 54779.04668590 45.304
  14 299.333139 -32.854763     7.592     7.597  5 54788.96232479 47.442
  15 299.333413 -32.853562     7.699     7.694  5 54798.87796253 42.404
  16 299.333964 -32.852847     7.074     7.052  4 54808.79360076 42.890
  17 299.334679 -32.850600     6.299     6.257  4 54818.70923836 49.398
  18 299.333445 -32.852386     6.255     6.240  5 54828.62489112 37.305
  19 299.331462 -32.855140     5.853     5.881  5 54838.54053114 39.410
  20 299.328504 -32.858071     5.842     5.939  7 54848.45618130 37.938
  21 299.326602 -32.860705     6.175     6.177  6 54858.37183075 37.821
  22 299.325080 -32.860520     6.357     6.283  6 54868.28747952 36.197
  23 299.326251 -32.860780     6.334     6.269  7 54878.20312764 44.436
  24 299.327801 -32.858651     6.671     6.657  7 54888.11877211 44.167
  25 299.329113 -32.858881     7.073     7.093  7 54898.03441357 46.001
  26 299.328359 -32.858982     6.748     6.713  7 54907.95005241 47.915
  27 299.327902 -32.858930     6.505     6.483  7 54917.86569013 40.556
  28 299.329540 -32.859107     6.320     6.279  7 54927.78132818 46.357
  29 299.331012 -32.854909     6.447     6.456  5 54937.69696478 39.074
  30 299.334573 -32.852860     6.033     5.938  4 54947.61260025 42.385
  31 299.337278 -32.850734     5.861     5.877  3 54957.52823520 44.988
  32 299.335062 -32.851256     5.984     5.912  4 54967.44388370 34.035
  33 299.333153 -32.853008     5.993     6.005  4 54977.35953115 32.487
  34 299.331439 -32.853801     5.809     5.865  5 54987.27517822 33.565
  35 299.331613 -32.855074     6.123     6.101  5 54997.19082559 43.438
  36 299.331398 -32.855085     5.878     5.842  6 55007.10647088 45.683
  37 299.330594 -32.854904     6.106     6.030  5 55017.02211391 43.529
  38 299.329859 -32.856365     6.342     6.329  7 55026.93775599 44.801
  39 299.329355 -32.857871     6.934     6.892  6 55036.85339784 44.677
  40 299.329559 -32.855522     7.102     7.043  6 55046.76903830 42.680
  41 299.332411 -32.852383     7.015     7.024  5 55056.68467713 41.876
  42 299.336229 -32.850525     7.042     7.033  3 55066.60031408 52.628
  43 299.334426 -32.850886     7.012     6.993  4 55076.51596419 37.395
  44 299.332020 -32.854411     6.807     6.792  6 55086.43161256 46.482
  45 299.329563 -32.856966     7.149     7.128  7 55096.34725896 41.010
  46 299.329034 -32.857878     7.459     7.446  7 55106.26290470 50.322
  47 299.330194 -32.857360     7.606     7.607  6 55116.17854984 48.384
  48 299.331481 -32.855236     7.484     7.480  6 55126.09419231 50.463
  49 299.331743 -32.852821     7.759     7.770  5 55136.00983222 47.942
  50 299.333090 -32.854574     7.959     7.953  5 55145.92547120 49.811
  51 299.332683 -32.854415     8.503     8.524  5 55155.84110925 44.564
  52 299.332651 -32.853463     8.668     8.667  5 55165.75674758 45.748
  53 299.334164 -32.852870     8.872     8.881  4 55175.67238601 43.231
  54 299.334472 -32.850506     8.773     8.853  4 55185.58802759 40.773
  55 299.332541 -32.853208     9.138     9.116  5 55195.50367978 40.595
  56 299.329474 -32.856335     9.256     9.281  6 55205.41933047 49.974
  57 299.327962 -32.860164     9.347     9.307  6 55215.33498060 42.693
  58 299.326867 -32.860489     9.273     9.235  6 55225.25062928 42.736
  59 299.327586 -32.859069     9.647     9.644  6 55235.16627562 50.641
  60 299.330070 -32.857738     9.680     9.697  7 55245.08191869 40.762
  61 299.329617 -32.854938     9.708     9.642  6 55254.99755834 48.013
  62 299.329378 -32.857320     9.532     9.541  6 55264.91319759 43.870
  63 299.328382 -32.857973     9.302     9.299  7 55274.82883572 44.254
  64 299.329728 -32.857159     8.919     8.915  6 55284.74447325 42.205
  65 299.332617 -32.853374     8.698     8.685  5 55294.66010872 38.643
  66 299.335115 -32.850775     8.607     8.620  4 55304.57574704 43.057
  67 299.334762 -32.852676     8.705     8.701  4 55314.49139496 52.270
  68 299.332278 -32.853058     8.582     8.671  5 55324.40704027 35.540
  69 299.331015 -32.855059     8.528     8.515  6 55334.32268443 37.002
  70 299.329909 -32.855173     8.667     8.652  6 55344.23832776 48.081
  71 299.330581 -32.855317     8.601     8.600  6 55354.15397050 51.219
  72 299.331285 -32.854374     8.235     8.241  6 55364.06961087 41.128
  73 299.332042 -32.854041     8.047     8.059  6 55373.98524968 42.305
  74 299.332138 -32.853103     7.483     7.465  5 55383.90088727 46.094
  75 299.332988 -32.853007     7.066     7.064  4 55393.81652446 41.969
  76 299.334945 -32.851872     6.864     6.846  4 55403.73216159 39.318
  77 299.333772 -32.851286     7.302     7.294  4 55413.64781315 36.947
  78 299.334201 -32.852703     7.126     7.121  5 55423.56346247 33.287
  79 299.333589 -32.853098     6.973     6.885  4 55433.47910880 45.173
  80 299.331480 -32.854375     6.835     6.772  6 55443.39475333 35.695
  81 299.329841 -32.855735     6.626     6.718  6 55453.31039636 37.649
  82 299.329965 -32.856028     6.474     6.468  7 55463.22603840 41.710
  83 299.332539 -32.854888     6.271     6.245  5 55473.14167820 44.386
  84 299.334683 -32.851492     6.439     6.435  4 55483.05731469 41.078
  85 299.336537 -32.849922     6.756     6.701  4 55492.97294948 39.986
  86 299.337785 -32.850296     6.499     6.472  3 55502.88858340 42.889
  87 299.335002 -32.851564     6.628     6.608  3 55512.80423023 40.309
  88 299.333217 -32.854278     6.369     6.424  5 55522.71988071 38.499
  89 299.331594 -32.854839     6.214     6.186  6 55532.63552941 36.891
  90 299.330994 -32.855532     6.222     6.243  5 55542.55117661 35.694
  91 299.329827 -32.855369     7.298     7.302  6 55552.46682152 49.153
  92 299.329278 -32.857290     7.695     7.630  7 55562.38246540 43.830
  93 299.329574 -32.857924     7.250     7.224  6 55572.29810820 42.015
  94 299.330469 -32.856360     7.038     7.071  6 55582.21374916 44.380
  95 299.332053 -32.852978     7.132     7.095  5 55592.12938651 45.234
  96 299.334794 -32.850384     7.682     7.690  4 55602.04502069 42.951
  97 299.337711 -32.850252     7.544     7.540  3 55611.96065339 38.114
  98 299.337811 -32.848501     7.996     7.996  2 55621.87628701 45.520
  99 299.334182 -32.851138     8.132     8.127  4 55631.79194043 44.696
 100 299.333260 -32.853684     8.196     8.258  5 55641.70759202 46.139
 101 299.333303 -32.853888     8.485     8.507  5 55651.62324047 47.294
 102 299.333226 -32.852652     8.591     8.638  4 55661.53888471 46.451
 103 299.332683 -32.852703     8.781     8.882  5 55671.45452576 46.460
 104 299.332188 -32.853313     8.937     8.967  5 55681.37016504 45.996
 105 299.332562 -32.852753     9.038     9.048  5 55691.28580215 52.981
 106 299.334435 -32.852102     8.672     8.744  4 55701.20143754 48.448
 107 299.335659 -32.852140     8.351     8.350  4 55711.11707801 47.909
 108 299.333253 -32.852247     7.818     7.815  5 55721.03272699 50.861
 109 299.331633 -32.853978     7.352     7.378  5 55730.94837433 42.734
 110 299.330699 -32.854813     6.970     6.961  5 55740.86402046 45.903
 111 299.330691 -32.855295     6.918     6.894  6 55750.77966559 44.663
 112 299.331698 -32.854385     7.258     7.256  5 55760.69530835 47.635
 113 299.333181 -32.853126     7.289     7.303  5 55770.61094827 44.352
 114 299.335013 -32.852406     7.429     7.481  4 55780.52658503 49.193
 115 299.335973 -32.850279     7.759     7.752  4 55790.44221868 49.034
 116 299.337614 -32.848918     7.938     7.938  2 55800.35785119 50.474
 117 299.336325 -32.850870     8.277     8.280  4 55810.27349943 52.545
 118 299.335366 -32.851250     8.112     8.087  4 55820.18914782 47.384
 119 299.336040 -32.850480     8.288     8.288  3 55830.10479150 54.851
 120 299.336981 -32.849087     7.729     7.730  3 55840.02043056 52.597
 121 299.337694 -32.849221     7.545     7.545  2 55849.93606705 49.040
 122 299.337833 -32.849092     7.538     7.538  2 55859.85170174 42.013
 123 299.334909 -32.850915     7.905     7.897  4 55869.76735246 50.285
 124 299.333899 -32.852966     7.841     7.889  5 55879.68300439 44.625
 125 299.333732 -32.852961     7.920     7.925  5 55889.59864936 44.714
 126 299.333821 -32.851693     7.644     7.637  4 55899.51428836 43.361
 127 299.335643 -32.851891     7.184     7.202  4 55909.42992283 37.173
 128 299.332620 -32.853732     6.957     6.908  5 55919.34557416 38.644
 129 299.331243 -32.855237     6.707     6.658  5 55929.26122720 38.689
 130 299.331462 -32.854744     6.448     6.514  6 55939.17687619 42.125
 131 299.332291 -32.854326     6.075     6.079  5 55949.09252040 43.302
 132 299.331739 -32.852709    18.678    20.274  5 55959.00815979 24.849
 133 299.331917 -32.853229     6.860     6.801  5 55968.92379748 44.343
 134 299.332736 -32.853111     6.664     6.674  5 55978.83943439 38.786
 135 299.335315 -32.852349     6.318     6.310  4 55988.75507078 39.844
 136 299.336102 -32.850162     6.620     6.663  3 55998.67071240 39.644
 137 299.334789 -32.850985     6.488     6.510  4 56008.58636401 36.569
 138 299.333681 -32.852955     6.497     6.509  4 56018.50201163 42.139
 139 299.331555 -32.854647     6.504     6.477  6 56028.41765589 43.394
 140 299.330734 -32.856882     6.462     6.410  6 56038.33329832 34.001
 141 299.330604 -32.855027     6.827     6.809  5 56048.24893781 41.352
 142 299.333143 -32.854463     7.062     7.146  5 56058.16457489 48.689
 143 299.335577 -32.850022     7.008     7.001  4 56068.08020676 50.889
 144 299.333925 -32.852487     7.025     7.018  5 56077.99585715 49.272
 145 299.331855 -32.855323     6.863     6.928  5 56087.91150569 43.100
 146 299.330652 -32.856349     7.070     7.094  6 56097.82715162 47.831
 147 299.331072 -32.855224     7.349     7.392  6 56107.74279530 49.481
 148 299.332989 -32.853029     7.721     7.755  5 56117.65842459 52.322
 149 299.335109 -32.850215     7.935     7.929  4 56127.57406172 49.951
 150 299.337161 -32.849637     7.666     7.657  3 56137.48969559 45.924
 151 299.334680 -32.850692     7.493     7.429  4 56147.40534110 51.760
 152 299.333297 -32.853779     7.301     7.279  5 56157.32099047 49.250
 153 299.332530 -32.853817     7.047     7.042  5 56167.23663821 51.171
 154 299.333135 -32.852561     6.861     6.915  5 56177.15228321 47.775
 155 299.334737 -32.851661     6.457     6.458  4 56187.06792359 41.806
 156 299.335388 -32.850836     6.478     6.468  4 56196.98356028 45.097
 157 299.335493 -32.850735     6.686     6.672  3 56206.89919439 45.032
 158 299.336086 -32.850533     6.982     6.878  3 56216.81482728 41.736
 159 299.335685 -32.850004     7.125     7.115  4 56226.73046926 47.943
 160 299.334985 -32.852304     6.986     7.037  4 56236.64612504 44.274
 161 299.333595 -32.852555     7.155     7.191  4 56246.56177657 46.492
 162 299.332145 -32.852837     6.481     6.513  5 56256.47742305 38.722
 163 299.331476 -32.854677     6.145     6.139  6 56266.39306606 45.751
 164 299.331074 -32.855148     6.427     6.419  6 56276.30870698 39.804
 165 299.331123 -32.855384     7.194     7.183  5 56286.22435385 46.234
 166 299.331714 -32.854710     7.046     7.063  5 56296.14000380 48.063
 167 299.332432 -32.854307     6.813     6.805  5 56306.05564967 44.842
 168 299.331710 -32.854150     7.201     7.178  5 56315.97129232 46.982
 169 299.330209 -32.854707     6.829     6.874  6 56325.88693351 38.236
 170 299.330677 -32.855701     6.281     6.294  6 56335.80257422 37.588
 171 299.332790 -32.854713     6.147     6.107  5 56345.71821360 34.475
 172 299.335447 -32.851815     6.949     6.951  4 56355.63385029 46.668
 173 299.334545 -32.851181     7.283     7.284  4 56365.54949693 47.151
 174 299.331785 -32.852607     7.604     7.530  5 56375.46514620 49.974
 176 299.329020 -32.858911     7.609     7.621  6 56395.29643668 43.322
 177 299.329658 -32.858339     7.676     7.711  7 56405.21207789 46.354
 178 299.330853 -32.854532     7.855     7.759  6 56415.12771521 46.207
 179 299.334432 -32.851353     7.925     7.916  4 56425.04334798 46.012
 180 299.333946 -32.852737     7.593     7.623  5 56434.95899514 48.798
 181 299.330661 -32.855090     7.550     7.557  5 56444.87464695 47.382
 182 299.328948 -32.857676     7.661     7.676  7 56454.79029663 43.621
 183 299.329657 -32.859390     7.617     7.604  7 56464.70594365 47.353
 184 299.330762 -32.856970     7.677     7.677  6 56474.62158632 49.286
 185 299.332976 -32.854576     8.037     8.083  5 56484.53722572 50.677
 186 299.333826 -32.852398     8.554     8.564  5 56494.45286178 45.760
 187 299.334541 -32.851382     9.138     9.135  4 56504.36849582 51.529
 188 299.336361 -32.849633     8.555     8.555  3 56514.28412807 52.427
 189 299.335882 -32.851510     8.563     8.558  4 56524.19977923 50.622
 190 299.334646 -32.850781     7.878     7.868  4 56534.11542985 46.300
 192 299.332761 -32.852546     6.911     6.870  5 56553.94672127 47.673
 193 299.331387 -32.854116     6.652     6.640  5 56563.86236407 39.693
 194 299.330722 -32.854808     6.591     6.572  6 56573.77800574 39.006
 195 299.331889 -32.853951     6.684     6.670  5 56583.69364508 47.117
 196 299.334986 -32.850593     6.699     6.674  4 56593.60927960 38.117
 197 299.333635 -32.852229     7.365     7.390  4 56603.52493330 43.538
 198 299.331831 -32.853185     7.376     7.353  5 56613.44058265 48.512
 199 299.331323 -32.854977     7.412     7.425  5 56623.35622799 42.105
 200 299.330859 -32.854592     7.417     7.408  6 56633.27186990 48.247
 201 299.333069 -32.853241     7.116     7.049  4 56643.18750702 46.482
 202 299.332323 -32.852639     6.836     6.895  5 56653.10315794 39.891
 203 299.332710 -32.854303     6.667     6.698  5 56663.01880752 43.324
 204 299.331534 -32.854244     6.493     6.483  5 56672.93445404 44.227
 205 299.329836 -32.854658     6.935     6.915  6 56682.85009939 39.405
 206 299.330651 -32.856528     7.455     7.422  6 56692.76574331 44.600
 207 299.332159 -32.854773     7.500     7.435  5 56702.68138256 45.681
 208 299.334833 -32.851892     7.080     7.071  4 56712.59701657 42.533
 209 299.333266 -32.852877     6.864     6.897  4 56722.51266425 39.322
 210 299.330464 -32.856169     6.670     6.613  6 56732.42831621 42.081
 211 299.328498 -32.858917     7.173     7.089  6 56742.34396424 42.247
 212 299.327934 -32.858658     7.701     7.734  7 56752.25960721 50.880
 213 299.330406 -32.857172     7.925     7.901  6 56762.17524474 48.569
 214 299.333436 -32.852210     8.102     8.146  4 56772.09087471 50.891
 215 299.330935 -32.854813     7.890     7.995  5 56782.00653155 48.493
 216 299.329790 -32.859686     8.023     8.030  7 56791.92218636 51.573
 217 299.327077 -32.860948     8.285     8.338  6 56801.83783756 46.545
 218 299.326813 -32.860082     8.247     8.255  7 56811.75348135 46.618
 219 299.328616 -32.859019     8.146     8.174  7 56821.66912125 46.766
 220 299.330681 -32.855188     8.273     8.253  5 56831.58475644 51.203
 221 299.333680 -32.851741     8.473     8.464  4 56841.50038844 47.713
 222 299.335547 -32.851540     8.939     8.934  4 56851.41602589 50.582
 223 299.332250 -32.853094     9.136     9.109  5 56861.33167985 46.010
 224 299.330683 -32.855542     9.198     9.257  6 56871.24733335 51.887
 225 299.329973 -32.856283     9.155     9.178  7 56881.16298359 50.725
 226 299.329952 -32.856938     8.883     8.859  6 56891.07863022 47.922
 227 299.329040 -32.857136     8.607     8.755  7 56900.99427374 48.742
 228 299.328300 -32.859527     8.175     8.195  6 56910.90991590 46.056
 229 299.328297 -32.859808     7.835     7.825  7 56920.82555644 42.189
 230 299.329806 -32.858085     7.619     7.614  6 56930.74119483 44.660
 231 299.331801 -32.852692     7.762     7.829  5 56940.65682780 42.835
 232 299.334534 -32.852369     8.252     8.227  4 56950.57246768 42.106
 233 299.332068 -32.853622     8.037     8.045  5 56960.48811999 43.664
 234 299.330271 -32.855131     8.031     8.063  6 56970.40376725 47.339
 235 299.330623 -32.855819     7.531     7.532  6 56980.31941042 42.888
 236 299.332627 -32.854450     7.517     7.553  5 56990.23504872 41.147
 237 299.336191 -32.850387     7.513     7.512  3 57000.15068022 50.707
 238 299.334524 -32.851839     7.538     7.528  5 57010.06633488 48.382
 239 299.332667 -32.853241     7.599     7.653  5 57019.98198716 49.688
 240 299.331174 -32.855127     7.995     7.977  6 57029.89763685 46.441
 241 299.330641 -32.856964     8.328     8.313  6 57039.81328511 45.976
 242 299.330081 -32.855982     8.525     8.546  7 57049.72893075 44.873
 243 299.331244 -32.854221     8.523     8.560  5 57059.64457243 45.318
 244 299.333251 -32.852923     8.242     8.255  4 57069.56020856 43.799
 245 299.334639 -32.851912     7.919     7.950  5 57079.47584036 40.988
 246 299.334470 -32.852735     8.256     8.243  4 57089.39147852 51.935
 247 299.330501 -32.856325     8.112     8.113  6 57099.30713699 47.847
 248 299.329031 -32.858293     7.997     8.038  7 57109.22279210 49.760
 249 299.329809 -32.857658     7.794     7.807  6 57119.13844140 49.167
 250 299.330640 -32.856500     7.116     7.120  6 57129.05408457 48.437
 251 299.330821 -32.855075     6.777     6.771  5 57138.96972207 49.595
 252 299.332039 -32.854762     7.244     7.257  5 57148.88535641 46.242
 253 299.333729 -32.851351     7.121     7.155  4 57158.80098761 44.278
 254 299.333997 -32.851898     7.099     7.083  4 57168.71663713 46.036
 255 299.333037 -32.853158     7.216     7.233  5 57178.63229335 44.457
 256 299.331969 -32.853990     7.376     7.337  6 57188.54794538 46.566
 257 299.331255 -32.856013     7.481     7.473  6 57198.46359360 45.691
 258 299.329562 -32.855820     7.658     7.656  6 57208.37922737 47.668
 259 299.329745 -32.856433     7.704     7.669  6 57218.29487144 50.291
 260 299.330986 -32.855613     7.907     7.900  6 57228.21051420 49.448
 261 299.332105 -32.853247     8.397     8.447  5 57238.12615445 48.751
 262 299.333705 -32.851957     8.776     8.760  4 57248.04179169 44.620
 263 299.334701 -32.851697     8.729     8.728  5 57257.95742659 51.324
 264 299.335527 -32.852287     8.445     8.437  4 57267.87306074 51.863
 265 299.333583 -32.852704     7.869     7.937  5 57277.78870863 48.240
 266 299.332762 -32.855014     7.270     7.331  5 57287.70436553 43.360
 267 299.331766 -32.854707     7.034     7.041  6 57297.62001915 39.767
 268 299.331125 -32.854240     6.842     6.861  6 57307.53566924 48.501
 269 299.330593 -32.857183     6.956     6.933  6 57317.45131634 45.582
 270 299.328839 -32.858240     7.480     7.610  7 57327.36695949 44.685
 271 299.329114 -32.858558     7.624     7.614  7 57337.28260040 44.436
 272 299.329688 -32.858427     7.703     7.800  7 57347.19824808 48.663
 273 299.329699 -32.855142     8.298     8.294  6 57357.11389413 52.183
 274 299.331626 -32.855122     8.256     8.306  6 57367.02953754 49.946
 275 299.332141 -32.854851     8.630     8.551  5 57376.94517779 47.670
 276 299.332396 -32.854650     9.297     9.333  5 57386.86081650 47.911
 277 299.333108 -32.852947     9.773     9.790  4 57396.77645446 42.627
 278 299.334931 -32.850264     9.717     9.644  4 57406.69209128 46.892
 279 299.334689 -32.851893     9.715     9.743  5 57416.60774316 37.256
 280 299.332342 -32.852617     9.658     9.683  5 57426.52339487 38.935
 281 299.329958 -32.855713     9.579     9.609  6 57436.43904403 46.669
 282 299.328333 -32.858831     9.473     9.497  7 57446.35469129 45.833
 283 299.327767 -32.859783     9.213     9.273  7 57456.27033708 43.059
 284 299.329252 -32.858352     9.061     9.110  7 57466.18598011 36.062
 285 299.331712 -32.853739     9.397     9.385  5 57476.10161866 53.651
 286 299.334638 -32.851690     9.414     9.398  4 57486.01725429 50.883
 287 299.336303 -32.851095     9.429     9.341  3 57495.93288765 36.118
 288 299.336273 -32.849869     9.444     9.502  3 57505.84852191 39.462
 289 299.333221 -32.853663     9.330     9.249  5 57515.76417875 41.815
 290 299.331915 -32.854010     9.056     9.055  5 57525.67983268 50.272
 291 299.332553 -32.854211     8.654     8.696  5 57535.59548434 42.564
 292 299.332612 -32.854800     8.449     8.541  5 57545.51113317 47.929
 293 299.331353 -32.855436     8.381     8.296  5 57555.42677965 44.766
 294 299.329981 -32.856058     8.420     8.435  6 57565.34242439 41.276
 295 299.330293 -32.857354     8.487     8.435  6 57575.25806861 43.730
 296 299.330044 -32.854958     8.453     8.443  6 57585.17371122 40.570
 297 299.331912 -32.855129     8.277     8.338  5 57595.08935242 39.345
