#    4.291  -0.048   1.523 ;Mean Elev.(m), Avg Gradient(m/km), RMS Gradient(m/km) - SRTM1     
#    5.088   0.100   2.455 ;Mean Elev.(m), Avg Gradient(m/km), RMS Gradient(m/km) - ASTER GDEM
#    4.862  -0.060   1.813 ;Mean Elev.(m), Avg Gradient(m/km), RMS Gradient(m/km) - GMTED2010 
   2 299.387582 -32.950078    12.769    13.640  6 54669.97461063 27.791
   3 299.384968 -32.948689     6.284     6.264  7 54679.89025366 29.808
   4 299.385541 -32.948732    13.116    11.775  7 54689.80589638 30.651
   5 299.389258 -32.949807    10.520    10.069  5 54699.72153764 29.207
   6 299.392248 -32.951445     8.067     6.771  4 54709.63718312 30.331
   7 299.389876 -32.950381     6.524     6.463  5 54719.55283437 31.486
   8 299.386727 -32.949926    13.145    14.165  6 54729.46848302 28.265
   9 299.382422 -32.947898    19.874    19.920  8 54739.38412960 27.260
  10 299.380145 -32.947194     9.218     6.613  9 54749.29977633 26.004
  11 299.378953 -32.946231     6.565     6.549  9 54759.21542277 52.879
  12 299.380591 -32.946907    16.721    16.949  9 54769.13106743 25.111
  13 299.383579 -32.947888    15.615    16.831  7 54779.04670893 26.891
  14 299.386439 -32.949112     7.070     7.069  6 54788.96234811 31.951
  15 299.388062 -32.950300    10.595     8.592  6 54798.87798644 30.371
  16 299.388609 -32.949587    14.142    12.971  5 54808.79362467 28.378
  17 299.391344 -32.950926     6.519     6.507  4 54818.70926315 25.951
  18 299.388760 -32.950322    16.089    18.500  5 54828.62491533 22.832
  19 299.384078 -32.948298     5.661     5.642  7 54838.54055417 28.455
  20 299.378421 -32.946452     5.751     5.822  9 54848.45620314 31.469
  21 299.374494 -32.945500    25.578    27.599 11 54858.37185170 24.902
  22 299.372968 -32.945314    22.936    27.574 11 54868.28750048 30.283
  23 299.374815 -32.946765     8.895     5.995 11 54878.20314889 31.452
  24 299.377039 -32.945827    25.151    26.375 10 54888.11879365 23.282
  25 299.379030 -32.947249    10.442    12.997  9 54898.03443542 27.251
  26 299.377603 -32.946156     8.940     6.426 10 54907.95007396 31.539
  27 299.377147 -32.946107    24.179    25.849 10 54917.86571168 22.781
  28 299.379460 -32.947481     6.177     6.154  9 54927.78135002 27.633
  29 299.383630 -32.948063    10.693    11.073  7 54937.69698780 25.017
  30 299.389219 -32.949600     9.430     6.002  5 54947.61262416 26.656
  31 299.393950 -32.951057     5.392     5.359  3 54957.52825999 33.691
  32 299.391060 -32.950385     5.273     5.282  5 54967.44390820 51.024
  33 299.387801 -32.949750    22.245    25.780  5 54977.35955506 22.691
  34 299.385410 -32.949349     8.141     5.987  7 54987.27520183 25.545
  35 299.384232 -32.948233     7.049     6.120  7 54997.19084861 29.311
  36 299.384692 -32.949438     5.809     5.856  7 55007.10649420 46.528
  37 299.383212 -32.948064     5.976     5.999  7 55017.02213693 30.675
  38 299.381803 -32.948333     6.139     6.117  8 55026.93777872 29.785
  39 299.379949 -32.947454    16.677    16.225  9 55036.85341998 28.791
  40 299.381502 -32.947497    15.406    16.608  9 55046.76906103 29.565
  41 299.387054 -32.949138    12.321    14.045  6 55056.68470104 29.231
  42 299.393579 -32.952057     6.756     6.671  4 55066.60033917 30.594
  43 299.391105 -32.951221    11.870     8.209  4 55076.51598899 28.981
  44 299.385326 -32.948773     8.824     9.970  7 55086.43163588 30.825
  45 299.380842 -32.947744    15.716    16.620  9 55096.34728140 28.391
  46 299.378960 -32.946265     6.990     6.976  9 55106.26292654 40.243
  47 299.381469 -32.948133    14.216    14.992  8 55116.17857227 31.292
  48 299.384782 -32.949588     8.713     7.062  7 55126.09421563 28.855
  49 299.386392 -32.949559     8.296     7.215  6 55136.00985613 32.274
  50 299.386390 -32.948924     7.503     7.476  6 55145.92549452 34.501
  51 299.385979 -32.948766     7.906     7.892  6 55155.84113257 34.744
  52 299.387294 -32.950205     8.165     8.201  6 55165.75677149 33.926
  53 299.388805 -32.949614     8.291     8.238  5 55175.67240992 31.723
  54 299.391136 -32.950833     8.266     8.268  4 55185.58805238 33.549
  55 299.387182 -32.949949     8.588     8.594  6 55195.50370369 31.540
  56 299.380739 -32.947104     8.530     8.515  8 55205.41935291 33.803
  57 299.376526 -32.946155     8.571     8.581 10 55215.33500186 35.675
  58 299.375430 -32.946478     8.606     8.608 10 55225.25065053 35.503
  59 299.377500 -32.947441     8.979     8.962 10 55235.16629747 34.853
  60 299.380662 -32.947301     8.963     8.986  8 55245.08194083 29.334
  61 299.382236 -32.948081     9.020     8.983  8 55254.99758137 33.203
  62 299.379973 -32.946882     8.833     8.798  9 55264.91321973 28.827
  63 299.378301 -32.946345     8.518     8.491  9 55274.82885756 29.374
  64 299.380319 -32.946729     8.392     8.368  9 55284.74449539 29.719
  65 299.387259 -32.950112     8.168     8.181  6 55294.66013263 31.869
  66 299.391787 -32.951096     8.165     8.173  4 55304.57577184 34.803
  67 299.390089 -32.950608     8.076     8.082  4 55314.49141916 37.656
  68 299.386928 -32.949797     7.963     7.969  6 55324.40706418 33.458
  69 299.383636 -32.948216     8.016     7.999  8 55334.32270746 27.845
  70 299.382526 -32.948333     7.944     7.956  8 55344.23835078 28.874
  71 299.383198 -32.948475     7.899     7.873  8 55354.15399352 35.841
  72 299.384577 -32.948728     9.343     7.799  7 55364.06963419 25.704
  73 299.386010 -32.949589    23.895    24.514  6 55373.98527330 25.276
  74 299.386780 -32.949849    12.063    12.462  6 55383.90091118 30.993
  75 299.387629 -32.949758    12.724    12.472  5 55393.81654837 26.214
  76 299.390936 -32.951015    12.898    13.504  5 55403.73218609 26.646
  77 299.389768 -32.950430     7.623     6.813  5 55413.64783765 29.602
  78 299.389532 -32.950651    10.688     9.541  5 55423.56348667 26.601
  79 299.388249 -32.949849     8.734     6.620  5 55433.47913271 30.470
  80 299.384789 -32.948737    14.161    14.317  7 55443.39477665 28.403
  81 299.381795 -32.947708    16.883    17.719  9 55453.31041909 31.487
  82 299.381913 -32.948000    21.115    20.875  8 55463.22606113 23.702
  83 299.385837 -32.949246     5.940     5.938  6 55473.14170152 43.958
  84 299.390682 -32.950623    18.258    19.627  5 55483.05733919 30.741
  85 299.393889 -32.951439     6.509     6.446  3 55492.97297457 28.799
  86 299.395135 -32.951815    12.408    12.166  4 55502.88860849 28.201
  87 299.390997 -32.950697    15.314    15.028  4 55512.80425473 24.471
  88 299.386509 -32.948636    16.268    16.608  6 55522.71990403 27.009
  89 299.384886 -32.949198    23.504    21.137  7 55532.63555273 21.844
  90 299.383614 -32.948695    23.589    21.924  7 55542.55119964 28.553
  91 299.382447 -32.948530     9.715    10.596  8 55552.46684454 26.618
  92 299.380546 -32.948060    19.146    18.806  9 55562.38248783 23.824
  93 299.380164 -32.947498    17.352    18.647  9 55572.29813034 27.990
  94 299.381730 -32.947126    24.637    26.227  8 55582.21377160 21.579
  95 299.386689 -32.949711    13.166    13.839  6 55592.12941042 25.832
  96 299.391458 -32.950696    11.023     9.299  4 55602.04504549 28.703
  97 299.395053 -32.951756    14.499    13.978  4 55611.96067848 25.179
  98 299.396501 -32.952396     7.525     7.475  3 55621.87631270 26.003
  99 299.390170 -32.950260     7.818     7.792  5 55631.79196493 28.275
 100 299.387900 -32.950421     7.773     7.778  6 55641.70761593 36.091
 101 299.387946 -32.950626     7.898     7.891  6 55651.62326438 29.074
 102 299.388549 -32.950584     8.003     7.953  6 55661.53890891 28.697
 103 299.387334 -32.949440    16.697    16.810  6 55671.45454967 33.617
 104 299.386837 -32.950050     8.400     8.432  6 55681.37018895 38.372
 105 299.387204 -32.949492     8.276     8.303  6 55691.28582606 40.424
 106 299.390422 -32.951232     8.100     8.055  5 55701.20146204 32.755
 107 299.391645 -32.951269     7.782     7.727  5 55711.11710251 29.345
 108 299.388565 -32.950182     7.389     7.392  5 55721.03275119 45.672
 109 299.385599 -32.949526    10.556     9.995  7 55730.94839794 28.356
 110 299.383317 -32.947975     6.655     6.638  7 55740.86404348 27.996
 111 299.383310 -32.948460     6.674     6.653  8 55750.77968861 27.599
 112 299.384994 -32.948747    16.711    16.715  6 55760.69533167 26.802
 113 299.387831 -32.949877     9.569     9.866  6 55770.61097218 30.528
 114 299.390343 -32.950352     8.458     7.224  4 55780.52660924 30.268
 115 299.392653 -32.950613     7.269     7.282  4 55790.44224347 36.811
 116 299.396318 -32.952834     7.493     7.499  3 55800.35787687 31.162
 117 299.392999 -32.951201     7.586     7.578  4 55810.27352423 42.131
 118 299.392036 -32.951580     7.719     7.725  4 55820.18917261 37.967
 119 299.393384 -32.952002     7.648     7.646  4 55830.10481659 41.302
 120 299.395002 -32.951801     7.288     7.280  3 55840.02045595 34.248
 121 299.395042 -32.950740     7.177     7.175  3 55849.93609214 32.308
 122 299.396530 -32.953001     7.506     7.158  3 55859.85172742 31.036
 123 299.391577 -32.951244     7.474     7.483  4 55869.76737725 31.923
 124 299.389216 -32.950908     7.372     7.368  5 55879.68302859 31.611
 125 299.389048 -32.950903     7.303     7.188  5 55889.59867357 31.671
 126 299.389811 -32.950829     7.166     7.203  5 55899.51431286 31.132
 127 299.391633 -32.951024    12.807    10.891  5 55909.42994733 30.103
 128 299.387259 -32.950473    18.182    18.743  6 55919.34559807 25.980
 129 299.383857 -32.948393    13.905    14.727  7 55929.26125022 25.319
 130 299.384751 -32.949090    19.783    21.399  7 55939.17689951 24.221
 131 299.385581 -32.948667    17.797    18.071  6 55949.09254372 24.372
 132 299.386379 -32.949437    25.534    27.745  6 55959.00818370 25.235
 133 299.386558 -32.949957    19.068    19.228  6 55968.92382139 28.999
 134 299.387376 -32.949842    25.208    28.076  6 55978.83945830 21.841
 135 299.390630 -32.950277     7.832     6.645  4 55988.75509499 25.712
 136 299.393441 -32.951675    25.351    25.594  4 55998.67073749 20.683
 137 299.391457 -32.951304    23.825    25.565  4 56008.58638881 20.350
 138 299.388326 -32.949691     6.319     6.312  5 56018.50203554 27.537
 139 299.384851 -32.948995    12.646    12.730  7 56028.41767920 29.583
 140 299.382004 -32.947648    26.009    29.150  8 56038.33332076 20.265
 141 299.383219 -32.948182     6.533     6.609  7 56048.24896083 42.962
 142 299.386430 -32.948813     7.745     6.504  6 56058.16459821 31.196
 143 299.392234 -32.950345     8.608     8.049  4 56068.08023156 29.900
 144 299.389236 -32.950421     6.570     6.581  5 56077.99588135 32.981
 145 299.384471 -32.948482     6.619     6.636  7 56087.91152871 30.995
 146 299.381920 -32.947122     6.662     6.651  8 56097.82717406 27.449
 147 299.383692 -32.948389     7.759     6.752  8 56107.74281833 30.203
 148 299.387638 -32.949778     7.272     7.280  6 56117.65844849 34.144
 149 299.391785 -32.950549     7.464     7.414  4 56127.57408652 35.749
 150 299.394516 -32.951166     7.157     7.156  4 56137.48972068 33.490
 151 299.391358 -32.951026     6.965     7.060  4 56147.40536589 31.202
 152 299.387948 -32.950529    11.539    11.548  6 56157.32101438 31.338
 153 299.386503 -32.949371     7.819     6.747  7 56167.23666183 29.569
 154 299.388458 -32.950502    15.571    13.394  5 56177.15230741 28.983
 155 299.390736 -32.950794    18.559    16.386  5 56187.06794809 26.056
 156 299.392063 -32.951163     9.792     8.390  4 56196.98358508 25.171
 157 299.392165 -32.951064     6.713     6.783  5 56206.89921918 30.298
 158 299.393429 -32.952060    14.014    12.249  4 56216.81485237 25.011
 159 299.392349 -32.950339     7.503     6.928  4 56226.73049405 27.898
 160 299.390977 -32.951445     6.485     6.455  5 56236.64614954 34.982
 161 299.388914 -32.950500     9.488     9.785  6 56246.56180077 26.337
 162 299.386789 -32.949586    23.738    26.258  6 56256.47744696 23.189
 163 299.384769 -32.949036     6.149     6.182  7 56266.39308938 34.399
 164 299.383689 -32.948309    28.163    28.941  8 56276.30873001 22.316
 165 299.383737 -32.948541     6.847     6.842  7 56286.22437687 27.340
 166 299.384331 -32.947862     6.722     6.725  7 56296.14002682 32.508
 167 299.385726 -32.948649    12.297    11.830  6 56306.05567299 25.701
 168 299.385681 -32.949685    11.271     6.767  7 56315.97131594 28.587
 169 299.382826 -32.947856    28.315    28.633  8 56325.88695654 20.690
 170 299.383292 -32.948854    24.382    26.904  8 56335.80259725 21.555
 171 299.386079 -32.949062    23.874    26.741  6 56345.71823692 21.770
 172 299.391439 -32.950942     6.262     6.129  5 56355.63387479 29.479
 173 299.390540 -32.950307    10.634     9.262  5 56365.54952143 29.549
 174 299.386430 -32.949343     6.770     6.773  6 56375.46517011 34.541
 176 299.378261 -32.946096     7.146     7.197  9 56395.29645823 33.981
 177 299.379571 -32.946718     7.255     7.256  9 56405.21209973 32.872
 178 299.384137 -32.948882    11.260    11.596  7 56415.12773853 30.219
 179 299.390417 -32.950479     7.357     7.373  5 56425.04337248 33.469
 180 299.389259 -32.950669     7.154     7.180  5 56434.95901935 31.525
 181 299.383277 -32.948248     7.179     7.190  7 56444.87466998 30.997
 182 299.378866 -32.946061    11.369     7.167  9 56454.79031847 31.995
 183 299.378904 -32.946582    11.041     7.119 10 56464.70596520 33.983
 184 299.382038 -32.947747     8.186     7.142  8 56474.62160875 33.077
 185 299.386283 -32.948935     7.596     7.580  6 56484.53724904 33.753
 186 299.389158 -32.950340     7.924     7.935  5 56494.45288599 32.124
 187 299.390543 -32.950520     8.426     8.431  5 56504.36852032 53.655
 188 299.393705 -32.951161     8.067     8.123  4 56514.28415316 35.563
 189 299.392549 -32.951842     7.910     7.905  4 56524.19980402 37.600
 190 299.391314 -32.951111     7.301     7.339  4 56534.11545464 33.414
 192 299.387411 -32.949289     6.666     6.658  6 56553.94674518 38.027
 193 299.385360 -32.949669    16.486    14.807  7 56563.86238769 25.170
 194 299.383340 -32.947976    16.555    16.647  8 56573.77802877 23.956
 195 299.385854 -32.949510     9.111     6.544  7 56583.69366870 28.844
 196 299.391650 -32.950930     6.400     6.369  4 56593.60930440 25.686
 197 299.388954 -32.950174    10.842     9.712  6 56603.52495750 31.608
 198 299.386478 -32.949932     6.959     6.912  6 56613.44060656 34.384
 199 299.383942 -32.948139    23.164    21.718  7 56623.35625102 27.188
 200 299.384149 -32.948946     6.812     6.817  7 56633.27189322 35.776
 201 299.387706 -32.949981     6.716     6.719  5 56643.18753093 35.842
 202 299.386961 -32.949374    19.859    19.511  6 56653.10318185 31.043
 203 299.386004 -32.948644     8.815     9.189  6 56663.01883084 29.204
 204 299.385504 -32.949779     9.118     6.306  7 56672.93447765 29.827
 205 299.382453 -32.947807    20.916    21.483  8 56682.85012241 26.947
 206 299.381916 -32.947292    18.274    17.044  8 56692.76576574 27.992
 207 299.385447 -32.949122    12.525    13.739  6 56702.68140588 28.637
 208 299.390822 -32.951019     8.880     6.940  5 56712.59704107 28.710
 209 299.387908 -32.949613    15.198    14.781  5 56722.51268816 24.932
 210 299.381734 -32.946932     6.397     6.397  8 56732.42833865 49.783
 211 299.378416 -32.947292    19.106    19.986 10 56742.34398608 25.416
 212 299.377170 -32.945840    16.653    16.828 10 56752.25962876 29.421
 213 299.381663 -32.947936     7.331     7.319  8 56762.17526717 29.317
 214 299.388739 -32.950140     7.456     7.460  6 56772.09089892 33.344
 215 299.383545 -32.947965    10.727    12.296  7 56782.00655458 28.944
 216 299.379034 -32.946867     7.549     7.570 10 56791.92220791 34.646
 217 299.374973 -32.945744    15.720    16.954 11 56801.83785852 36.915
 218 299.375384 -32.946075    15.466    15.009 11 56811.75350260 36.107
 219 299.377863 -32.946209    15.288    16.236 10 56821.66914280 34.792
 220 299.383305 -32.948352     7.840     7.872  7 56831.58477946 30.785
 221 299.389682 -32.950877     7.911     7.900  5 56841.50041294 32.778
 222 299.391549 -32.950675     8.441     8.444  5 56851.41605039 38.075
 223 299.386900 -32.949841     8.423     8.402  6 56861.33170376 36.836
 224 299.383306 -32.948707     8.777     8.774  8 56871.24735637 48.766
 225 299.381919 -32.948253     8.403     8.399  8 56881.16300632 35.804
 226 299.381224 -32.947711     8.250     8.247  8 56891.07865266 37.179
 227 299.380315 -32.947909     8.097     8.113  9 56900.99429617 32.516
 228 299.377552 -32.946718    13.283    14.688  9 56910.90993745 28.516
 229 299.377548 -32.947002    17.125    17.409 10 56920.82557799 29.846
 230 299.380402 -32.947672    15.196    15.541  9 56930.74121697 26.343
 231 299.386441 -32.949448    11.793    11.471  6 56940.65685171 28.055
 232 299.390527 -32.951512     7.676     7.638  5 56950.57249218 29.245
 233 299.386039 -32.949181    12.516    14.966  7 56960.48814361 27.485
 234 299.382893 -32.948297    10.244    10.721  8 56970.40379027 30.767
 235 299.383245 -32.948983     7.330     7.324  8 56980.31943345 49.751
 236 299.385919 -32.948805     8.311     7.139  6 56990.23507204 26.569
 237 299.393529 -32.951905     7.159     7.103  4 57000.15070531 51.614
 238 299.390514 -32.950963     7.107     7.039  4 57010.06635938 34.307
 239 299.387310 -32.949974    13.808    13.937  6 57019.98201107 28.335
 240 299.383793 -32.948277    15.522    15.611  8 57029.89765988 29.756
 241 299.381910 -32.947728    14.663    14.211  8 57039.81330755 28.312
 242 299.382023 -32.947943     8.019     7.983  8 57049.72895348 28.440
 243 299.385209 -32.949766     7.882     7.881  7 57059.64459605 29.084
 244 299.387891 -32.949663    11.464    12.034  5 57069.56023247 26.191
 245 299.390629 -32.951040    11.457     9.767  4 57079.47586486 26.872
 246 299.389107 -32.949473     7.677     7.655  5 57089.39150243 33.851
 247 299.381762 -32.947091     7.721     7.736  8 57099.30715942 37.693
 248 299.378941 -32.946670    10.984     7.604  9 57109.22281395 27.170
 249 299.380394 -32.947228    13.695    15.670  9 57119.13846354 28.374
 250 299.381901 -32.947263     6.893     6.896  8 57129.05410700 37.574
 251 299.383433 -32.948227     6.813     6.882  7 57138.96974509 29.699
 252 299.385328 -32.949111    15.233    15.311  6 57148.88537973 24.117
 253 299.389716 -32.950482    16.740    15.955  5 57158.80101211 23.512
 254 299.389988 -32.951031    19.643    19.960  5 57168.71666163 23.126
 255 299.387684 -32.949903    14.809    14.479  6 57178.63231726 25.693
 256 299.385946 -32.949542     8.126     6.910  6 57188.54796899 26.739
 257 299.383208 -32.947983     6.964     6.953  7 57198.46361633 28.963
 258 299.381513 -32.947791     7.120     7.107  9 57208.37925010 43.999
 259 299.381019 -32.947209     7.608     7.220  8 57218.29489387 32.721
 260 299.383608 -32.948777     7.432     7.434  8 57228.21053722 36.131
 261 299.386752 -32.949995     7.688     7.710  6 57238.12617836 31.736
 262 299.389700 -32.951093     8.105     8.148  5 57248.04181619 32.150
 263 299.390694 -32.950834     8.157     8.182  4 57257.95745109 35.429
 264 299.390845 -32.950233     7.932     7.918  4 57267.87308494 35.833
 265 299.388899 -32.950653     7.518     7.466  5 57277.78873283 32.168
 266 299.386055 -32.949381     9.202     9.511  6 57287.70438885 28.499
 267 299.385063 -32.949074    10.656    10.478  7 57297.62004247 30.516
 268 299.384424 -32.948606     6.619     6.600  7 57307.53569256 32.191
 269 299.381871 -32.947963    12.487    12.694  8 57317.45133878 31.075
 270 299.378764 -32.946629    16.213    16.292  9 57327.36698133 26.020
 271 299.379036 -32.946944    15.399    14.724  9 57337.28262224 27.460
 272 299.379609 -32.946810     7.254     7.267  9 57347.19826992 32.109
 273 299.382319 -32.948299     7.657     7.670  8 57357.11391716 34.055
 274 299.384923 -32.949468     7.746     7.739  7 57367.02956086 28.404
 275 299.385437 -32.949196     8.069     8.070  6 57376.94520111 30.894
 276 299.385689 -32.948998     8.715     8.787  6 57386.86083982 32.197
 277 299.387746 -32.949686     9.175     9.163  5 57396.77647837 31.175
 278 299.391591 -32.950586     9.106     9.126  4 57406.69211607 32.613
 279 299.390678 -32.951020     9.036     9.014  4 57416.60776766 32.334
 280 299.386983 -32.949355     9.085     9.084  6 57426.52341878 30.998
 281 299.382574 -32.948868     8.787     8.794  8 57436.43906706 30.887
 282 299.377571 -32.946014     9.015     9.001 10 57446.35471284 36.568
 283 299.377002 -32.946966     8.448     8.453 10 57456.27035863 34.643
 284 299.379160 -32.946727     8.445     8.242  9 57466.18600196 26.559
 285 299.385670 -32.949277     8.705     8.669  7 57476.10164227 40.166
 286 299.390624 -32.950809     8.785     8.792  5 57486.01727879 33.032
 287 299.392290 -32.950215     8.822     8.837  4 57495.93291215 30.064
 288 299.393607 -32.951382     8.902     8.897  4 57505.84854700 33.456
 289 299.387859 -32.950403     8.623     8.633  6 57515.76420266 31.504
 290 299.385881 -32.949558     8.334     8.309  7 57525.67985630 32.967
 291 299.385851 -32.948564     8.171     8.248  6 57535.59550766 30.709
 292 299.385916 -32.949154     7.987     8.002  6 57545.51115649 33.035
 293 299.383981 -32.948597     7.793     7.802  7 57555.42680267 41.823
 294 299.381254 -32.946832    15.639    15.218  8 57565.34244683 29.476
 295 299.381563 -32.948128     8.148     8.143  8 57575.25809105 30.429
 296 299.382661 -32.948122     8.817     8.064  8 57585.17373424 30.354
 297 299.384532 -32.948291    11.776    11.388  7 57595.08937544 29.425
