#    4.498  -0.593   0.694 ;Mean Elev.(m), Avg Gradient(m/km), RMS Gradient(m/km) - SRTM1     
#    4.674  -1.814   2.224 ;Mean Elev.(m), Avg Gradient(m/km), RMS Gradient(m/km) - ASTER GDEM
#    4.420  -0.201   1.096 ;Mean Elev.(m), Avg Gradient(m/km), RMS Gradient(m/km) - GMTED2010 
   1 299.451644 -33.059668     5.762     5.740 13 54660.05899275 20.615
   2 299.449814 -33.059923     5.655     5.649 14 54669.97463778 32.939
   3 299.447875 -33.059732     5.645     5.601 14 54679.89028111 34.430
   4 299.448447 -33.059779     5.717     5.706 14 54689.80592383 33.363
   5 299.450811 -33.058469     9.196     8.939 14 54699.72156450 21.750
   6 299.452454 -33.057719     6.118     6.111 13 54709.63720939 26.282
   7 299.450762 -33.057848     5.795     5.815 13 54719.55286094 28.521
   8 299.448972 -33.059778     7.675     5.710 14 54729.46851018 27.546
   9 299.446695 -33.061329     6.326     5.257 13 54739.38415764 32.062
  10 299.445769 -33.063010     5.306     5.343 14 54749.29980497 33.636
  11 299.444570 -33.062045     5.827     5.905 14 54759.21545140 32.393
  12 299.446207 -33.062718    19.382    18.469 14 54769.13109606 24.559
  13 299.447843 -33.061307     9.441     6.379 14 54779.04673697 22.947
  14 299.449351 -33.060140     6.340     6.353 13 54788.96237556 30.777
  15 299.449621 -33.058939     6.503     6.514 13 54798.87801331 27.546
  16 299.450843 -33.059422     5.928     5.967 13 54808.79365182 32.186
  17 299.452221 -33.058376     5.527     5.476 14 54818.70928972 32.450
  18 299.450312 -33.058968     5.329     5.336 14 54828.62494219 28.154
  19 299.447657 -33.060525     4.551     4.596 13 54838.54058191 30.665
  20 299.444027 -33.062258     4.784     4.766 14 54848.45623177 33.595
  21 299.441449 -33.063692     4.831     4.855 14 54858.37188093 26.109
  22 299.441273 -33.065892     6.470     5.256 14 54868.28753030 32.258
  23 299.441767 -33.064951     5.322     5.356 14 54878.20317812 43.822
  24 299.443315 -33.062816     5.186     5.306 14 54888.11882258 32.766
  25 299.444636 -33.063040     6.038     5.932 14 54898.03446405 36.601
  26 299.443888 -33.063140     5.711     5.660 14 54907.95010289 37.119
  27 299.443432 -33.063095     5.311     5.322 14 54917.86574061 31.883
  28 299.445071 -33.063279     5.308     5.316 14 54927.78137866 39.085
  29 299.447889 -33.061477     5.307     5.355 14 54937.69701585 33.648
  30 299.450774 -33.058241     5.148     5.136 14 54947.61265102 33.056
  31 299.453480 -33.056118     4.944     5.008 13 54957.52828597 32.108
  32 299.451945 -33.057835     4.932     4.973 13 54967.44393477 29.730
  33 299.450037 -33.059587     7.005     5.245 13 54977.35958221 24.408
  34 299.448319 -33.060381     5.023     5.093 14 54987.27522928 29.248
  35 299.447815 -33.060460     5.121     5.184 13 54997.19087636 33.532
  36 299.447598 -33.060470     5.250     5.224 14 55007.10652165 36.406
  37 299.447470 -33.061487     5.139     5.139 14 55017.02216497 33.086
  38 299.446061 -33.061758     5.472     5.440 13 55026.93780676 34.531
  39 299.444882 -33.062078     5.794     5.813 13 55036.85344832 37.986
  40 299.445758 -33.060931    13.772    13.672 14 55046.76908908 28.703
  41 299.449287 -33.058990     7.133     6.161 14 55056.68472820 27.567
  42 299.453114 -33.057132     6.140     6.105 14 55066.60036515 28.987
  43 299.451320 -33.057489     5.982     6.084 13 55076.51601526 24.389
  44 299.448246 -33.059816     5.717     5.688 14 55086.43166333 31.314
  45 299.445111 -33.061174    19.739    22.393 14 55096.34730944 20.992
  46 299.444577 -33.062081     6.721     6.770 14 55106.26295518 45.967
  47 299.445734 -33.061557    14.554    13.417 13 55116.17860032 25.436
  48 299.447696 -33.060619     6.448     6.428 14 55126.09424308 26.704
  49 299.448630 -33.059394     6.548     6.541 14 55136.00988328 27.222
  50 299.449303 -33.059951     6.890     6.861 13 55145.92552198 32.038
  51 299.448889 -33.059796     8.571     7.226 13 55155.84116002 29.410
  52 299.449525 -33.060044     7.347     7.400 14 55165.75679865 35.079
  53 299.451034 -33.059454     7.507     7.485 13 55175.67243707 31.157
  54 299.452013 -33.058285     7.585     7.528 14 55185.58807895 30.645
  55 299.449411 -33.059788     7.834     7.846 14 55195.50373085 32.894
  56 299.445669 -33.061717     8.038     8.030 14 55205.41938124 34.232
  57 299.442803 -33.063154     7.955     7.904 14 55215.33503078 32.139
  58 299.441704 -33.063474     8.023     8.007 14 55225.25067946 33.358
  59 299.443778 -33.064432     8.826     8.748 14 55235.16632639 41.572
  60 299.445592 -33.061899     8.378     8.383 14 55245.08196916 30.445
  61 299.446495 -33.061483     8.552     8.559 13 55254.99760941 32.305
  62 299.445586 -33.062673     8.254     8.352 14 55264.91324836 32.212
  63 299.443908 -33.062142     7.939     7.823 14 55274.82888619 32.669
  64 299.445926 -33.062531     7.852     7.818 14 55284.74452402 33.102
  65 299.449490 -33.059946     7.500     7.476 14 55294.66015978 30.086
  66 299.451994 -33.057348     7.492     7.490 13 55304.57579811 31.025
  67 299.450977 -33.058055     7.569     7.577 14 55314.49144573 35.381
  68 299.449168 -33.059632     7.250     7.229 14 55324.40709134 31.567
  69 299.447221 -33.060442     7.209     7.194 14 55334.32273521 27.180
  70 299.446106 -33.060560     7.114     7.142 14 55344.23837853 30.434
  71 299.446778 -33.060702     7.346     7.312 14 55354.15402127 33.870
  72 299.448160 -33.060954     6.972     6.999 13 55364.06966194 26.799
  73 299.448241 -33.059430    10.419     6.835 14 55373.98530045 27.181
  74 299.449010 -33.059694     6.575     6.568 14 55383.90093834 26.165
  75 299.449858 -33.059607     6.205     6.230 13 55393.81657552 27.109
  76 299.451814 -33.058479     6.127     6.114 13 55403.73221265 27.070
  77 299.451328 -33.059088     6.313     6.302 14 55413.64786451 27.369
  78 299.450422 -33.058115     6.576     6.326 13 55423.56351324 25.128
  79 299.450499 -33.059699     5.913     5.899 13 55433.47915987 31.972
  80 299.447713 -33.059780     6.062     6.095 14 55443.39480410 28.914
  81 299.446066 -33.061139     9.575     6.278 14 55453.31044714 30.252
  82 299.446178 -33.061430     5.614     5.600 13 55463.22608917 28.021
  83 299.448749 -33.060284     5.529     5.564 13 55473.14172897 42.551
  84 299.451568 -33.058075     6.349     5.700 13 55483.05736576 29.148
  85 299.453425 -33.056500     5.924     5.929 13 55492.97300054 27.098
  86 299.457380 -33.061651     5.706     5.661  8 55502.88863565 29.714
  87 299.451879 -33.058150     5.743     5.718 14 55512.80428130 30.076
  88 299.449414 -33.059675     6.424     5.563 13 55522.71993149 27.625
  89 299.447791 -33.060238     6.163     5.137 14 55532.63558019 27.568
  90 299.447197 -33.060927    18.991    17.471 13 55542.55122738 27.405
  91 299.446031 -33.060760     6.032     6.086 14 55552.46687229 32.536
  92 299.444803 -33.061480    18.139    19.895 14 55562.38251588 22.883
  93 299.445092 -33.062111     6.298     6.317 13 55572.29815868 29.098
  94 299.446654 -33.061735     5.760     5.790 14 55582.21379994 28.694
  95 299.448911 -33.059540     5.952     5.982 14 55592.12943757 28.695
  96 299.452333 -33.058132    10.097     6.764 14 55602.04507205 22.789
  97 299.455257 -33.057996     6.540     6.544 11 55611.96070475 23.104
  98 299.458736 -33.062218     6.508     6.459  7 55621.87633985 25.300
  99 299.451044 -33.057702     7.017     7.051 13 55631.79199150 32.605
 100 299.449450 -33.059060     7.020     6.995 13 55641.70764279 30.889
 101 299.449500 -33.059267     7.170     7.145 13 55651.62329124 30.687
 102 299.450109 -33.059224     7.277     7.275 13 55661.53893577 27.575
 103 299.449573 -33.059273    21.386    20.858 14 55671.45457683 31.557
 104 299.449075 -33.059884     7.542     7.394 14 55681.37021611 31.662
 105 299.449434 -33.059328     7.684     7.638 14 55691.28585322 34.597
 106 299.451295 -33.058681     7.391     7.401 13 55701.20148861 33.977
 107 299.452516 -33.058719     7.063     7.020 13 55711.11712908 30.075
 108 299.450115 -33.058826     6.695     6.636 14 55721.03277805 35.005
 109 299.448504 -33.060558     6.326     6.369 14 55730.94842540 31.255
 110 299.447576 -33.061398     7.022     6.189 14 55740.86407153 30.066
 111 299.446893 -33.060694     6.154     6.180 14 55750.77971636 30.917
 112 299.448581 -33.060984     6.154     6.193 14 55760.69535942 28.521
 113 299.450070 -33.059728     6.317     6.281 14 55770.61099934 29.192
 114 299.451911 -33.059007     6.465     6.549 13 55780.52663610 28.125
 115 299.452869 -33.056879     6.673     6.709 13 55790.44226974 30.518
 116 299.458568 -33.062679     6.633     6.604  7 55800.35790403 31.546
 117 299.453209 -33.057465     7.121     7.104 13 55810.27355050 35.647
 118 299.452242 -33.057843     7.160     7.160 13 55820.18919888 31.883
 119 299.452913 -33.057068     7.282     7.266 14 55830.10484256 41.777
 120 299.454533 -33.056864     6.706     6.705 13 55840.02048192 33.568
 121 299.457961 -33.061770     6.542     6.587  8 55849.93611959 32.396
 122 299.458773 -33.062839     6.476     6.471  7 55859.85175458 30.164
 123 299.451780 -33.057504     6.835     6.800 13 55869.76740352 31.492
 124 299.450092 -33.058365     6.681     6.652 13 55879.68305516 26.379
 125 299.450601 -33.059555     6.753     6.723 14 55889.59870043 33.225
 126 299.450686 -33.058285     6.583     6.573 13 55899.51433942 27.497
 127 299.452509 -33.058478     6.366     6.365 13 55909.42997389 25.355
 128 299.449486 -33.060311     5.936     6.006 14 55919.34562523 29.999
 129 299.447432 -33.060615     5.533     5.618 13 55929.26127797 28.605
 130 299.447651 -33.060114     5.317     5.396 14 55939.17692697 28.354
 131 299.448483 -33.059687     5.063     4.983 13 55949.09257117 30.721
 132 299.448607 -33.059259    14.679    12.457 14 55959.00821086 23.896
 133 299.448788 -33.059779     5.899     5.899 14 55968.92384855 31.807
 134 299.449604 -33.059669    11.831    12.801 14 55978.83948546 25.260
 135 299.451504 -33.057719     5.616     5.530 14 55988.75512156 27.903
 136 299.453641 -33.057924    10.470    11.716 13 55998.67076376 22.614
 137 299.451660 -33.057555    10.813    11.150 13 56008.58641508 24.793
 138 299.450561 -33.059524     5.243     5.378 13 56018.50206270 30.716
 139 299.447761 -33.060022     5.439     5.556 14 56028.41770666 30.605
 140 299.446262 -33.061063    21.594    20.078 13 56038.33334880 20.948
 141 299.447474 -33.061598     5.926     5.923 14 56048.24898888 33.724
 142 299.449329 -33.059842     5.864     5.893 13 56058.16462566 32.495
 143 299.453103 -33.057792     8.689     6.155 14 56068.08025812 27.548
 144 299.450784 -33.059064     5.979     5.937 14 56077.99590821 35.657
 145 299.448049 -33.060709     5.914     5.927 13 56087.91155646 31.202
 146 299.446852 -33.061741     6.212     6.145 14 56097.82720240 35.439
 147 299.447276 -33.060622     6.573     6.563 14 56107.74284608 31.487
 148 299.449876 -33.059625     6.772     6.729 14 56117.65847565 32.470
 149 299.452675 -33.058009     6.701     6.694 14 56127.57411308 30.197
 150 299.454731 -33.057432     6.608     6.676 13 56137.48974695 30.781
 151 299.451572 -33.057293     6.491     6.538 13 56147.40539216 29.008
 152 299.449511 -33.059183    16.573    16.483 13 56157.32104124 31.149
 153 299.449417 -33.060412     6.194     6.056 14 56167.23668928 32.479
 154 299.450019 -33.059152    12.548    12.996 14 56177.15233427 32.502
 155 299.451622 -33.058247     6.126     6.113 13 56187.06797465 24.921
 156 299.452272 -33.057422     5.991     5.997 13 56196.98361135 28.262
 157 299.452372 -33.057325     6.277     6.238 14 56206.89924545 31.009
 158 299.452957 -33.057130     6.483     6.455 14 56216.81487835 30.486
 159 299.452548 -33.056606     6.408     6.403 13 56226.73052032 29.033
 160 299.451857 -33.058907     6.043     6.007 13 56236.64617611 31.648
 161 299.450471 -33.059155     6.164     6.170 13 56246.56182764 29.840
 162 299.449022 -33.059433    15.500    14.204 14 56256.47747412 22.648
 163 299.447675 -33.060074     5.451     5.456 14 56266.39311683 39.208
 164 299.447267 -33.060539    21.613    25.164 14 56276.30875776 23.663
 165 299.447314 -33.060766     9.937     6.864 13 56286.22440462 27.717
 166 299.447910 -33.060081     5.758     5.918 13 56296.14005457 32.888
 167 299.448634 -33.059669     5.597     5.518 13 56306.05570045 27.546
 168 299.448591 -33.060702     6.334     6.302 14 56315.97134339 37.510
 169 299.447084 -33.061265    20.099    16.364 13 56325.88698458 25.064
 170 299.446870 -33.061073     5.207     5.210 14 56335.80262499 33.319
 171 299.448981 -33.060090    13.459    12.408 13 56345.71826437 24.943
 172 299.452317 -33.058388     5.591     5.710 13 56355.63390136 29.586
 173 299.451421 -33.057752     8.102     6.387 13 56365.54954800 24.042
 174 299.448665 -33.059176     6.323     6.361 14 56375.46519727 28.959
 176 299.443863 -33.061900     6.487     6.523 14 56395.29648686 30.561
 177 299.445171 -33.062523     6.325     6.389 14 56405.21212837 32.044
 178 299.447710 -33.061104     6.692     6.683 13 56415.12776628 25.570
 179 299.451287 -33.057925     6.586     6.505 13 56425.04339904 30.783
 180 299.450810 -33.059309     6.465     6.424 14 56434.95904621 30.502
 181 299.447534 -33.061667     6.675     6.630 14 56444.87469802 33.386
 182 299.444473 -33.061874     6.681     6.638 14 56454.79034710 37.895
 183 299.444515 -33.062398     6.499     6.463 13 56464.70599383 31.656
 184 299.446304 -33.061175     6.807     6.712 13 56474.62163679 31.103
 185 299.449204 -33.059976     7.196     7.209 13 56484.53727650 35.204
 186 299.450729 -33.058992     7.169     7.154 14 56494.45291285 31.216
 187 299.451431 -33.057979     7.699     7.664 13 56504.36854688 35.397
 188 299.453909 -33.057427     7.393     7.375 13 56514.28417943 34.075
 189 299.452753 -33.058107     7.357     7.380 13 56524.19983030 37.142
 190 299.451519 -33.057373     6.752     6.762 13 56534.11548091 31.256
 192 299.449651 -33.059130     6.142     6.093 14 56553.94677234 33.546
 193 299.448273 -33.060707     6.761     6.001 14 56563.86241514 27.907
 194 299.446921 -33.060214     6.786     5.947 14 56573.77805651 26.059
 195 299.448757 -33.060556     5.988     5.962 14 56583.69369615 34.954
 196 299.451849 -33.057200     5.971     5.956 13 56593.60933067 26.050
 197 299.450510 -33.058829     8.261     6.481 13 56603.52498436 25.476
 198 299.448712 -33.059778     6.553     6.498 14 56613.44063371 34.893
 199 299.447525 -33.060370    18.382    16.628 13 56623.35627877 30.058
 200 299.447729 -33.061174     6.195     6.057 13 56633.27192097 33.827
 201 299.449930 -33.059817     6.041     6.055 13 56643.18755809 30.059
 202 299.449187 -33.059204    14.122    12.015 14 56653.10320900 23.518
 203 299.448909 -33.059664     5.645     5.563 13 56663.01885829 33.678
 204 299.448414 -33.060795     5.595     5.609 14 56672.93450510 29.984
 205 299.446710 -33.061215    14.986    13.322 13 56682.85015045 25.855
 206 299.446846 -33.061898    19.103    16.152 14 56692.76579408 33.222
 207 299.448347 -33.060150    18.472    20.143 13 56702.68143333 27.554
 208 299.451696 -33.058465     7.336     6.329 13 56712.59706764 24.906
 209 299.450139 -33.059444    10.353    11.265 13 56722.51271532 24.899
 210 299.446669 -33.061538     5.663     5.512 14 56732.42836698 33.497
 211 299.443345 -33.061898    12.921     9.452 14 56742.34401442 25.889
 212 299.443444 -33.062835     6.569     6.603 14 56752.25965769 34.420
 213 299.445905 -33.061350     6.657     6.596 13 56762.17529521 31.747
 214 299.450278 -33.058778     6.637     6.650 13 56772.09092578 31.658
 215 299.447795 -33.061376     6.298     6.557 14 56782.00658262 30.141
 216 299.444641 -33.062667     7.100     7.044 13 56791.92223654 34.990
 217 299.441935 -33.063936    12.069     7.239 14 56801.83788774 31.572
 218 299.442347 -33.064272    17.601    14.882 14 56811.75353183 28.386
 219 299.444151 -33.063216    12.448     9.807 14 56821.66917173 32.215
 220 299.446893 -33.060585     7.374     7.371 13 56831.58480721 34.858
 221 299.450570 -33.058334     7.183     7.096 13 56841.50043950 31.578
 222 299.452439 -33.058131     7.590     7.545 13 56851.41607696 35.204
 223 299.449140 -33.059685     7.751     7.772 14 56861.33173092 35.084
 224 299.446892 -33.060940     8.344     8.349 14 56871.24738412 49.181
 225 299.446179 -33.061680     7.873     7.787 13 56881.16303436 36.067
 226 299.446162 -33.062330     7.859     7.745 14 56891.07868100 38.440
 227 299.444579 -33.061334     7.761     7.661 14 56900.99432422 39.606
 228 299.443169 -33.062532     6.703     6.694 14 56910.90996608 31.684
 229 299.443840 -33.064014    10.645     7.204 14 56920.82560691 29.971
 230 299.445337 -33.062301     8.884     6.766 13 56930.74124531 28.853
 231 299.448670 -33.059303     6.916     6.873 14 56940.65687887 27.822
 232 299.451407 -33.058978     7.120     7.170 13 56950.57251874 29.564
 233 299.448950 -33.060226     7.117     7.107 14 56960.48817106 27.025
 234 299.446481 -33.060533     6.782     6.758 14 56970.40381802 30.539
 235 299.446831 -33.061215     6.706     6.712 14 56980.31946120 34.124
 236 299.448825 -33.059839     6.499     6.530 13 56990.23509950 27.672
 237 299.453053 -33.056966     6.810     6.771 14 57000.15073129 43.769
 238 299.451391 -33.058407     6.400     6.511 14 57010.06638594 32.817
 239 299.449540 -33.059803     6.717     6.742 14 57019.98203823 32.976
 240 299.447376 -33.060494     9.471     7.194 14 57029.89768762 30.868
 241 299.446168 -33.061141     8.525     7.197 13 57039.81333559 27.711
 242 299.446279 -33.061358     7.281     7.380 13 57049.72898153 29.465
 243 299.448113 -33.060796     7.357     7.268 14 57059.64462350 32.442
 244 299.450119 -33.059499     7.034     6.967 13 57069.56025963 28.963
 245 299.451505 -33.058488     6.872     6.915 14 57079.47589142 28.011
 246 299.451331 -33.059307     7.167     7.196 13 57089.39152959 33.958
 247 299.446686 -33.061700     7.178     7.161 14 57099.30718776 35.717
 248 299.444538 -33.062472     6.617     6.474 14 57109.22284258 33.636
 249 299.445315 -33.061835     9.024     6.353 13 57119.13849188 27.940
 250 299.446826 -33.061869     6.436     6.390 14 57129.05413534 35.951
 251 299.447686 -33.061640     6.089     5.970 14 57138.96977313 35.252
 252 299.448229 -33.060139    11.207     6.538 13 57148.88540718 25.427
 253 299.451267 -33.059126     6.454     6.192 14 57158.80103897 29.321
 254 299.450865 -33.058483     6.595     6.297 13 57168.71668820 25.371
 255 299.449919 -33.059745     6.263     6.269 14 57178.63234442 30.304
 256 299.448862 -33.060580     6.184     6.123 13 57188.54799644 29.449
 257 299.447478 -33.061410     6.385     6.249 14 57198.46364437 32.665
 258 299.445781 -33.061219     6.632     6.607 14 57208.37927814 32.166
 259 299.445959 -33.061832     6.758     6.712 14 57218.29492221 39.024
 260 299.447195 -33.061011     6.882     6.835 14 57228.21056497 36.482
 261 299.448985 -33.059839     7.018     6.905 14 57238.12620552 32.440
 262 299.450581 -33.058549     7.398     7.437 13 57248.04184276 32.190
 263 299.451575 -33.058292     7.402     7.355 14 57257.95747766 33.020
 264 299.451721 -33.057695     7.381     7.450 14 57267.87311151 34.449
 265 299.450451 -33.059312     7.021     7.046 14 57277.78875970 34.193
 266 299.448962 -33.060430     6.471     6.472 13 57287.70441630 28.684
 267 299.447973 -33.060123     6.353     6.328 14 57297.62006992 29.591
 268 299.448014 -33.060847     6.057     6.019 13 57307.53572031 27.421
 269 299.446137 -33.061396    11.633    12.748 13 57317.45136682 26.432
 270 299.444381 -33.062447    19.681    16.011 14 57327.36700996 27.548
 271 299.444649 -33.062759    19.620    15.634 14 57337.28265088 27.019
 272 299.445221 -33.062620     8.621     6.798 14 57347.19829856 30.258
 273 299.446580 -33.061716     7.253     7.224 13 57357.11394520 39.154
 274 299.447833 -33.060493     7.160     7.068 14 57367.02958831 30.800
 275 299.448345 -33.060220     7.413     7.327 13 57376.94522856 30.412
 276 299.448593 -33.060023     8.098     8.063 13 57386.86086728 35.506
 277 299.449971 -33.059521     8.579     8.601 13 57396.77650553 34.023
 278 299.452463 -33.058035     8.792     8.780 14 57406.69214264 35.304
 279 299.451553 -33.058468     8.608     8.581 14 57416.60779423 35.211
 280 299.449211 -33.059190     8.575     8.519 14 57426.52344594 34.020
 281 299.446153 -33.061089     8.267     8.293 14 57436.43909480 36.751
 282 299.443847 -33.063012     8.463     8.434 14 57446.35474176 36.671
 283 299.443273 -33.063962     7.651     7.684 14 57456.27038756 36.941
 284 299.444754 -33.062527     7.500     7.424 14 57466.18603059 30.267
 285 299.448564 -33.060298     8.118     8.094 14 57476.10166972 37.640
 286 299.451494 -33.058247     8.037     7.995 13 57486.01730536 32.764
 287 299.453162 -33.057655     8.335     8.322 14 57495.93293872 35.720
 288 299.453802 -33.057632     8.181     8.213 13 57505.84857327 36.249
 289 299.449406 -33.059045     8.003     7.930 13 57515.76422952 32.932
 290 299.448785 -33.060591     7.813     7.647 14 57525.67988375 37.083
 291 299.448761 -33.059598     7.342     7.220 13 57535.59553512 31.788
 292 299.448833 -33.060188     7.758     7.739 13 57545.51118394 48.445
 293 299.447575 -33.060826     7.273     7.239 13 57555.42683042 34.190
 294 299.446194 -33.061451     9.888     7.195 14 57565.34247517 30.307
 295 299.445822 -33.061554     7.515     7.473 13 57575.25811909 34.517
 296 299.446919 -33.061547     7.247     7.227 13 57585.17376228 33.264
 297 299.448115 -33.060521     8.903     7.150 13 57595.08940319 32.387
