-263454.666    59.869     0.00    2.59
-263164.943    60.053     0.64    2.40
-262875.239    59.997    -0.20    2.68
-262585.553    60.187     0.66    2.69
-262295.884    60.009    -0.61    2.69
-262006.233    60.227     0.75    2.63
-261716.601    60.297     0.24    2.52
-261426.985    60.202    -0.33    2.40
-261137.388    60.189    -0.05    2.57
-260847.809    60.064    -0.43    2.16
-260558.247    59.743    -1.11    2.11
-260268.704    59.726    -0.06    1.88
-259979.178    59.687    -0.14    2.23
-259689.670    59.639    -0.16    2.19
-259400.180    59.457    -0.63    2.18
-259110.707    59.524     0.23    2.12
-258821.253    59.271    -0.88    2.19
-258531.816    59.465     0.67    1.86
-258242.397    59.410    -0.19    1.69
-257952.996    59.632     0.77    1.97
-257663.612    59.452    -0.62    2.00
-257374.247    59.535     0.29    2.15
-257084.899    58.995    -1.87    2.36
-256795.569    58.781    -0.74    2.12
-256506.257    58.428    -1.22    1.92
-256216.962    58.202    -0.78    1.93
-255927.685    58.242     0.14    1.94
-255638.427    58.161    -0.28    1.76
-255349.185    58.104    -0.19    2.10
-255059.962    58.104     0.00    2.22
-254770.756    57.808    -1.02    2.27
-254481.569    57.845     0.13    2.16
-254192.398    57.943     0.34    2.42
-253903.246    57.688    -0.88    2.43
-253614.111    57.442    -0.85    2.23
-253324.995    57.187    -0.88    2.25
-253035.895    57.218     0.11    2.14
-252746.814    57.033    -0.64    2.07
-252457.750    57.187     0.53    2.49
-252168.704    57.256     0.24    2.32
-251879.676    57.187    -0.24    2.55
-251590.666    57.256     0.24    2.58
-251301.673    57.160    -0.33    2.36
-251012.698    56.778    -1.32    2.54
-250723.740    56.715    -0.22    2.54
-250434.801    56.368    -1.20    2.58
-250145.879    56.049    -1.11    2.28
-249856.974    55.639    -1.42    2.24
-249568.088    55.379    -0.90    2.47
-249279.219    55.187    -0.67    2.45
-248990.368    54.935    -0.87    2.51
-248701.534    55.243     1.07    3.37
-248412.718    55.327     0.29    3.49
-248123.920    55.543     0.75    4.19
-247835.140    55.979     1.51    4.16
-247546.377    55.762    -0.75    4.25
-247257.632    55.660    -0.36    4.18
-246968.904    55.530    -0.45    3.51
-246680.194    55.557     0.09    2.84
-246391.502    55.639     0.28    2.84
-246102.828    55.618    -0.07    2.58
-245814.171    55.502    -0.40    2.55
-245525.532    55.523     0.07    2.61
-245236.910    55.216    -1.06    2.88
-244948.306    55.119    -0.34    2.81
-244659.720    54.913    -0.71    2.60
-244371.151    54.903    -0.04    2.47
-244082.600    54.849    -0.19    2.49
-243794.066    55.313     1.61    2.86
-243505.550    55.726     1.43    2.49
-243217.052    55.762     0.13    2.43
-242928.571    55.968     0.71    2.91
-242640.108    56.414     1.55    3.53
-242351.663    56.605     0.67    4.17
-242063.235    56.673     0.23    4.14
-241774.825    56.187    -1.69    4.09
-241486.432    55.886    -1.04    4.13
-241198.057    55.297    -2.04    3.28
-240909.700    54.450    -2.94    2.09
-240621.360    54.217    -0.81    1.89
-240333.037    54.035    -0.63    2.12
-240044.733    53.738    -1.03    2.06
-239756.445    53.484    -0.88    2.08
-239468.176    53.256    -0.79    1.90
-239179.924    53.038    -0.76    1.99
-238891.689    52.680    -1.24    2.38
-238603.472    52.590    -0.31    2.57
-238315.273    52.023    -1.97    2.74
-238027.091    51.764    -0.90    2.82
-237738.927    51.434    -1.15    2.77
-237450.780    50.979    -1.58    2.81
-237162.651    50.743    -0.82    2.51
-236874.539    50.324    -1.46    2.24
-236586.445    50.036    -1.00    2.20
-236298.368    50.033    -0.01    2.27
-236010.309    50.063     0.10    2.41
-235722.267    49.868    -0.68    2.64
-235434.243    49.746    -0.42    2.66
-235146.236    49.595    -0.52    2.67
-234858.247    49.667     0.25    2.64
-234570.276    49.338    -1.14    2.78
-234282.322    49.065    -0.95    2.95
-233994.385    49.092     0.09    2.94
-233706.466    48.984    -0.38    2.92
-233418.564    48.938    -0.16    2.88
-233130.680    49.091     0.53    2.79
-232842.814    48.702    -1.35    2.14
-232554.964    48.470    -0.81    1.99
-232267.133    48.063    -1.41    2.22
-231979.318    48.092     0.10    2.14
-231691.522    48.214     0.42    2.11
-231403.742    48.132    -0.28    1.90
-231115.981    48.160     0.09    1.88
-230828.236    47.868    -1.01    1.92
-230540.509    47.697    -0.60    1.77
-230252.800    47.538    -0.55    1.83
-229965.108    47.060    -1.66    1.89
-229677.433    46.864    -0.68    1.93
-229389.776    46.160    -2.45    2.08
-229102.136    45.681    -1.66    2.21
-228814.514    45.227    -1.58    2.31
-228526.909    44.790    -1.52    2.12
-228239.322    44.488    -1.05    2.27
-227951.752    44.470    -0.07    2.17
-227664.199    44.327    -0.50    2.04
-227376.664    44.297    -0.10    1.95
-227089.146    44.349     0.18    2.02
-226801.646    44.577     0.79    1.99
-226514.163    44.338    -0.83    2.13
-226226.697    44.484     0.51    2.11
-225939.249    44.618     0.47    2.25
-225651.818    44.333    -0.99    2.36
-225364.404    44.260    -0.25    2.42
-225077.008    43.867    -1.37    2.37
-224789.630    43.995     0.45    2.23
-224502.269    43.963    -0.11    2.28
-224214.925    43.993     0.11    2.24
-223927.598    43.957    -0.13    2.18
-223640.289    43.735    -0.77    2.62
-223352.997    43.849     0.40    2.86
-223065.723    43.822    -0.09    2.71
-222778.466    43.840     0.07    2.57
-222491.226    43.911     0.24    2.67
-222204.003    43.993     0.29    2.45
-221916.798    43.924    -0.24    2.13
-221629.611    43.827    -0.34    1.79
-221342.440    43.653    -0.61    1.86
-221055.287    43.735     0.29    1.88
-220768.151    43.754     0.07    1.92
-220481.033    43.757     0.01    2.05
-220193.932    43.995     0.83    2.45
-219906.848    44.132     0.47    3.30
-219619.782    44.470     1.18    3.35
-219332.733    44.845     1.31    3.67
-219045.701    45.062     0.76    3.74
-218758.686    44.502    -1.95    3.22
-218471.689    43.957    -1.90    2.56
-218184.709    43.743    -0.74    2.66
-217897.747    43.768     0.09    2.68
-217610.801    43.571    -0.69    2.72
-217323.873    43.452    -0.42    2.75
-217036.963    43.220    -0.81    2.33
-216750.069    42.854    -1.27    2.07
-216463.193    42.540    -1.09    2.09
-216176.334    42.456    -0.29    2.03
-215889.492    42.215    -0.84    2.00
-215602.668    41.831    -1.34    2.01
-215315.861    41.571    -0.91    1.83
-215029.071    41.653     0.29    1.91
-214742.298    41.625    -0.10    1.97
-214455.543    41.871     0.86    1.92
-214168.805    41.999     0.45    1.92
-213882.084    42.132     0.46    1.97
-213595.380    42.371     0.84    2.05
-213308.694    42.653     0.98    1.99
-213022.025    42.619    -0.12    1.95
-212735.373    42.743     0.43    2.10
-212448.738    42.785     0.15    2.20
-212162.121    42.735    -0.17    2.30
-211875.520    43.035     1.05    2.63
-211588.937    43.131     0.34    2.60
-211302.371    43.077    -0.19    2.54
-211015.823    43.216     0.49    2.65
-210729.291    43.245     0.10    2.83
-210442.777    43.242    -0.01    3.15
-210156.280    43.078    -0.57    3.09
-209869.800    42.673    -1.41    2.94
-209583.338    42.498    -0.61    2.41
-209296.892    42.310    -0.66    2.24
-209010.464    42.363     0.19    2.48
-208724.053    42.675     1.09    2.95
-208437.659    42.935     0.91    3.70
-208151.282    42.709    -0.79    3.73
-207864.923    42.521    -0.66    3.90
-207578.580    42.254    -0.93    3.78
-207292.255    42.174    -0.28    3.44
-207005.947    42.009    -0.58    3.32
-206718.037    41.313    -2.42    2.97
-206428.001    41.187    -0.43    2.31
-206137.982    41.367     0.62    2.28
-205847.981    41.434     0.23    2.29
-205557.998    41.709     0.95    2.89
-205268.032    41.653    -0.19    2.80
-204978.084    41.516    -0.47    2.88
-204688.154    41.335    -0.62    2.82
-204398.241    41.160    -0.60    2.45
-204108.347    40.681    -1.65    2.25
-203818.469    40.310    -1.28    2.27
-203528.610    40.247    -0.22    2.20
-203238.768    40.174    -0.25    2.22
-202948.944    40.011    -0.56    2.55
-202659.137    39.872    -0.48    2.27
-202369.348    40.119     0.85    2.21
-202079.577    40.051    -0.23    2.10
-201789.823    39.979    -0.25    2.31
-201500.087    40.146     0.58    2.12
-201210.369    39.927    -0.76    2.13
-200920.668    40.090     0.56    1.85
-200630.985    40.105     0.05    1.95
-200341.320    40.132     0.09    2.31
-200051.672    40.452     1.10    2.32
-199762.042    40.465     0.05    2.41
-199472.429    40.674     0.72    2.39
-199182.834    40.776     0.35    2.50
-198893.257    41.102     1.13    2.57
-198603.697    41.299     0.68    2.24
-198314.155    41.493     0.67    2.18
-198024.631    41.790     1.02    2.13
-197735.124    41.982     0.66    2.14
-197445.635    42.009     0.09    2.08
-197156.163    42.216     0.72    2.04
-196866.709    42.217     0.00    2.09
-196577.272    42.368     0.52    2.08
-196287.853    42.595     0.78    2.08
-195998.452    42.569    -0.09    2.09
-195709.068    42.484    -0.29    2.28
-195419.702    42.538     0.19    2.36
-195130.353    42.687     0.51    2.25
-194841.022    42.876     0.65    2.32
-194551.708    42.695    -0.62    2.42
-194262.412    42.705     0.03    2.45
-193973.134    42.749     0.15    2.32
-193683.873    42.952     0.70    2.19
-193394.629    42.903    -0.17    2.21
-193105.403    43.187     0.98    2.10
-192816.195    43.283     0.33    1.88
-192527.004    43.200    -0.29    1.94
-192237.831    43.242     0.14    1.87
-191948.675    43.257     0.05    1.90
-191659.537    43.190    -0.23    1.90
-191370.416    43.202     0.04    1.82
-191081.313    43.007    -0.68    1.74
-190792.227    42.993    -0.05    1.69
-190503.159    42.849    -0.50    1.66
-190214.109    42.639    -0.73    1.63
-189925.075    42.526    -0.39    1.52
-189636.060    42.202    -1.12    1.52
-189347.062    42.132    -0.24    1.57
-189058.081    42.276     0.50    1.77
-188769.118    42.291     0.05    1.73
-188480.172    42.693     1.39    2.17
-188191.244    42.530    -0.56    2.34
-187902.333    42.511    -0.06    2.40
-187613.439    42.214    -1.03    2.48
-187324.564    42.035    -0.62    2.51
-187035.705    41.572    -1.60    2.67
-186746.864    41.297    -0.95    2.59
-186458.041    40.530    -2.66    1.80
-186169.235    40.414    -0.40    1.59
-185880.446    40.571     0.54    1.56
-185591.675    40.771     0.69    1.48
-185302.921    41.214     1.53    1.50
-185014.185    41.749     1.85    1.66
-184725.466    42.132     1.33    1.64
-184436.765    42.572     1.53    1.46
-184148.081    42.729     0.54    1.48
-183859.414    42.864     0.47    1.41
-183570.765    43.021     0.54    1.56
-183282.133    43.146     0.43    1.45
-182993.519    43.078    -0.24    1.41
-182704.922    43.229     0.53    1.47
-182416.343    43.357     0.44    1.49
-182127.781    43.618     0.90    1.77
-181839.236    43.566    -0.18    1.79
-181550.709    43.610     0.15    1.67
-181262.199    43.639     0.10    1.70
-180973.706    43.723     0.29    1.68
-180685.231    43.714    -0.03    1.59
-180396.773    43.941     0.79    1.46
-180108.333    44.050     0.38    1.12
-179819.910    44.007    -0.15    1.04
-179531.504    44.146     0.48    1.10
-179243.116    43.979    -0.58    1.16
-178954.745    44.043     0.22    1.20
-178666.391    44.315     0.94    1.90
-178378.055    44.530     0.74    2.20
-178089.736    44.457    -0.25    2.18
-177801.435    44.479     0.08    2.13
-177513.150    44.434    -0.16    2.12
-177224.884    44.160    -0.95    1.75
-176936.634    44.036    -0.43    1.66
-176648.402    43.762    -0.95    1.31
-176360.187    43.558    -0.71    1.26
-176071.990    43.382    -0.61    1.17
-175783.809    43.403     0.07    1.24
-175495.647    43.376    -0.09    1.24
-175207.501    43.646     0.94    1.30
-174919.373    43.849     0.70    1.41
-174631.262    44.403     1.92    2.12
-174343.168    45.045     2.23    3.20
-174055.092    45.299     0.88    3.85
-173767.033    45.432     0.46    3.94
-173478.991    45.202    -0.80    4.03
-173190.967    44.762    -1.53    4.09
-172902.959    43.840    -3.20    3.02
-172614.969    43.063    -2.70    1.96
-172326.997    42.826    -0.82    2.16
-172039.041    42.389    -1.52    2.17
-171751.103    41.984    -1.41    2.27
-171463.183    41.702    -0.98    2.17
-171175.279    41.371    -1.15    1.67
-170887.393    41.188    -0.64    1.44
-170599.524    40.984    -0.71    1.12
-170311.672    41.050     0.23    1.12
-170023.837    41.160     0.38    1.02
-169736.020    41.118    -0.14    1.05
-169448.220    40.952    -0.58    0.97
-169160.437    40.778    -0.60    1.16
-168872.672    40.735    -0.15    1.47
-168584.924    40.840     0.37    1.61
-168297.192    40.968     0.44    1.89
-168009.479    40.743    -0.78    1.87
-167721.782    40.749     0.02    2.44
-167434.102    40.475    -0.95    2.43
-167146.440    40.271    -0.71    2.61
-166858.795    39.695    -2.00    2.60
-166571.167    39.146    -1.91    2.59
-166283.557    38.717    -1.49    2.39
-165995.963    38.077    -2.23    2.13
-165708.387    37.554    -1.82    2.11
-165420.828    36.749    -2.80    1.68
-165133.286    36.132    -2.14    1.30
-164845.762    35.827    -1.06    1.20
-164558.254    35.526    -1.04    1.07
-164270.764    35.456    -0.24    1.12
-163983.291    35.352    -0.36    1.09
-163695.835    35.363     0.04    1.07
-163408.396    35.749     1.34    1.30
-163120.975    36.062     1.09    1.45
-162833.570    36.475     1.44    1.51
-162546.183    36.886     1.43    1.65
-162258.813    37.688     2.79    2.06
-161971.460    38.299     2.13    1.85
-161684.124    38.738     1.53    1.90
-161396.806    39.032     1.02    1.86
-161109.504    39.470     1.52    2.00
-160822.220    39.743     0.95    1.60
-160534.952    39.899     0.54    1.51
-160247.702    40.173     0.95    1.48
-159960.469    40.434     0.91    1.46
-159673.253    40.660     0.79    1.44
-159386.055    40.868     0.73    1.27
-159098.873    40.993     0.44    1.26
-158811.709    41.146     0.53    1.26
-158524.561    41.278     0.46    1.29
-158237.431    41.400     0.42    1.25
-157950.318    41.598     0.69    1.16
-157663.221    41.781     0.64    1.32
-157376.142    42.327     1.90    1.66
-157089.081    42.612     0.99    1.69
-156802.036    43.174     1.96    1.79
-156515.008    43.396     0.77    1.70
-156227.997    43.488     0.32    1.53
-155941.004    43.690     0.70    1.45
-155654.027    43.554    -0.47    1.55
-155367.068    43.365    -0.66    1.35
-155080.125    43.214    -0.53    1.29
-154793.200    43.119    -0.33    1.29
-154506.292    43.009    -0.38    1.38
-154219.401    43.005    -0.01    1.25
-153932.526    42.975    -0.11    1.33
-153645.669    42.882    -0.32    1.36
-153358.829    42.793    -0.31    1.41
-153072.006    42.717    -0.26    1.57
-152785.200    42.434    -0.99    1.78
-152498.411    42.285    -0.52    1.82
-152211.639    41.886    -1.39    1.85
-151924.884    41.667    -0.76    1.76
-151638.147    41.554    -0.39    1.73
-151351.426    41.090    -1.62    1.72
-151064.722    40.554    -1.87    1.74
-150778.035    40.305    -0.87    1.80
-150491.365    39.450    -2.98    1.90
-150204.713    39.035    -1.45    1.79
-149918.077    38.702    -1.16    1.58
-149631.458    38.578    -0.43    1.42
-149344.856    38.639     0.21    1.52
-149058.271    38.831     0.67    1.58
-148771.704    38.979     0.52    1.56
-148485.153    39.484     1.76    1.51
-148198.619    39.702     0.76    1.40
-147912.102    39.925     0.78    1.33
-147625.602    40.063     0.48    1.26
-147339.119    40.146     0.29    1.24
-147052.653    40.349     0.71    1.23
-146766.204    40.521     0.60    1.22
-146479.772    40.604     0.29    1.24
-146193.357    40.896     1.02    1.22
-145906.959    41.104     0.73    1.19
-145620.578    41.338     0.82    1.20
-145334.214    41.646     1.08    1.26
-145047.867    42.174     1.84    1.40
-144761.536    42.604     1.50    1.39
-144471.747    43.011     1.40    1.17
-144181.721    43.343     1.15    1.21
-143891.714    43.530     0.64    1.20
-143601.724    43.674     0.50    1.20
-143311.751    43.785     0.38    1.26
-143021.796    44.063     0.96    1.46
-142731.858    44.146     0.29    1.46
-142441.938    44.035    -0.38    1.47
-142152.035    43.886    -0.51    1.53
-141862.149    43.497    -1.34    1.72
-141572.281    43.021    -1.64    1.81
-141282.431    42.535    -1.68    1.64
-140992.598    41.925    -2.10    1.60
-140702.782    41.460    -1.61    1.56
-140412.984    41.160    -1.04    1.43
-140123.203    41.368     0.72    1.59
-139833.440    41.702     1.15    1.80
-139543.694    42.049     1.20    1.88
-139253.965    42.543     1.71    1.97
-138964.254    43.062     1.79    1.84
-138674.560    43.385     1.12    1.60
-138384.884    43.381    -0.01    1.55
-138095.225    43.233    -0.51    1.49
-137805.583    43.091    -0.49    1.57
-137515.959    42.715    -1.30    1.40
-137226.352    42.612    -0.36    1.61
-136936.763    42.064    -1.89    1.61
-136647.191    41.597    -1.61    1.75
-136357.636    40.860    -2.54    1.38
-136068.099    40.400    -1.59    1.47
-135778.579    39.958    -1.53    1.52
-135489.077    39.532    -1.47    1.35
-135199.591    39.227    -1.05    1.73
-134910.124    39.050    -0.61    2.06
-134620.673    38.646    -1.40    2.14
-134331.240    38.335    -1.07    2.14
-134041.824    37.949    -1.34    1.28
-133752.426    37.999     0.17    1.21
-133463.045    38.174     0.60    1.29
-133173.681    38.246     0.25    1.37
-132884.335    38.343     0.34    1.39
-132595.006    38.502     0.55    1.45
-132305.694    38.762     0.90    1.45
-132016.400    38.965     0.70    1.53
-131727.123    39.188     0.77    1.76
-131437.863    39.303     0.40    1.68
-131148.620    39.455     0.52    1.66
-130859.395    39.653     0.69    1.58
-130570.188    39.813     0.55    1.38
-130280.997    39.982     0.58    1.25
-129991.824    40.160     0.62    1.46
-129702.668    40.368     0.72    1.53
-129413.529    40.521     0.53    1.60
-129124.408    40.794     0.94    1.51
-128835.304    40.979     0.64    1.50
-128546.217    41.220     0.83    1.52
-128257.147    41.428     0.72    1.47
-127968.095    41.646     0.76    1.36
-127679.060    41.808     0.56    1.21
-127390.043    41.845     0.13    1.16
-127101.042    42.007     0.56    1.04
-126812.059    42.220     0.74    1.08
-126523.093    42.530     1.07    1.36
-126234.144    42.785     0.88    1.60
-125945.213    43.028     0.84    1.73
-125656.299    43.310     0.98    1.77
-125367.402    43.618     1.07    1.65
-125078.522    43.714     0.33    1.63
-124789.660    43.799     0.30    1.47
-124500.814    43.681    -0.41    1.26
-124211.986    43.455    -0.78    1.11
-123923.176    43.590     0.47    1.06
-123634.382    43.660     0.24    1.63
-123345.606    43.554    -0.37    1.61
-123056.847    43.924     1.28    1.94
-122768.105    43.949     0.09    1.95
-122479.380    43.849    -0.35    1.60
-122190.673    43.723    -0.43    1.66
-121901.982    43.625    -0.34    1.68
-121613.309    43.308    -1.10    1.27
-121324.653    43.090    -0.75    1.15
-121036.015    43.033    -0.20    1.15
-120747.393    42.924    -0.38    1.13
-120458.789    42.878    -0.16    1.07
-120170.201    42.882     0.01    1.10
-119881.631    42.695    -0.65    1.05
-119593.079    42.667    -0.10    1.07
-119304.543    42.604    -0.22    1.13
-119016.024    42.411    -0.67    1.13
-118727.523    42.329    -0.28    1.16
-118439.039    42.146    -0.63    1.05
-118150.572    42.187     0.14    1.12
-117862.122    42.256     0.24    1.15
-117573.689    42.438     0.63    1.16
-117285.274    42.540     0.36    1.15
-116996.875    42.575     0.12    1.12
-116708.494    42.577     0.01    1.11
-116420.130    42.631     0.19    1.03
-116131.783    42.646     0.05    0.96
-115843.453    42.625    -0.07    1.30
-115555.140    42.700     0.26    1.28
-115266.844    42.549    -0.52    1.32
-114978.565    42.557     0.03    1.33
-114690.304    42.590     0.12    1.38
-114402.060    42.711     0.42    1.38
-114113.832    42.785     0.26    1.31
-113825.622    42.675    -0.38    1.03
-113537.429    42.540    -0.47    1.16
-113249.253    42.700     0.55    1.25
-112961.094    42.876     0.61    1.60
-112672.952    42.675    -0.70    1.65
-112384.828    43.146     1.64    2.54
-112096.720    43.262     0.40    2.62
-111808.630    43.074    -0.65    2.70
-111520.556    42.813    -0.91    1.66
-111232.500    42.566    -0.86    1.67
-110944.460    42.428    -0.48    1.22
-110656.438    42.475     0.16    1.17
-110368.433    42.470    -0.02    1.11
-110080.445    42.521     0.18    1.18
-109792.473    42.660     0.48    1.11
-109504.519    42.479    -0.63    1.16
-109216.582    42.363    -0.40    1.22
-108928.662    42.245    -0.41    1.22
-108640.759    42.188    -0.20    1.24
-108352.873    42.215     0.09    1.27
-108065.005    42.324     0.38    1.48
-107777.153    42.256    -0.24    1.46
-107489.318    42.271     0.05    1.42
-107201.500    42.757     1.69    1.89
-106913.699    42.734    -0.08    1.94
-106625.915    42.726    -0.03    1.95
-106338.149    42.822     0.33    1.99
-106050.399    42.597    -0.78    2.06
-105762.666    42.438    -0.55    2.33
-105474.950    42.091    -1.20    2.22
-105187.252    41.790    -1.05    2.28
-104899.570    41.371    -1.45    2.16
-104611.905    41.202    -0.59    2.12
-104324.257    40.793    -1.42    2.31
-104036.626    40.479    -1.09    2.45
-103749.012    40.512     0.11    2.77
-103461.415    40.259    -0.88    2.92
-103173.836    39.766    -1.71    2.77
-102886.273    39.708    -0.20    2.54
-102598.727    39.882     0.61    2.71
-102311.198    40.343     1.60    2.71
-102023.686    40.752     1.42    2.57
-101736.190    41.470     2.50    2.43
-101448.712    41.987     1.80    2.23
-101161.251    42.216     0.80    2.15
-100873.807    42.301     0.29    2.33
-100586.379    42.315     0.05    2.48
-100298.969    42.064    -0.87    2.52
-100011.576    41.878    -0.65    2.52
 -99724.199    41.554    -1.13    2.52
 -99436.839    41.259    -1.03    2.46
 -99149.497    41.278     0.07    3.02
 -98862.171    41.132    -0.51    3.00
 -98574.862    40.868    -0.92    2.98
 -98287.570    40.667    -0.70    3.09
 -98000.295    40.766     0.34    3.24
 -97713.037    40.639    -0.44    2.47
 -97425.796    40.681     0.15    2.56
 -97138.571    40.681     0.00    2.20
 -96851.364    40.526    -0.54    2.09
 -96564.174    40.308    -0.76    1.88
 -96277.000    39.972    -1.17    2.06
 -95989.843    39.146    -2.88    2.21
 -95702.703    38.428    -2.50    2.39
 -95415.580    37.329    -3.83    2.28
 -95128.474    36.119    -4.22    2.44
 -94841.385    35.327    -2.76    2.58
 -94554.312    34.188    -3.97    2.66
 -94267.257    33.104    -3.78    2.53
 -93980.218    32.058    -3.64    2.39
 -93693.196    31.407    -2.27    2.31
 -93406.191    30.785    -2.17    2.33
 -93119.203    30.273    -1.78    2.19
 -92832.232    30.019    -0.88    2.04
 -92545.278    29.776    -0.85    1.98
 -92258.340    29.949     0.60    1.91
 -91971.419    29.963     0.05    1.99
 -91684.515    30.357     1.37    2.03
 -91397.628    30.881     1.83    2.20
 -91110.758    31.450     1.98    2.47
 -90823.905    32.132     2.38    2.51
 -90537.068    32.892     2.65    2.43
 -90250.248    33.554     2.31    2.38
 -89963.445    34.269     2.49    2.10
 -89676.659    34.903     2.21    1.93
 -89389.890    35.723     2.86    2.16
 -89103.137    36.301     2.01    2.00
 -88816.401    36.822     1.82    1.80
 -88529.682    37.305     1.68    1.69
 -88242.980    37.611     1.07    1.65
 -87956.295    37.695     0.29    1.80
 -87669.626    37.583    -0.39    1.74
 -87382.974    37.188    -1.38    2.19
 -87096.339    36.743    -1.55    2.31
 -86809.721    36.438    -1.07    2.35
 -86523.119    36.090    -1.21    2.22
 -86236.535    36.014    -0.27    2.11
 -85949.967    36.218     0.71    2.44
 -85663.415    36.808     2.06    2.74
 -85376.881    37.301     1.72    2.75
 -85090.363    37.991     2.41    2.60
 -84803.862    38.667     2.36    2.39
 -84517.378    39.242     2.01    2.35
 -84230.911    39.667     1.48    2.18
 -83944.460    40.301     2.21    2.05
 -83658.026    40.911     2.13    2.09
 -83371.609    41.597     2.40    2.02
 -83085.208    42.260     2.32    1.88
 -82798.824    42.653     1.37    1.71
 -82510.821    43.077     1.47    1.52
 -82220.807    43.442     1.26    1.40
 -81930.811    43.438    -0.01    1.34
 -81640.832    43.475     0.13    1.25
 -81350.870    43.434    -0.14    1.30
 -81060.926    43.293    -0.48    1.45
 -80770.999    42.907    -1.33    1.57
 -80481.088    42.526    -1.31    1.57
 -80191.196    42.281    -0.85    1.52
 -79901.320    42.132    -0.51    1.58
 -79611.462    42.063    -0.24    1.63
 -79321.620    42.017    -0.16    1.56
 -79031.796    42.173     0.54    1.67
 -78741.989    42.257     0.29    1.52
 -78452.200    42.308     0.17    1.46
 -78162.427    42.365     0.20    1.25
 -77872.672    42.368     0.01    1.25
 -77582.934    42.295    -0.25    1.44
 -77293.213    42.297     0.01    2.03
 -77003.510    42.062    -0.81    2.03
 -76713.823    41.940    -0.42    1.90
 -76424.154    41.872    -0.24    2.12
 -76134.502    41.889     0.06    2.03
 -75844.867    41.611    -0.96    1.97
 -75555.249    41.479    -0.45    1.99
 -75265.648    41.132    -1.20    1.50
 -74976.064    41.189     0.20    1.56
 -74686.498    40.780    -1.41    1.46
 -74396.949    40.813     0.11    1.45
 -74107.417    40.617    -0.68    1.56
 -73817.902    40.583    -0.12    1.51
 -73528.404    40.400    -0.63    1.52
 -73238.923    40.132    -0.92    1.74
 -72949.460    39.694    -1.51    1.62
 -72660.013    39.188    -1.75    1.56
 -72370.584    38.729    -1.58    1.30
 -72081.172    38.329    -1.38    1.29
 -71791.777    37.740    -2.04    1.35
 -71502.399    37.204    -1.85    1.50
 -71213.038    36.447    -2.61    1.54
 -70923.694    35.903    -1.88    1.56
 -70634.367    35.324    -2.00    1.44
 -70345.058    34.831    -1.70    1.34
 -70055.765    34.540    -1.00    1.20
 -69766.490    34.247    -1.01    1.27
 -69477.232    34.104    -0.49    1.27
 -69187.991    33.958    -0.51    1.25
 -68898.766    33.709    -0.86    1.38
 -68609.559    33.379    -1.14    1.41
 -68320.369    32.854    -1.81    1.79
 -68031.196    32.146    -2.45    1.92
 -67742.041    31.243    -3.12    2.12
 -67452.902    30.407    -2.89    2.09
 -67163.780    29.661    -2.58    1.91
 -66874.676    29.360    -1.04    1.84
 -66585.588    29.231    -0.45    1.84
 -66296.517    29.257     0.09    1.83
 -66007.464    29.618     1.25    2.34
 -65718.427    29.827     0.72    2.26
 -65429.408    29.738    -0.31    2.31
 -65140.406    29.188    -1.90    2.71
 -64851.420    28.837    -1.21    2.78
 -64562.452    28.523    -1.09    2.74
 -64273.501    28.752     0.79    2.78
 -63984.566    28.932     0.62    2.53
 -63695.649    29.709     2.69    2.66
 -63406.749    30.799     3.77    2.37
 -63117.865    31.583     2.71    1.92
 -62828.999    32.175     2.05    1.60
 -62540.150    32.530     1.23    1.49
 -62251.318    32.749     0.76    1.34
 -61962.502    33.104     1.23    1.21
 -61673.704    33.327     0.77    1.10
 -61384.923    33.443     0.40    1.13
 -61096.159    33.667     0.78    1.00
 -60807.411    33.590    -0.27    1.07
 -60518.681    33.332    -0.90    1.21
 -60229.968    33.009    -1.12    1.43
 -59941.271    32.646    -1.26    1.51
 -59652.592    32.146    -1.73    1.69
 -59363.929    31.512    -2.20    1.99
 -59075.284    31.021    -1.70    2.08
 -58786.655    30.497    -1.81    2.23
 -58498.044    30.035    -1.60    2.32
 -58209.449    29.681    -1.23    2.33
 -57920.872    28.955    -2.52    2.55
 -57632.311    28.077    -3.04    2.82
 -57343.767    27.175    -3.13    2.88
 -57055.240    26.674    -1.74    2.84
 -56766.730    26.023    -2.26    2.83
 -56478.237    25.864    -0.55    2.93
 -56189.761    25.913     0.17    2.80
 -55901.302    26.406     1.71    3.25
 -55612.860    27.360     3.31    3.50
 -55324.435    28.396     3.59    3.58
 -55036.026    29.460     3.69    3.72
 -54747.635    30.660     4.16    3.38
 -54459.260    31.878     4.22    2.76
 -54170.903    32.625     2.59    2.39
 -53882.562    33.090     1.61    2.04
 -53594.238    33.780     2.39    1.88
 -53305.931    34.301     1.81    1.53
 -53017.641    34.528     0.79    1.52
 -52729.368    34.808     0.97    1.40
 -52441.111    34.989     0.63    1.39
 -52152.872    35.287     1.03    1.33
 -51864.649    35.489     0.70    1.72
 -51576.444    35.368    -0.42    1.79
 -51288.255    35.414     0.16    1.75
 -51000.083    35.118    -1.03    1.82
 -50711.928    34.949    -0.59    1.83
 -50423.789    34.867    -0.29    1.88
 -50135.668    34.233    -2.20    1.62
 -49847.563    34.033    -0.69    1.45
 -49559.476    33.746    -1.00    1.41
 -49271.405    33.456    -1.01    1.45
 -48983.351    33.076    -1.32    1.48
 -48695.314    32.667    -1.42    1.58
 -48407.293    32.301    -1.27    1.64
 -48119.290    31.952    -1.21    1.68
 -47831.303    31.617    -1.16    1.59
 -47543.333    31.075    -1.88    1.57
 -47255.380    30.569    -1.76    1.71
 -46967.444    30.173    -1.37    1.70
 -46679.525    29.864    -1.07    1.71
 -46391.622    29.382    -1.67    1.80
 -46103.736    28.803    -2.01    1.98
 -45815.867    28.343    -1.60    2.07
 -45528.015    28.032    -1.08    2.24
 -45240.180    27.690    -1.19    2.34
 -44952.361    27.090    -2.09    2.40
 -44664.559    26.540    -1.91    2.17
 -44376.774    26.065    -1.65    2.24
 -44089.006    25.424    -2.23    2.33
 -43801.254    25.019    -1.41    2.24
 -43513.520    24.503    -1.79    2.00
 -43225.802    24.360    -0.50    2.03
 -42938.100    24.088    -0.95    2.13
 -42650.416    23.798    -1.01    2.03
 -42362.748    23.434    -1.27    1.96
 -42075.098    23.160    -0.95    2.00
 -41787.463    22.896    -0.92    2.21
 -41499.846    22.899     0.01    2.32
 -41212.245    23.146     0.86    2.40
 -40924.662    23.595     1.56    2.60
 -40637.094    23.977     1.33    2.73
 -40349.544    24.190     0.74    2.54
 -40062.010    23.975    -0.75    2.46
 -39774.493    24.215     0.83    2.53
 -39486.993    24.406     0.67    2.68
 -39199.510    24.442     0.12    2.80
 -38912.043    24.845     1.40    2.87
 -38624.593    25.442     2.08    2.88
 -38337.159    26.363     3.21    2.41
 -38049.743    27.090     2.53    1.93
 -37762.343    27.205     0.40    1.82
 -37474.960    27.174    -0.11    1.80
 -37187.593    26.993    -0.63    1.87
 -36900.243    26.700    -1.02    1.87
 -36612.910    26.424    -0.96    1.63
 -36325.594    26.257    -0.58    1.61
 -36038.294    25.940    -1.10    1.42
 -35751.011    25.968     0.10    1.34
 -35463.745    25.860    -0.37    1.24
 -35176.495    25.734    -0.44    1.30
 -34889.262    25.535    -0.69    1.31
 -34602.045    25.639     0.36    1.43
 -34314.846    25.551    -0.30    1.74
 -34027.663    25.327    -0.78    2.03
 -33740.496    25.315    -0.04    2.16
 -33453.347    25.146    -0.59    2.22
 -33166.213    25.132    -0.05    2.30
 -32879.097    25.262     0.45    2.43
 -32591.997    25.262     0.00    2.16
 -32304.914    25.313     0.18    1.85
 -32017.848    25.560     0.86    1.78
 -31730.798    25.688     0.44    1.66
 -31443.765    25.927     0.83    1.54
 -31156.748    25.822    -0.37    1.45
 -30869.748    25.900     0.27    1.50
 -30582.765    25.963     0.22    1.62
 -30295.798    25.852    -0.39    1.49
 -30008.848    26.032     0.63    1.67
 -29721.914    26.036     0.02    1.66
 -29434.997    25.982    -0.19    1.46
 -29148.097    26.132     0.52    1.36
 -28861.213    26.064    -0.24    1.29
 -28574.346    25.703    -1.26    1.37
 -28287.496    25.617    -0.30    1.71
 -28000.662    25.354    -0.92    1.77
 -27713.844    25.190    -0.57    1.87
 -27427.044    24.903    -1.00    1.87
 -27140.260    24.632    -0.95    1.99
 -26853.492    24.457    -0.61    1.99
 -26566.741    24.717     0.91    1.75
 -26280.007    24.604    -0.39    1.45
 -25993.289    24.775     0.59    1.12
 -25706.587    24.780     0.02    1.00
 -25419.903    24.760    -0.07    1.05
 -25133.235    24.690    -0.24    1.01
 -24846.583    24.766     0.26    1.16
 -24559.948    24.695    -0.25    1.24
 -24273.329    24.612    -0.29    1.45
 -23986.727    24.283    -1.15    1.87
 -23700.142    24.076    -0.72    2.06
 -23413.573    23.780    -1.03    2.68
 -23127.021    21.746    -7.10    6.49
 -22840.485    19.190    -8.92    7.94
 -22553.965    16.132   -10.68    8.56
 -22267.463    12.864   -11.40    8.90
 -21980.976     9.484   -11.80    8.22
 -21694.507     6.907    -9.00    6.52
 -21408.053     5.563    -4.69    5.02
 -21121.617     4.864    -2.44    4.76
 -20835.197     3.889    -3.41    4.05
 -20548.793     3.160    -2.54    3.53
 -20258.917     2.514    -2.23    2.34
 -19968.920     2.494    -0.07    1.68
 -19678.940     2.632     0.48    1.42
 -19388.977     2.295    -1.16    1.07
 -19099.031     2.132    -0.56    1.07
 -18809.102     2.215     0.29    1.09
 -18519.190     2.352     0.47    1.34
 -18229.294     2.354     0.01    1.39
 -17939.416     2.349    -0.02    1.57
 -17649.555     2.528     0.62    1.72
 -17359.711     2.872     1.19    1.81
 -17069.884     3.188     1.09    1.90
 -16780.074     3.091    -0.33    2.07
 -16490.280     2.762    -1.13    2.03
 -16200.504     2.503    -0.89    1.93
 -15910.745     2.528     0.09    1.95
 -15621.002     2.246    -0.97    1.76
 -15331.277     2.117    -0.44    1.65
 -15041.568     2.035    -0.28    1.52
 -14751.877     1.927    -0.37    1.08
 -14462.202     2.049     0.42    1.01
 -14172.544     2.005    -0.15    0.99
 -13882.904     1.860    -0.50    0.89
 -13593.280     1.749    -0.38    1.01
 -13303.673     1.653    -0.33    1.02
 -13014.083     1.611    -0.15    1.00
 -12724.510     1.569    -0.15    1.06
 -12434.954     1.517    -0.18    1.05
 -12145.415     1.428    -0.31    1.00
 -11855.892     1.503     0.26    1.09
 -11566.387     1.523     0.07    1.04
 -11276.898     1.438    -0.29    1.04
 -10987.427     1.396    -0.14    1.03
 -10697.972     1.417     0.07    0.93
 -10408.534     1.442     0.08    0.88
 -10119.113     1.565     0.43    0.91
  -9829.709     1.597     0.11    1.22
  -9540.322     1.456    -0.49    1.47
  -9250.952     1.322    -0.46    1.63
  -8961.598     1.174    -0.51    1.68
  -8672.262     0.987    -0.65    1.75
  -8382.942     0.695    -1.01    1.75
  -8093.639     0.858     0.56    2.18
  -7804.353     0.799    -0.21    1.99
  -7515.084     1.231     1.49    2.07
  -7225.832     1.385     0.54    2.10
  -6936.597     1.572     0.65    2.26
  -6647.378     2.308     2.54    3.34
  -6358.177     2.675     1.27    3.35
  -6068.992     2.368    -1.06    3.14
  -5779.824     2.540     0.60    3.22
  -5490.673     3.878     4.63    4.72
  -5201.538     5.516     5.66    5.42
  -4912.421     7.417     6.58    5.70
  -4623.320     8.218     2.77    5.74
  -4334.236     8.808     2.04    5.55
  -4045.169     8.479    -1.14    5.60
  -3756.119     6.989    -5.16    5.74
  -3467.085     5.007    -6.86    5.28
  -3178.069     3.343    -5.76    4.46
  -2889.069     1.794    -5.36    2.63
  -2600.086     1.090    -2.44    0.97
  -2311.120     1.076    -0.05    0.96
  -2022.170     0.940    -0.47    1.00
  -1733.238     0.940     0.00    1.09
  -1444.322     1.132     0.66    1.73
  -1155.423     0.896    -0.82    1.81
   -866.540     0.660    -0.82    1.89
   -577.675     0.625    -0.12    1.96
   -288.826     0.935     1.07    2.47
      0.006     1.291     1.23    2.90
    288.821     1.949     2.28    3.41
    577.620     2.837     3.08    3.55
    866.401     3.517     2.36    3.32
   1155.166     3.590     0.25    3.05
   1443.915     3.187    -1.40    2.82
   1732.646     2.729    -1.58    2.60
   2021.361     2.047    -2.36    2.12
   2310.059     1.352    -2.41    1.45
   2598.740     1.396     0.15    1.51
   2887.405     1.247    -0.51    1.46
   3176.052     1.146    -0.35    1.38
   3464.683     1.009    -0.47    0.77
   3753.298     1.104     0.33    0.85
   4041.895     1.091    -0.04    0.90
   4330.476     1.146     0.19    0.88
   4619.040     1.246     0.35    0.87
   4907.588     1.249     0.01    0.85
   5196.119     1.260     0.04    0.84
   5484.633     1.204    -0.20    0.86
   5773.130     1.118    -0.30    0.84
   6061.611     1.202     0.29    0.84
   6350.075     1.187    -0.05    0.82
   6638.522     1.174    -0.04    0.83
   6926.952     1.033    -0.49    0.84
   7215.366     1.087     0.19    0.83
   7503.764     1.132     0.15    0.81
   7792.144     1.175     0.15    0.82
   8080.508     1.276     0.35    0.86
   8368.855     1.271    -0.02    0.85
   8657.186     1.357     0.30    0.84
   8945.500     1.442     0.29    0.82
   9233.797     1.442     0.00    0.78
   9522.077     1.421    -0.07    0.82
   9810.341     1.425     0.01    0.83
  10098.589     1.503     0.27    0.82
  10386.819     1.498    -0.02    0.85
  10675.033     1.554     0.20    0.82
  10963.230     1.639     0.29    0.89
  11251.411     1.723     0.29    0.86
  11539.575     1.780     0.20    0.81
  11827.723     1.775    -0.02    0.80
  12115.853     1.808     0.12    0.84
  12403.968     1.755    -0.18    0.93
  12692.065     1.653    -0.35    0.88
  12980.146     1.617    -0.12    0.88
  13268.211     1.456    -0.56    0.96
  13556.258     1.526     0.24    0.99
  13844.289     1.566     0.14    0.99
  14132.304     1.494    -0.25    0.95
  14420.302     1.465    -0.10    0.93
  14708.283     1.308    -0.55    0.87
  14996.248     1.175    -0.46    0.92
  15284.196     1.046    -0.45    0.92
  15572.128     0.982    -0.22    0.99
  15860.043     0.989     0.03    0.97
  16147.941     0.935    -0.19    1.01
  16435.823     0.878    -0.20    0.96
  16723.688     0.946     0.23    1.00
  17011.537     0.984     0.13    1.00
  17299.369     1.016     0.11    0.98
  17587.185     1.132     0.40    0.98
  17874.984     1.019    -0.39    1.01
  18162.766     0.977    -0.15    0.93
  18450.532     0.907    -0.24    0.99
  18738.281     0.907     0.00    0.92
  19026.014     0.842    -0.23    0.97
  19313.730     0.723    -0.41    0.94
  19601.430     0.675    -0.17    0.87
  19889.113     0.832     0.54    0.96
  20176.780     0.907     0.26    0.98
  20464.430     0.876    -0.11    1.04
  20752.064     0.780    -0.33    1.02
  21039.681     0.794     0.05    0.96
  21327.282     0.682    -0.39    0.90
  21614.866     0.703     0.07    0.96
  21902.433     0.646    -0.20    0.95
  22189.984     0.552    -0.33    0.88
  22477.519     0.625     0.25    0.98
  22765.037     0.653     0.10    0.94
  23052.538     0.729     0.27    0.93
  23340.023     0.799     0.24    0.92
  23627.492     0.780    -0.07    0.87
  23914.944     0.860     0.28    0.89
  24202.380     0.803    -0.20    0.83
  24489.799     0.793    -0.04    0.77
  24777.201     0.856     0.22    0.82
  25064.588     0.813    -0.15    0.82
  25351.957     0.876     0.22    0.80
  25639.311     0.903     0.10    0.79
  25926.647     0.977     0.26    0.88
  26213.968     0.987     0.03    0.98
  26501.271     1.089     0.36    0.96
  26788.559     1.205     0.40    0.99
  27075.830     1.220     0.05    1.03
  27363.084     1.442     0.77    1.09
  27650.322     1.512     0.25    1.11
  27937.544     1.521     0.03    1.09
  28224.749     1.577     0.19    1.09
  28511.938     1.653     0.27    1.08
  28799.110     1.760     0.37    1.05
  29086.266     1.850     0.31    1.06
  29373.406     1.925     0.26    1.03
  29660.529     1.987     0.21    1.01
  29947.635     1.896    -0.32    1.08
  30234.725     1.876    -0.07    1.15
  30521.799     1.832    -0.15    1.17
  30808.857     1.794    -0.13    1.18
  31095.898     1.789    -0.02    1.18
  31382.922     1.775    -0.05    1.24
  31669.930     1.778     0.01    1.13
  31956.922     1.837     0.20    1.10
  32243.897     1.903     0.23    1.08
  32530.856     1.785    -0.41    1.04
  32817.799     1.910     0.44    1.03
  33104.725     1.896    -0.05    1.02
  33391.635     1.794    -0.36    1.02
  33678.529     1.711    -0.29    0.98
  33965.406     1.836     0.44    1.04
  34252.267     1.911     0.26    1.04
  34539.111     1.999     0.31    1.07
  34825.939     1.949    -0.17    1.12
  35112.751     2.011     0.22    1.09
  35399.546     2.146     0.47    1.24
  35686.325     2.231     0.29    1.30
  35973.088     2.103    -0.45    1.31
  36259.834     2.033    -0.24    1.28
  36546.564     1.984    -0.17    1.18
  36833.277     1.970    -0.05    1.15
  37119.975     1.907    -0.22    1.11
  37406.655     1.864    -0.15    0.91
  37693.320     1.907     0.15    0.82
  37979.968     1.938     0.11    0.90
  38266.600     1.949     0.04    0.94
  38553.216     1.949     0.00    0.89
  38839.815     1.850    -0.34    0.88
  39126.398     1.822    -0.10    0.95
  39412.965     1.832     0.03    1.04
  39699.515     1.817    -0.05    1.09
  39986.049     1.560    -0.90    1.00
  40272.567     1.703     0.50    1.15
  40559.069     1.660    -0.15    1.13
  40845.554     1.575    -0.30    1.16
  41132.023     1.569    -0.02    1.19
  41418.475     1.450    -0.41    1.12
  41706.647     1.278    -0.60    1.01
  41996.634     1.389     0.38    1.08
  42286.605     1.357    -0.11    1.08
  42576.559     1.375     0.06    1.08
  42866.496     1.343    -0.11    1.01
  43156.417     1.484     0.49    0.96
  43446.321     1.560     0.26    0.96
  43736.208     1.442    -0.41    0.95
  44026.078     1.367    -0.26    0.94
  44315.931     1.407     0.14    0.92
  44605.768     1.400    -0.03    0.97
  44895.588     1.687     0.99    1.22
  45185.391     2.033     1.20    1.63
  45475.178     2.632     2.06    2.10
  45764.948     3.220     2.03    2.36
  46054.701     3.667     1.54    2.37
  46344.437     4.218     1.90    2.05
  46634.157     4.526     1.06    1.84
  46923.860     4.757     0.80    1.67
  47213.546     4.702    -0.19    1.48
  47503.216     4.400    -1.04    1.27
  47792.868     4.498     0.34    1.28
  48082.504     4.440    -0.20    1.34
  48372.124     4.775     1.15    1.38
  48661.727     4.813     0.13    1.42
  48951.313     4.846     0.12    1.43
  49240.882     4.878     0.11    1.32
  49530.435     4.775    -0.36    1.37
  49819.971     4.760    -0.05    1.44
  50109.490     4.949     0.65    1.33
  50398.993     4.842    -0.37    1.30
  50688.479     4.867     0.09    1.27
  50977.948     4.960     0.32    1.25
  51267.401     5.231     0.93    1.26
  51556.837     5.132    -0.34    1.38
  51846.256     4.991    -0.49    1.33
  52135.659     5.017     0.09    1.33
  52425.045     4.914    -0.36    1.27
  52714.414     5.007     0.32    1.21
  53003.767     4.852    -0.54    1.15
  53293.103     4.929     0.27    1.21
  53582.423     4.822    -0.37    1.23
  53871.725     4.849     0.09    1.16
  54161.012     5.019     0.59    1.13
  54450.281     5.075     0.19    1.13
  54739.534     4.940    -0.46    1.10
  55028.771     4.717    -0.77    1.14
  55317.990     4.381    -1.16    1.24
  55607.193     4.189    -0.67    1.36
  55896.380     4.021    -0.58    1.37
  56185.550     3.965    -0.19    1.29
  56474.703     3.789    -0.61    1.09
  56763.840     3.757    -0.11    1.07
  57052.960     3.646    -0.38    1.14
  57342.064     3.532    -0.40    1.18
  57631.151     3.537     0.02    1.19
  57920.221     3.403    -0.46    1.20
  58209.275     3.313    -0.31    1.22
  58498.312     3.346     0.12    1.29
  58787.333     3.530     0.64    1.40
  59076.337     3.749     0.76    1.53
  59365.324     3.958     0.72    1.56
  59654.295     4.264     1.06    1.63
  59943.249     4.660     1.37    1.71
  60232.187     5.189     1.83    1.91
  60521.109     5.695     1.75    2.00
  60810.013     6.303     2.10    1.95
  61098.901     6.680     1.31    1.91
  61387.773     7.503     2.85    1.98
  61676.628     8.131     2.17    1.97
  61965.467     9.234     3.82    2.59
  62254.289    10.392     4.01    3.62
  62543.094    12.075     5.82    4.73
  62831.883    14.146     7.17    5.59
  63120.656    16.303     7.47    5.57
  63409.411    18.589     7.92    5.28
  63698.151    21.231     9.15    5.29
  63986.874    23.946     9.40    5.37
  64275.580    26.484     8.79    5.69
  64564.270    28.856     8.22    5.82
  64852.943    30.597     6.03    5.50
  65141.600    31.604     3.49    5.00
  65430.241    32.146     1.88    4.84
  65718.864    31.632    -1.78    5.36
  66007.472    29.575    -7.13    5.60
  66296.063    27.247    -8.06    5.22
  66584.637    24.955    -7.94    4.41
  66873.195    23.014    -6.73    3.65
  67161.736    21.375    -5.68    3.41
  67450.261    20.216    -4.01    3.22
  67738.770    19.799    -1.45    3.82
  68027.262    19.952     0.53    4.71
  68315.738    20.597     2.24    5.54
  68604.197    21.711     3.86    5.96
  68892.639    22.717     3.49    5.63
  69181.066    23.322     2.10    5.16
  69469.475    22.624    -2.42    5.20
  69757.869    21.554    -3.71    5.61
  70046.246    19.687    -6.48    6.01
  70334.606    18.062    -5.64    5.21
  70622.950    16.317    -6.05    4.00
  70911.277    15.028    -4.47    2.76
  71199.589    14.935    -0.32    2.54
  71487.883    15.131     0.68    2.83
  71776.162    16.003     3.02    3.72
  72064.423    17.604     5.55    4.72
  72352.669    19.368     6.12    5.44
  72640.898    21.146     6.17    5.54
  72929.111    22.979     6.36    5.68
  73217.307    25.837     9.92    6.44
  73505.487    28.822    10.36    6.43
  73793.650    30.661     6.38    5.87
  74081.797    32.146     5.15    4.82
  74369.928    32.188     0.14    4.32
  74658.042    31.569    -2.15    4.40
  74946.140    30.368    -4.17    4.51
  75234.221    28.695    -5.81    4.22
  75522.286    26.972    -5.98    3.43
  75810.335    26.867    -0.37    3.24
  76098.367    27.460     2.06    4.18
  76386.383    28.543     3.76    5.01
  76674.383    30.632     7.25    5.93
  76962.366    32.357     5.99    5.96
  77250.333    34.214     6.45    5.71
  77538.283    35.993     6.18    5.44
  77826.218    37.769     6.17    5.15
  78114.135    38.808     3.61    4.81
  78402.037    39.360     1.92    4.46
  78689.922    39.885     1.82    4.07
  78977.791    39.343    -1.88    4.61
  79265.643    37.935    -4.89    5.42
  79553.479    35.979    -6.79    6.00
  79841.299    33.850    -7.40    5.96
  80129.103    31.892    -6.80    5.60
  80416.890    30.058    -6.37    5.44
  80704.660    28.360    -5.90    5.11
  80992.415    26.249    -7.34    4.42
  81280.153    24.432    -6.32    4.08
  81567.875    22.329    -7.31    3.86
  81855.581    21.117    -4.21    3.80
  82143.270    20.357    -2.64    4.11
  82430.943    19.400    -3.33    4.19
  82718.599    18.161    -4.31    3.86
  83006.240    17.205    -3.32    3.98
  83293.864    16.346    -2.99    3.85
  83581.472    15.682    -2.31    3.46
  83869.063    15.329    -1.23    3.32
  84156.638    15.532     0.70    3.51
  84444.197    15.551     0.07    3.81
  84731.740    15.202    -1.21    3.76
  85019.266    15.045    -0.55    3.91
  85306.776    14.308    -2.56    4.07
  85594.270    14.456     0.52    4.20
  85881.748    14.929     1.64    4.53
  86169.209    15.484     1.93    5.23
  86456.654    16.090     2.11    5.45
  86744.083    16.924     2.90    5.67
  87031.496    17.231     1.07    5.34
  87318.892    17.949     2.50    5.03
  87606.272    17.852    -0.34    4.69
  87893.636    16.204    -5.73    5.06
  88180.984    14.705    -5.22    5.64
  88468.315    12.775    -6.72    5.30
  88755.630    10.512    -7.87    4.49
  89042.929     8.975    -5.35    3.69
  89330.212     8.202    -2.69    2.98
  89617.478     8.174    -0.10    3.20
  89904.729     9.378     4.19    4.30
  90191.963    11.337     6.82    5.46
  90479.180    13.989     9.23    6.34
  90766.382    16.508     8.77    6.55
  91053.568    19.822    11.54    6.28
  91340.737    21.546     6.00    5.36
  91627.890    22.362     2.84    4.55
  91915.027    22.400     0.13    4.22
  92202.147    21.842    -1.94    4.75
  92489.252    20.043    -6.26    4.83
  92776.340    18.689    -4.72    5.15
  93063.412    17.291    -4.87    5.12
  93350.468    15.132    -7.52    4.84
  93637.508    13.231    -6.62    4.80
  93924.532    11.410    -6.34    4.47
  94211.539    10.117    -4.50    3.92
  94498.530     9.540    -2.01    3.58
  94785.505     9.131    -1.43    3.95
  95072.464     9.028    -0.36    4.21
  95359.407     8.720    -1.08    4.28
  95646.334     8.262    -1.59    4.39
  95933.244     7.611    -2.27    3.86
  96220.139     7.146    -1.62    3.69
  96507.017     6.924    -0.77    3.47
  96793.879     6.723    -0.70    3.53
  97080.725     6.262    -1.61    3.49
  97367.555     5.764    -1.74    3.14
  97654.368     5.603    -0.56    3.03
  97941.166     5.220    -1.34    2.86
  98227.947     4.332    -3.10    2.78
  98514.713     3.653    -2.37    2.85
  98801.462     2.862    -2.76    2.73
  99088.195     2.202    -2.30    2.35
  99374.912     1.532    -2.34    1.73
  99661.613     1.470    -0.22    1.74
  99948.298     1.403    -0.23    1.73
 100234.966     1.381    -0.08    1.74
 100521.619     1.617     0.82    1.90
 100808.255     1.618     0.00    1.95
 101094.876     1.653     0.12    1.87
 101381.480     1.489    -0.57    1.93
 101668.068     1.729     0.84    1.91
 101954.641     2.232     1.75    1.94
 102241.197     2.411     0.62    1.88
 102527.737     2.705     1.03    2.10
 102814.261     3.999     4.52    3.22
 103100.769     5.075     3.75    3.22
 103387.260     5.752     2.36    3.09
 103673.784     6.357     2.11    3.07
 103963.776     6.597     0.83    3.09
 104253.752     6.653     0.19    2.98
 104543.711     6.396    -0.89    2.88
 104833.654     6.043    -1.22    3.22
 105123.580     6.028    -0.05    3.29
 105413.489     6.032     0.01    3.36
 105703.382     5.977    -0.19    3.52
 105993.259     5.965    -0.04    3.53
 106283.119     6.231     0.91    3.43
 106572.963     6.217    -0.05    3.19
 106862.790     6.720     1.73    3.24
 107152.601     7.246     1.82    3.13
 107442.395     7.514     0.92    2.88
 107732.172     8.695     4.08    3.59
 108021.933     9.689     3.43    4.00
 108311.678    10.995     4.51    4.71
 108601.406    13.103     7.27    5.45
 108891.118    14.911     6.24    6.04
 109180.813    17.234     8.02    5.96
 109470.492    18.917     5.81    5.78
 109760.154    20.864     6.72    5.23
 110049.800    21.775     3.14    4.56
 110339.429    22.233     1.58    4.51
 110629.042    22.442     0.72    4.55
 110918.638    22.060    -1.32    4.52
 111208.218    22.072     0.04    5.06
 111497.782    21.955    -0.41    4.98
 111787.329    21.367    -2.03    4.95
 112076.860    21.575     0.72    5.22
 112366.374    21.694     0.41    5.21
 112655.872    21.723     0.10    4.89
 112945.353    21.315    -1.41    4.77
 113234.818    20.958    -1.23    4.31
 113524.266    20.846    -0.39    4.10
 113813.698    21.352     1.75    3.95
 114103.114    22.103     2.59    3.99
 114392.513    22.618     1.78    3.94
 114681.896    23.524     3.13    4.08
 114971.262    24.489     3.33    4.49
 115260.612    25.317     2.86    4.50
 115549.946    26.440     3.88    4.28
 115839.263    27.089     2.24    4.07
 116128.564    27.514     1.47    3.80
 116417.848    28.259     2.58    3.59
 116707.116    29.301     3.60    4.17
 116996.368    30.007     2.44    4.65
 117285.603    30.681     2.33    5.05
 117574.822    30.822     0.49    5.44
 117864.024    29.970    -2.95    6.49
 118153.211    28.146    -6.31    6.80
 118442.380    25.602    -8.80    5.93
 118731.534    23.407    -7.59    4.74
 119020.671    22.216    -4.12    3.87
 119309.791    22.752     1.85    4.45
 119598.896    23.766     3.51    5.13
 119887.984    25.403     5.66    5.51
 120177.055    26.734     4.60    4.98
 120466.110    28.675     6.71    4.08
 120755.149    28.940     0.92    3.69
 121044.172    28.734    -0.71    3.87
 121333.178    27.385    -4.67    3.97
 121622.168    25.760    -5.62    4.01
 121911.142    24.275    -5.14    3.88
 122200.099    23.846    -1.48    3.62
 122489.040    23.631    -0.74    3.23
 122777.964    23.367    -0.92    3.59
 123066.873    23.789     1.46    4.95
 123355.765    24.817     3.56    5.70
 123644.640    25.595     2.69    5.90
 123933.500    25.639     0.15    5.95
 124222.343    24.837    -2.77    5.94
 124511.170    23.740    -3.80    6.04
 124799.980    21.925    -6.28    5.72
 125088.774    20.705    -4.23    4.67
 125377.552    19.732    -3.37    4.00
 125666.314    19.400    -1.15    3.62
 125955.059    19.766     1.27    4.25
 126243.788    20.343     2.00    4.35
 126532.501    20.726     1.32    3.87
 126821.197    21.146     1.46    3.66
 127109.877    21.322     0.61    3.23
 127398.541    21.852     1.83    3.47
 127687.189    22.903     3.64    4.35
 127975.821    24.174     4.40    4.90
 128264.436    25.340     4.04    5.12
 128553.035    26.583     4.30    4.90
 128841.617    27.653     3.71    4.53
 129130.184    28.856     4.17    4.36
 129418.734    29.932     3.73    4.56
 129707.268    30.425     1.71    4.39
 129995.785    31.532     3.83    4.63
 130284.287    32.667     3.94    4.85
 130572.772    34.493     6.33    5.30
 130861.241    36.681     7.58    5.40
 131149.694    38.989     8.00    5.32
 131438.131    41.014     7.02    4.70
 131726.551    41.860     2.94    4.13
 132014.955    42.234     1.30    3.43
 132303.343    41.632    -2.09    3.39
 132591.715    41.174    -1.59    3.22
 132880.070    40.822    -1.22    3.31
 133168.409    40.775    -0.16    3.04
 133456.733    40.646    -0.45    2.83
 133745.039    40.911     0.92    3.08
 134033.330    41.203     1.01    3.13
 134321.605    40.822    -1.32    3.72
 134609.863    39.632    -4.13    4.73
 134898.105    38.554    -3.74    5.28
 135186.331    37.243    -4.55    5.65
 135474.541    36.287    -3.32    5.33
 135762.735    35.275    -3.51    5.10
 136050.912    33.087    -7.59    5.14
 136339.073    31.396    -5.87    5.64
 136627.219    30.161    -4.29    5.91
 136915.348    29.062    -3.81    5.56
 137203.460    28.512    -1.91    5.78
 137491.557    28.465    -0.16    6.15
 137779.638    28.907     1.53    6.49
 138067.702    29.889     3.41    6.71
 138355.750    31.587     5.90    5.96
 138643.782    32.793     4.19    4.77
 138931.798    32.808     0.05    4.53
 139219.798    32.653    -0.54    4.64
 139507.782    31.033    -5.62    5.11
 139795.749    29.560    -5.11    5.33
 140083.701    28.117    -5.01    5.77
 140371.636    26.653    -5.08    5.74
 140659.555    25.470    -4.11    5.92
 140947.458    24.205    -4.39    6.25
 141235.345    23.117    -3.78    6.30
 141523.216    21.217    -6.60    6.70
 141811.071    18.766    -8.52    6.58
 142098.910    16.689    -7.21    5.70
 142386.732    15.738    -3.30    5.08
 142674.539    15.203    -1.86    4.54
 142962.329    15.705     1.74    5.11
 143250.104    17.381     5.82    5.46
 143537.862    19.046     5.78    5.33
 143825.604    20.889     6.40    5.14
 144113.330    22.709     6.33    4.81
 144401.040    24.475     6.13    4.74
 144688.734    26.434     6.81    5.76
 144976.412    28.952     8.75    6.05
 145264.074    31.189     7.78    5.75
 145551.719    32.822     5.68    5.09
 145839.349    33.060     0.83    4.98
 146126.963    32.595    -1.62    5.19
 146414.560    30.991    -5.58    5.71
 146702.142    29.146    -6.42    5.82
 146989.707    27.132    -7.00    5.93
 147277.257    25.090    -7.10    5.56
 147564.790    23.381    -5.94    5.04
 147852.307    21.749    -5.68    5.02
 148139.809    20.532    -4.23    5.10
 148427.294    19.381    -4.00    5.31
 148714.763    17.675    -5.94    5.46
 149002.217    16.343    -4.63    4.75
 149289.654    15.393    -3.31    4.39
 149577.075    14.273    -3.90    4.34
 149864.480    13.755    -1.80    4.35
 150151.869    13.028    -2.53    4.35
 150439.243    12.832    -0.68    4.41
 150726.600    12.016    -2.84    4.47
 151013.941    10.695    -4.59    4.36
 151301.266     9.760    -3.25    4.12
 151588.575     9.493    -0.93    3.82
 151875.868     9.357    -0.47    3.89
 152163.146     9.436     0.27    4.00
 152450.407    10.131     2.42    4.37
 152737.652    11.881     6.09    5.13
 153024.881    14.234     8.19    5.23
 153312.095    17.059     9.83    5.88
 153599.292    20.076    10.50    6.43
 153886.473    23.285    11.17    6.76
 154173.639    25.646     8.22    6.05
 154460.788    27.484     6.40    4.79
 154747.922    28.161     2.36    4.17
 155035.039    27.922    -0.83    4.34
 155322.141    26.617    -4.55    4.87
 155609.226    24.417    -7.66    5.52
 155896.296    21.860    -8.91    5.43
 156183.350    20.188    -5.82    5.04
 156470.387    19.047    -3.97    5.13
 156757.409    18.317    -2.54    5.26
 157044.415    17.072    -4.34    4.85
 157331.405    15.970    -3.84    4.55
 157618.379    15.250    -2.51    4.71
 157905.337    14.396    -2.98    4.61
 158192.280    14.577     0.63    4.63
 158479.206    14.932     1.24    4.43
 158766.116    14.952     0.07    4.07
 159053.011    14.287    -2.32    3.43
 159339.889    13.363    -3.22    3.10
 159626.752    12.378    -3.43    3.52
 159913.599    11.102    -4.45    3.95
 160200.430     9.322    -6.20    4.32
 160487.245     7.175    -7.49    4.47
 160774.044     5.949    -4.27    4.39
 161060.827     4.479    -5.12    3.94
 161347.594     3.146    -4.65    3.38
 161634.345     2.301    -2.95    2.77
 161921.081     1.537    -2.66    2.01
 162207.801     1.146    -1.36    1.64
 162494.504     1.117    -0.10    1.55
 162781.192     1.276     0.56    1.97
 163067.864     1.259    -0.06    2.21
 163354.521     1.612     1.23    2.44
 163641.161     1.932     1.12    2.75
 163927.785     2.259     1.14    2.86
 164214.394     2.175    -0.29    2.95
 164500.987     1.832    -1.20    2.83
 164787.564     1.484    -1.21    2.77
 165074.125     1.534     0.17    2.83
 165360.670     1.689     0.54    2.80
 165647.199     1.757     0.24    2.43
 165935.631     1.653    -0.36    2.52
 166225.595     2.033     1.31    2.75
 166515.542     2.204     0.59    2.82
 166805.472     2.317     0.39    3.00
 167095.387     2.470     0.52    3.19
 167385.285     2.220    -0.86    3.25
 167675.167     1.907    -1.08    3.33
 167965.033     1.899    -0.02    3.71
 168254.882     1.929     0.10    3.97
 168544.715     2.703     2.67    4.50
 168834.532     3.352     2.24    4.62
 169124.333     4.017     2.30    4.40
 169414.117     4.675     2.27    4.15
 169703.885     5.132     1.57    4.37
 169993.637     5.090    -0.15    4.12
 170283.372     4.872    -0.75    4.31
 170573.092     4.076    -2.75    3.82
 170862.795     3.189    -3.06    3.46
 171152.482     2.631    -1.93    2.53
 171442.152     2.489    -0.49    2.61
 171731.807     2.867     1.30    3.56
 172021.445     4.189     4.56    5.48
 172311.067     5.723     5.30    6.36
 172600.673     7.667     6.71    7.27
 172890.262     9.875     7.62    7.56
 173179.835    12.146     7.84    7.46
 173469.392    13.881     5.99    7.09
 173758.933    13.896     0.05    7.25
 174048.458    13.289    -2.10    7.16
 174337.966    12.903    -1.33    7.09
 174627.459    12.610    -1.01    6.60
 174916.935    12.639     0.10    6.35
 175206.395    13.552     3.15    6.40
 175495.838    15.191     5.66    6.92
 175785.266    17.131     6.70    6.73
 176074.677    19.176     7.06    6.29
 176364.072    20.817     5.67    5.21
 176653.451    21.681     2.98    4.58
 176942.814    22.846     4.02    4.00
 177232.161    23.822     3.37    4.18
 177521.491    25.014     4.12    3.61
 177810.805    25.175     0.56    3.47
 178100.103    25.234     0.20    3.74
 178389.385    24.813    -1.46    4.32
 178678.651    25.090     0.96    4.87
 178967.901    24.952    -0.48    5.01
 179257.134    24.917    -0.12    4.73
 179546.352    25.216     1.03    4.62
 179835.553    25.479     0.91    4.17
 180124.738    25.161    -1.10    4.11
 180413.907    24.131    -3.56    5.12
 180703.060    22.117    -6.96    5.79
 180992.197    21.617    -1.73    6.36
 181281.317    21.174    -1.53    7.11
 181570.422    21.317     0.50    7.93
 181859.510    21.043    -0.95    8.54
 182148.582    21.146     0.36    8.85
 182437.639    19.877    -4.39    9.14
 182726.679    17.970    -6.60    8.74
 183015.703    16.780    -4.12    6.98
 183304.710    16.218    -1.94    6.16
 183593.702    16.521     1.05    6.50
 183882.678    17.146     2.16    6.73
 184171.637    18.249     3.82    7.69
 184460.581    19.396     3.97    7.75
 184749.508    19.711     1.09    8.51
 185038.419    19.989     0.96    8.97
 185327.315    19.681    -1.06    9.54
 185616.194    18.089    -5.51    9.35
 185905.057    17.005    -3.75    8.68
 186193.904    16.436    -1.97    8.74
 186482.735    14.617    -6.30    7.42
 186771.550    14.161    -1.58    6.98
 187060.348    12.617    -5.35    5.73
 187349.131    11.987    -2.18    5.90
 187637.898    10.660    -4.59    4.97
 187926.649     9.646    -3.51    4.67
 188215.383     8.871    -2.68    4.60
 188504.102     8.204    -2.31    4.48
 188792.804     7.631    -1.98    4.59
 189081.491     8.337     2.44    4.61
 189370.161     9.058     2.50    5.27
 189658.816    10.842     6.18    6.27
 189947.454    14.030    11.04    8.83
 190236.076    16.407     8.23    9.48
 190524.683    20.378    13.76   11.23
 190813.273    23.117     9.49   11.68
 191101.847    23.264     0.51   11.13
 191390.406    25.808     8.82   11.51
 191678.948    26.475     2.31   11.59
 191967.474    27.885     4.89   11.45
 192255.985    29.421     5.32   11.30
 192544.479    29.465     0.15   10.98
 192832.957    29.072    -1.36   10.10
 193121.420    27.499    -5.45    9.91
 193409.866    24.705    -9.69    9.33
 193698.296    23.514    -4.13    8.13
 193986.711    22.929    -2.03    8.33
 194275.109    23.075     0.51    8.44
 194563.492    24.160     3.76    9.43
 194851.858    25.803     5.70    9.95
 195140.209    27.914     7.32    9.83
 195428.543    29.087     4.07    9.41
 195716.862    28.631    -1.58    9.39
 196005.164    30.161     5.30    9.08
 196293.451    30.425     0.92    8.71
 196581.722    31.047     2.16    7.87
 196869.976    31.689     2.22    6.99
 197158.215    32.217     1.83    5.86
 197446.438    31.595    -2.16    5.91
 197734.645    29.310    -7.93    6.81
 198022.836    25.631   -12.76    7.64
 198311.011    21.220   -15.31    8.58
 198599.170    17.131   -14.19    8.75
 198887.313    14.667    -8.55    7.43
 199175.441    13.303    -4.73    6.83
 199463.552    13.046    -0.89    7.36
 199751.647    13.617     1.98    8.09
 200039.727    15.355     6.03    8.64
 200327.790    17.881     8.77    8.76
 200615.838    20.837    10.26    8.97
 200903.870    23.465     9.12    8.12
 201191.886    25.189     5.98    7.53
 201479.886    26.232     3.62    7.10
 201767.870    27.417     4.12    6.52
 202055.838    29.346     6.70    6.07
 202343.790    30.504     4.02    5.92
 202631.727    31.102     2.08    5.39
 202919.647    32.264     4.03    5.02
 203207.552    32.132    -0.46    4.26
 203495.441    32.977     2.94    4.31
 203783.314    33.546     1.98    4.58
 204071.171    33.287    -0.90    5.12
 204359.012    33.832     1.89    5.62
 204646.837    35.191     4.72    6.39
 204934.647    36.367     4.08    6.63
 205222.440    37.984     5.62    5.72
 205510.218    38.432     1.55    5.38
 205797.980    38.563     0.45    5.32
 206085.726    38.317    -0.85    5.42
 206373.456    38.216    -0.35    5.69
 206661.171    37.489    -2.53    5.69
 206948.869    36.450    -3.61    5.76
 207236.552    35.617    -2.90    5.95
 207524.219    34.190    -4.96    5.96
 207811.870    32.975    -4.23    6.17
 208099.505    31.340    -5.68    6.22
 208387.124    29.675    -5.79    5.21
 208674.728    29.470    -0.71    5.43
 208962.316    29.446    -0.08    5.61
 209249.888    29.914     1.63    5.71
 209537.444    29.955     0.14    5.57
 209824.984    30.896     3.27    5.68
 210112.509    31.943     3.64    5.72
 210400.017    33.132     4.13    5.31
 210687.510    34.246     3.87    4.44
 210974.988    34.681     1.51    4.56
 211262.449    36.117     4.99    4.74
 211549.894    37.436     4.59    5.69
 211837.324    38.293     2.98    6.23
 212124.738    39.602     4.55    6.02
 212412.136    40.932     4.63    5.41
 212699.519    41.332     1.39    5.17
 212986.886    41.189    -0.50    5.87
 213274.237    39.174    -7.01    7.17
 213561.572    36.508    -9.28    7.78
 213848.891    33.846    -9.26    8.30
 214136.195    31.043    -9.75    8.34
 214423.483    28.602    -8.50    7.96
 214710.755    26.131    -8.60    7.23
 214998.011    23.575    -8.90    6.22
 215285.252    21.732    -6.41    5.76
 215572.476    20.287    -5.03    5.77
 215859.686    18.103    -7.60    5.49
 216146.879    16.403    -5.92    4.83
 216434.057    15.146    -4.38    4.08
 216721.219    13.952    -4.16    3.24
 217008.365    13.220    -2.55    3.35
 217295.495    13.234     0.05    3.76
 217582.610    13.378     0.50    4.01
 217869.709    14.346     3.37    4.31
 218156.792    14.960     2.14    4.43
 218443.860    14.603    -1.24    4.59
 218730.912    14.617     0.05    4.67
 219017.948    14.519    -0.34    5.04
 219304.969    14.764     0.85    5.53
 219591.973    15.381     2.15    6.36
 219878.963    16.668     4.48    7.20
 220165.936    18.260     5.55    7.51
 220452.894    20.132     6.52    6.85
 220739.836    22.089     6.82    5.56
 221026.762    22.396     1.07    4.73
 221313.673    23.071     2.35    4.09
 221600.568    23.528     1.59    4.22
 221887.447    24.514     3.43    5.15
 222174.311    26.442     6.72    6.84
 222461.159    28.780     8.15    8.00
 222747.991    30.625     6.43    7.88
 223034.808    33.407     9.70    6.43
 223321.609    35.867     8.57    5.74
 223608.394    37.813     6.78    5.53
 223895.164    40.072     7.88    5.70
 224181.918    41.233     4.05    5.95
 224468.656    43.475     7.82    6.15
 224755.379    45.846     8.27    5.65
 225042.086    47.789     6.78    5.16
 225328.777    49.233     5.04    4.24
 225615.453    49.793     1.95    4.42
 225902.114    50.525     2.55    5.20
 226188.758    50.668     0.50    6.18
 226475.387    50.450    -0.76    6.74
 226762.000    48.860    -5.55    7.45
 227048.598    48.357    -1.75    7.27
 227335.180    49.732     4.80    7.05
 227621.747    51.494     6.15    6.89
 227908.620    51.220    -0.96    7.10
 228198.580    51.459     0.83    7.53
 228488.525    50.970    -1.69    8.35
 228778.453    51.074     0.36    9.22
 229068.365    49.218    -6.40   10.23
 229358.261    46.924    -7.91   10.45
 229648.141    44.555    -8.17    9.25
 229938.005    42.273    -7.87    8.14
 230227.853    41.123    -3.97    7.16
