#    5.116  -0.066   1.451 ;Mean Elev.(m), Avg Gradient(m/km), RMS Gradient(m/km) - SRTM1     
#    7.820  -0.043   2.395 ;Mean Elev.(m), Avg Gradient(m/km), RMS Gradient(m/km) - ASTER GDEM
#    5.293  -0.120   1.600 ;Mean Elev.(m), Avg Gradient(m/km), RMS Gradient(m/km) - GMTED2010 
   1 299.400191 -32.968873     6.899     6.796 10 54660.05897031 26.555
   2 299.399068 -32.970379    13.215    13.425 11 54669.97461564 31.100
   3 299.397806 -32.971379     6.019     6.037 12 54679.89025927 35.478
   4 299.397703 -32.970229    14.271    16.097 11 54689.80590169 26.976
   5 299.400068 -32.968915     9.056     9.323 11 54699.72154236 29.499
   6 299.401708 -32.968165     6.848     6.813 10 54709.63718726 35.242
   7 299.400012 -32.968295     6.608     6.401 10 54719.55283880 31.606
   8 299.398216 -32.970228    16.318    17.204 11 54729.46848804 25.894
   9 299.396613 -32.972976    18.819    18.685 13 54739.38413579 27.449
  10 299.395012 -32.973466     5.742     5.726 13 54749.29978283 43.284
  11 299.394494 -32.973697     6.567     6.579 14 54759.21542956 52.489
  12 299.395456 -32.973178    18.070    17.862 13 54769.13107392 25.570
  13 299.397093 -32.971770    12.938    10.861 13 54779.04671483 27.993
  14 299.398601 -32.970605     7.092     7.093 12 54788.96235342 37.735
  15 299.399549 -32.970598     7.648     7.306 11 54798.87799146 34.942
  16 299.399420 -32.968692    10.463    10.342 11 54808.79362939 30.851
  17 299.400803 -32.967643     8.015     7.999 10 54818.70926729 31.698
  18 299.399570 -32.969428    13.563    13.568 11 54828.62492005 29.047
  19 299.396914 -32.970986     5.274     5.033 12 54838.54055977 30.654
  20 299.393959 -32.973915    10.080     5.342 14 54848.45620993 28.177
  21 299.392058 -32.976545    22.868    25.400 15 54858.37185938 23.900
  22 299.391208 -32.977553    19.596    19.177 16 54868.28750845 27.112
  23 299.392378 -32.977809     5.525     5.468 15 54878.20315657 38.554
  24 299.393927 -32.975676    14.958    14.918 15 54888.11880103 32.010
  25 299.394568 -32.974709     6.013     5.945 14 54898.03444221 36.880
  26 299.393818 -32.974809     5.963     5.916 14 54907.95008104 35.533
  27 299.393362 -32.974761    17.180    17.522 14 54917.86571876 25.618
  28 299.395000 -32.974942     5.640     5.676 14 54927.78135681 33.919
  29 299.397143 -32.971943    16.828    13.964 13 54937.69699371 27.142
  30 299.400029 -32.968705     5.736     5.679 11 54947.61262889 29.348
  31 299.402059 -32.965386     5.571     5.502  9 54957.52826353 37.660
  32 299.401196 -32.968297     5.226     5.362 10 54967.44391263 35.588
  33 299.398612 -32.968855    18.926    16.841 11 54977.35955978 23.021
  34 299.397572 -32.970842    13.904    17.491 11 54987.27520714 26.311
  35 299.397069 -32.970921     5.650     5.670 12 54997.19085422 35.328
  36 299.397529 -32.972126     5.741     5.732 12 55007.10649980 45.169
  37 299.396724 -32.971947     5.602     5.563 13 55017.02214283 35.882
  38 299.395991 -32.973410     5.739     5.706 13 55026.93778492 34.913
  39 299.394813 -32.973726    14.335    15.217 13 55036.85342647 31.718
  40 299.396366 -32.973770    13.636    13.395 13 55046.76906753 30.651
  41 299.398541 -32.969439    13.693    14.271 11 55056.68470606 34.256
  42 299.402364 -32.967582     6.755     6.672  9 55066.60034301 36.948
  43 299.400566 -32.967940     7.507     6.887 10 55076.51599312 34.325
  44 299.398166 -32.971463    11.358    10.250 12 55086.43164148 32.132
  45 299.395709 -32.974016    13.226    15.556 13 55096.34728789 30.873
  46 299.394501 -32.973730     7.002     6.991 14 55106.26293333 44.981
  47 299.395659 -32.973210    10.877     8.852 13 55116.17857847 33.554
  48 299.397621 -32.972276     7.350     7.078 12 55126.09422124 35.330
  49 299.397879 -32.969858     7.428     7.433 11 55136.00986114 36.105
  50 299.398553 -32.970416     7.560     7.519 12 55145.92549984 39.524
  51 299.398142 -32.970259     8.040     7.991 12 55155.84113788 40.080
  52 299.398780 -32.970505     8.312     8.288 11 55165.75677651 43.448
  53 299.399615 -32.968719     8.495     8.397 11 55175.67241464 44.476
  54 299.400595 -32.967550     8.517     8.549 10 55185.58805652 41.981
  55 299.398668 -32.970249     8.714     8.678 11 55195.50370871 41.018
  56 299.395602 -32.973374     8.602     8.684 14 55205.41935940 38.117
  57 299.393415 -32.976006     8.882     8.674 15 55215.33500924 33.635
  58 299.392317 -32.976328     8.613     8.666 15 55225.25065791 32.033
  59 299.393713 -32.976097     9.238     8.968 14 55235.16630455 35.169
  60 299.395525 -32.973567     9.082     9.111 14 55245.08194732 36.286
  61 299.396425 -32.973153     9.143     9.192 13 55254.99758756 38.400
  62 299.394838 -32.973148     8.990     9.069 13 55264.91322622 34.542
  63 299.393839 -32.973807     9.220     9.634 14 55274.82886435 33.766
  64 299.395182 -32.972998     8.470     8.478 13 55284.74450189 35.201
  65 299.398746 -32.970411     8.307     8.332 11 55294.66013765 38.643
  66 299.401247 -32.967812     8.360     8.275 10 55304.57577597 42.401
  67 299.400226 -32.968519     8.202     8.212 11 55314.49142359 44.883
  68 299.398416 -32.970096     8.052     8.096 11 55324.40706920 38.212
  69 299.397149 -32.972098     8.099     8.126 12 55334.32271336 33.943
  70 299.396714 -32.973409     8.928     8.153 13 55344.23835698 36.811
  71 299.396711 -32.972357     7.843     7.872 12 55354.15399943 39.452
  72 299.397414 -32.971416    11.319    11.807 12 55364.06963980 33.092
  73 299.398172 -32.971083    15.456    16.199 12 55373.98527861 31.845
  74 299.398266 -32.970150    12.458    14.550 11 55383.90091620 32.901
  75 299.398439 -32.968866    10.321     6.908 11 55393.81655309 34.467
  76 299.401071 -32.968928    12.262    13.618 10 55403.73219051 31.173
  77 299.399904 -32.968343     7.529     6.951 10 55413.64784208 36.157
  78 299.399668 -32.968564    10.182     6.995 10 55423.56349110 33.049
  79 299.399062 -32.968957     9.105     9.525 11 55433.47913744 34.869
  80 299.397629 -32.971426    16.613    17.454 12 55443.39478226 26.784
  81 299.395986 -32.972786    19.907    20.395 12 55453.31042529 27.084
  82 299.396103 -32.973078    14.284    15.780 13 55463.22606733 29.756
  83 299.398000 -32.970741     5.833     5.817 12 55473.14170683 42.816
  84 299.400818 -32.968535    11.397    11.122 10 55483.05734362 36.804
  85 299.401998 -32.965768     6.519     6.467  9 55492.97297811 31.339
  86 299.403244 -32.966143    10.017    10.163  8 55502.88861203 30.153
  87 299.400457 -32.967414    13.064    13.222 10 55512.80425887 37.741
  88 299.398670 -32.970131    14.923    15.530 12 55522.71990935 30.986
  89 299.397723 -32.971887    15.499    16.405 12 55532.63555834 29.815
  90 299.396451 -32.971384    17.664    16.317 12 55542.55120524 28.185
  91 299.396636 -32.973607     6.730     6.714 13 55552.46685074 35.708
  92 299.395410 -32.974330    14.289    14.132 13 55562.38249433 28.364
  93 299.395027 -32.973768    14.512    15.985 13 55572.29813683 26.942
  94 299.395915 -32.972201    13.462    16.129 13 55582.21377780 28.908
  95 299.398173 -32.970009     8.613     6.840 11 55592.12941544 32.018
  96 299.400916 -32.967411     7.769     7.380 10 55602.04504962 36.276
  97 299.403161 -32.966083     8.419     7.370  8 55611.96068202 31.647
  98 299.403933 -32.965529     7.507     7.516  8 55621.87631594 36.051
  99 299.400304 -32.968170     7.796     7.806 10 55631.79196936 41.369
 100 299.399385 -32.970719     7.771     7.608 11 55641.70762095 36.851
 101 299.399433 -32.970925     8.033     8.110 11 55651.62326940 38.645
 102 299.399360 -32.969689     8.208     8.240 10 55661.53891363 39.002
 103 299.398821 -32.969739    11.429     8.407 11 55671.45455469 40.147
 104 299.398324 -32.970349     8.452     8.482 11 55681.37019397 41.337
 105 299.398690 -32.969791     8.341     8.321 11 55691.28583108 43.104
 106 299.400556 -32.969143     8.142     8.154 10 55701.20146647 42.112
 107 299.401103 -32.967986     7.870     7.839  9 55711.11710665 40.226
 108 299.399375 -32.969288     7.270     7.308 11 55721.03275592 45.464
 109 299.397760 -32.971020    11.656    11.149 11 55730.94840326 30.894
 110 299.396830 -32.971857    11.326    11.231 13 55740.86404939 29.309
 111 299.396823 -32.972343    11.316    10.840 12 55750.77969452 28.456
 112 299.397157 -32.970243    10.292     6.980 12 55760.69533699 31.304
 113 299.399318 -32.970179    11.516    13.390 11 55770.61097720 32.045
 114 299.400480 -32.968265     8.565     7.759 11 55780.52661367 36.462
 115 299.402115 -32.967331     7.390     7.332 10 55790.44224760 43.315
 116 299.403751 -32.965970     7.646     7.599  8 55800.35788012 39.656
 117 299.401784 -32.966725     7.633     7.570  9 55810.27352806 46.365
 118 299.401496 -32.968299     7.750     7.719 10 55820.18917674 48.475
 119 299.402168 -32.967525     7.710     7.633  9 55830.10482043 47.450
 120 299.403110 -32.966130     7.501     7.487  9 55840.02045949 36.318
 121 299.403150 -32.965069     7.361     7.324  9 55849.93609568 33.425
 122 299.403963 -32.966136     7.342     7.415  8 55859.85173067 33.522
 123 299.401036 -32.967962     7.643     7.604 10 55869.76738138 40.108
 124 299.399350 -32.968820     7.450     7.425 10 55879.68303302 35.182
 125 299.399183 -32.968816     7.347     7.364 10 55889.59867800 35.643
 126 299.399945 -32.968741     7.970     7.351 10 55899.51431729 34.832
 127 299.401091 -32.967742    11.783    10.266  9 55909.42995146 29.640
 128 299.398744 -32.970773    15.847    16.291 11 55919.34560309 28.213
 129 299.396692 -32.971080    15.131    15.358 12 55929.26125583 27.844
 130 299.397586 -32.971776    17.072    18.175 12 55939.17690512 27.793
 131 299.397741 -32.970159    14.216    14.513 12 55949.09254903 31.827
 132 299.397865 -32.969734    19.881    20.183 11 55959.00818872 28.202
 133 299.398044 -32.970253    15.191    15.302 11 55968.92382641 30.070
 134 299.398862 -32.970140    16.967    18.353 11 55978.83946332 26.243
 135 299.400088 -32.966993     7.612     7.079 10 55988.75509912 31.111
 136 299.402224 -32.967197    17.607    15.726  9 55998.67074133 26.406
 137 299.400916 -32.968021    13.493    13.719 10 56008.58639294 26.852
 138 299.399137 -32.968795     6.087     6.090 11 56018.50204027 32.644
 139 299.397689 -32.971682    14.531    15.592 12 56028.41768481 32.133
 140 299.396192 -32.972722    18.425    18.030 13 56038.33332696 25.269
 141 299.396731 -32.972063     6.400     6.227 13 56048.24896674 34.680
 142 299.398590 -32.970306     7.684     7.576 12 56058.16460352 33.567
 143 299.401692 -32.967062    11.710    11.703 10 56068.08023569 32.424
 144 299.399370 -32.968332     6.448     6.466 10 56077.99588578 41.739
 145 299.397307 -32.971170     6.429     6.402 12 56087.91153432 34.804
 146 299.396107 -32.972199     6.428     6.538 13 56097.82718026 35.684
 147 299.397205 -32.972272    10.365     6.927 12 56107.74282423 33.376
 148 299.399125 -32.970079     7.392     7.467 11 56117.65845351 38.270
 149 299.401246 -32.967268     7.545     7.531 10 56127.57409065 45.371
 150 299.403301 -32.966690     7.380     7.290  9 56137.48972452 35.987
 151 299.400819 -32.967745     7.381     7.171 10 56147.40537002 40.802
 152 299.399436 -32.970830     9.884     8.508 11 56157.32101939 37.444
 153 299.398666 -32.970867     8.889     6.903 11 56167.23666714 35.973
 154 299.399270 -32.969608    13.494    14.093 11 56177.15231213 34.815
 155 299.400872 -32.968706    12.540    13.381 10 56187.06795251 30.991
 156 299.401523 -32.967881     8.703     7.562 10 56196.98358921 32.582
 157 299.401625 -32.967782     6.259     6.563  9 56206.89922331 38.015
 158 299.402213 -32.967584    10.914     8.385  9 56216.81485621 32.854
 159 299.401808 -32.967057     7.853     7.223 10 56226.73049819 36.983
 160 299.401112 -32.969358     6.630     6.605 10 56236.64615397 35.783
 161 299.399725 -32.969607     7.299     6.706 10 56246.56180550 33.132
 162 299.398276 -32.969887    16.226    17.187 11 56256.47745198 26.642
 163 299.397606 -32.971724     5.680     5.697 12 56266.39309499 35.933
 164 299.397201 -32.972192    20.938    24.235 12 56276.30873591 25.330
 165 299.396573 -32.971229     6.837     6.879 12 56286.22438248 31.428
 166 299.397167 -32.970548     6.575     6.555 12 56296.14003243 35.324
 167 299.397888 -32.970140    16.101    16.385 12 56306.05567831 30.409
 168 299.397843 -32.971176     8.578     6.718 11 56315.97132125 32.160
 169 299.396339 -32.971735    20.833    19.800 12 56325.88696244 25.218
 170 299.396804 -32.972734    19.235    18.814 12 56335.80260315 27.871
 171 299.398240 -32.970555    15.910    16.428 12 56345.71824223 26.344
 172 299.400897 -32.967658     7.223     6.801  9 56355.63387892 31.755
 173 299.400675 -32.968217    10.576     7.010 10 56365.54952586 35.592
 174 299.397917 -32.969642     7.115     7.142 11 56375.46517513 36.520
 176 299.393798 -32.973559     6.983     6.994 14 56395.29646502 30.447
 177 299.395108 -32.974181     7.064     7.102 14 56405.21210652 38.376
 178 299.396972 -32.971569    11.285     7.368 12 56415.12774414 34.545
 179 299.400551 -32.968390     7.624     7.604 10 56425.04337691 40.692
 180 299.399393 -32.968579     7.928     7.407 10 56434.95902378 37.630
 181 299.396790 -32.972130     8.081     7.169 13 56444.87467588 33.460
 182 299.394404 -32.973526    13.652    13.977 14 56454.79032526 28.210
 183 299.394444 -32.974048    10.476     7.263 13 56464.70597199 29.912
 184 299.396228 -32.972824     7.788     7.159 13 56474.62161495 32.899
 185 299.398447 -32.970431     7.749     7.701 12 56484.53725436 42.787
 186 299.399971 -32.969447     8.113     8.034 11 56494.45289071 42.992
 187 299.400679 -32.968433     8.347     8.330 10 56504.36852475 52.891
 188 299.402488 -32.966686     8.315     8.320  9 56514.28415700 46.311
 189 299.401333 -32.967367     7.988     8.017  9 56524.19980786 48.091
 190 299.400774 -32.967829     7.384     7.285 10 56534.11545878 39.623
 192 299.398899 -32.969590     6.717     6.713 11 56553.94675020 35.351
 193 299.397523 -32.971164    17.487    17.943 11 56563.86239300 26.116
 194 299.396852 -32.971860    20.277    23.367 12 56573.77803467 25.034
 195 299.398015 -32.971006     7.653     7.531 11 56583.69367401 32.430
 196 299.401109 -32.967650    10.536     7.046 10 56593.60930853 29.094
 197 299.399765 -32.969281    10.689     7.048 10 56603.52496222 33.914
 198 299.397964 -32.970233     7.087     7.183 11 56613.44061158 33.250
 199 299.396779 -32.970828    18.383    18.464 12 56623.35625663 28.529
 200 299.396985 -32.971634     6.790     6.749 12 56633.27189883 37.274
 201 299.398515 -32.969086     6.633     6.576 11 56643.18753565 36.407
 202 299.398446 -32.969672    20.968    18.905 11 56653.10318687 24.020
 203 299.398164 -32.970135     6.179     6.158 12 56663.01883615 30.520
 204 299.397666 -32.971269     9.122     6.435 11 56672.93448297 28.697
 205 299.396641 -32.972880    19.838    19.325 13 56682.85012861 26.379
 206 299.396103 -32.972366    16.588    17.798 13 56692.76577194 27.078
 207 299.397607 -32.970615    10.409     7.299 12 56702.68141119 32.333
 208 299.400956 -32.968929    10.102     7.886 10 56712.59704550 31.749
 209 299.398718 -32.968717    16.954    16.999 11 56722.51269288 25.105
 210 299.395922 -32.972006     6.371     6.398 13 56732.42834485 39.460
 211 299.394630 -32.975948    15.428    16.777 14 56742.34399317 27.806
 212 299.393382 -32.974496    10.563     7.042 14 56752.25963584 35.285
 213 299.395848 -32.973011     7.322     7.302 13 56762.17527337 36.290
 214 299.399547 -32.969244     7.630     7.674 10 56772.09090364 37.744
 215 299.397056 -32.971844     9.703     7.465 13 56782.00656048 33.234
 216 299.394573 -32.974329     7.377     7.364 13 56791.92221470 37.302
 217 299.392539 -32.976789    12.978    14.728 15 56801.83786619 31.808
 218 299.392950 -32.977122    12.589    14.821 15 56811.75351028 31.622
 219 299.394078 -32.974869    12.622    12.263 14 56821.66914988 32.064
 220 299.396819 -32.972235     7.817     7.833 13 56831.58478537 40.863
 221 299.399818 -32.968789     8.102     8.051 10 56841.50041737 41.469
 222 299.401686 -32.968587     8.619     8.565 10 56851.41605482 46.376
 223 299.398388 -32.970141     8.691     8.699 11 56861.33170878 42.621
 224 299.396819 -32.972590     8.595     8.601 12 56871.24736228 52.235
 225 299.396108 -32.973330     8.406     8.423 13 56881.16301252 40.807
 226 299.395413 -32.972788     8.360     8.354 13 56891.07865886 42.061
 227 299.395180 -32.974180     8.042     8.042 13 56900.99430267 39.483
 228 299.393769 -32.975377    12.797    14.499 15 56910.90994454 32.239
 229 299.393764 -32.975662    14.103    15.494 14 56920.82558507 27.914
 230 299.395266 -32.973945    14.570    16.340 13 56930.74122346 28.093
 231 299.397927 -32.969751    10.835     7.463 11 56940.65685673 31.843
 232 299.400662 -32.969426     7.856     7.823 10 56950.57249660 39.941
 233 299.398201 -32.970677     9.660     7.801 11 56960.48814892 33.426
 234 299.396407 -32.972181     9.241     7.516 12 56970.40379617 31.862
 235 299.396759 -32.972866     7.111     7.101 12 56980.31943935 36.330
 236 299.398081 -32.970299    11.739     8.331 12 56990.23507736 29.524
 237 299.402313 -32.967427     7.128     7.108  9 57000.15070915 44.903
 238 299.399973 -32.967680     7.102     7.033 10 57010.06636351 36.530
 239 299.398796 -32.970272     8.490     7.231 11 57019.98201609 32.856
 240 299.397306 -32.972157    11.865     9.220 12 57029.89766578 34.537
 241 299.396098 -32.972802    10.315     8.110 13 57039.81331375 36.050
 242 299.396211 -32.973017     8.115     8.067 13 57049.72895968 35.753
 243 299.398046 -32.972453     8.023     8.016 12 57059.64460165 37.308
 244 299.398700 -32.968768     9.970     7.868 11 57069.56023720 33.785
 245 299.400087 -32.967757     9.307     7.618 10 57079.47586899 34.093
 246 299.399916 -32.968578     7.887     7.868 11 57089.39150716 41.833
 247 299.395948 -32.972166     7.688     7.680 13 57099.30716562 40.078
 248 299.394477 -32.974133    11.881    11.156 14 57109.22282074 32.562
 249 299.395255 -32.973496    14.406    15.965 13 57119.13847004 29.557
 250 299.396087 -32.972337     6.675     6.607 13 57129.05411320 38.154
 251 299.396945 -32.972108     6.375     6.375 13 57138.96975100 37.605
 252 299.397488 -32.970604    13.375    14.703 12 57148.88538504 30.498
 253 299.399850 -32.968393    13.466    14.802 10 57158.80101654 30.714
 254 299.400123 -32.968942    14.428    15.734 10 57168.71666606 28.398
 255 299.399171 -32.970203    13.270    14.350 11 57178.63232228 28.919
 256 299.398109 -32.971037     9.451     9.446 12 57188.54797430 31.804
 257 299.396723 -32.971866     8.635     7.138 13 57198.46362223 31.797
 258 299.396380 -32.974063     7.007     7.037 13 57208.37925659 31.658
 259 299.395208 -32.972287     6.969     6.956 13 57218.29490007 40.818
 260 299.397122 -32.972661     7.408     7.401 12 57228.21054313 37.372
 261 299.398238 -32.970295     7.855     7.850 11 57238.12618338 41.114
 262 299.399835 -32.969005     8.356     8.350 10 57248.04182062 44.991
 263 299.400154 -32.967553     8.302     8.239 10 57257.95745523 46.898
 264 299.400303 -32.966952     8.196     8.072 10 57267.87308907 43.600
 265 299.399709 -32.969761     7.589     7.721 11 57277.78873756 37.717
 266 299.398217 -32.970878    12.460    10.156 12 57287.70439416 30.256
 267 299.397901 -32.971765    16.484    15.548 12 57297.62004808 27.735
 268 299.397263 -32.971296     7.392     6.590 12 57307.53569817 33.045
 269 299.396061 -32.973042    13.590    11.666 13 57317.45134498 28.498
 270 299.394305 -32.974095    14.138    14.406 14 57327.36698812 29.273
 271 299.394576 -32.974410    14.902    16.546 14 57337.28262903 29.437
 272 299.395149 -32.974274     7.766     7.129 14 57347.19827671 32.328
 273 299.396509 -32.973374     7.508     7.557 13 57357.11392336 42.974
 274 299.397761 -32.972154     7.822     7.829 12 57367.02956647 39.187
 275 299.397599 -32.970688     8.279     8.236 12 57376.94520642 40.594
 276 299.397849 -32.970490     8.855     8.793 12 57386.86084514 40.019
 277 299.398555 -32.968791     9.307     9.378 11 57396.77648310 41.526
 278 299.401049 -32.967303     9.434     9.399 10 57406.69212021 43.219
 279 299.400137 -32.967737     9.296     9.287 10 57416.60777180 43.155
 280 299.398469 -32.969654     9.268     9.316 11 57426.52342380 40.256
 281 299.396086 -32.972749     9.063     9.052 12 57436.43907296 39.049
 282 299.393783 -32.974672     8.907     8.889 14 57446.35471992 37.406
 283 299.393213 -32.975622     8.624     8.679 14 57456.27036572 33.081
 284 299.394696 -32.974189     8.859     8.753 14 57466.18600875 33.331
 285 299.397829 -32.970768     8.710     8.714 11 57476.10164758 41.589
 286 299.400757 -32.968718     9.095     9.111 10 57486.01728322 43.853
 287 299.401747 -32.966931     9.085     9.099 10 57495.93291629 41.761
 288 299.402389 -32.966904     9.081     9.084  9 57505.84855083 44.045
 289 299.399343 -32.970702     8.928     8.915 11 57515.76420768 41.846
 290 299.398042 -32.971052     8.562     8.574 11 57525.67986161 41.932
 291 299.398013 -32.970058     8.294     8.360 12 57535.59551298 41.089
 292 299.398079 -32.970648     8.060     8.055 12 57545.51116180 43.050
 293 299.396821 -32.971285     7.887     7.857 12 57555.42680828 39.735
 294 299.395443 -32.971909    10.316     9.137 13 57565.34245303 37.278
 295 299.395752 -32.973205     8.003     7.890 13 57575.25809725 39.682
 296 299.396173 -32.972005     7.914     7.844 12 57585.17374014 38.728
 297 299.397369 -32.970979     9.603     8.878 12 57595.08938105 37.902
