-238677.755    94.162     0.00    1.06
-238388.773    94.212     0.17    1.03
-238099.776    94.203    -0.03    0.98
-237810.763    94.226     0.08    0.94
-237521.734    94.341     0.40    0.95
-237232.691    94.595     0.88    1.10
-236943.631    94.902     1.06    1.16
-236654.556    95.152     0.87    1.23
-236365.466    95.211     0.20    1.24
-236076.361    95.302     0.31    1.20
-235787.239    95.425     0.43    1.22
-235498.103    95.505     0.28    1.20
-235208.951    95.514     0.03    1.15
-234919.783    95.504    -0.04    1.10
-234630.600    95.529     0.09    0.99
-234341.401    95.659     0.45    0.98
-234052.187    95.755     0.33    1.11
-233762.958    95.809     0.19    1.13
-233473.713    95.914     0.36    1.13
-233184.452    96.138     0.77    1.12
-232895.176    96.370     0.80    1.16
-232605.885    96.518     0.51    1.13
-232316.578    96.688     0.59    1.12
-232027.255    96.674    -0.05    1.01
-231737.917    96.711     0.13    1.04
-231448.564    96.873     0.56    1.24
-231159.195    96.833    -0.14    1.24
-230869.810    96.952     0.41    1.21
-230580.410    96.923    -0.10    1.24
-230290.994    96.923     0.00    1.15
-230001.563    97.063     0.48    1.17
-229712.116    97.108     0.16    1.20
-229422.654    97.077    -0.11    1.04
-229133.176    97.033    -0.15    1.00
-228843.683    97.020    -0.05    1.11
-228554.174    97.123     0.36    1.01
-228264.650    97.222     0.34    0.95
-227975.110    97.252     0.10    1.04
-227685.554    97.227    -0.09    1.07
-227395.983    97.285     0.20    0.98
-227106.397    97.212    -0.25    0.96
-226816.794    97.167    -0.16    0.95
-226527.177    97.195     0.10    0.96
-226237.543    97.167    -0.10    0.98
-225947.894    97.123    -0.15    1.00
-225658.230    96.946    -0.61    1.00
-225368.550    96.858    -0.30    0.93
-225078.854    96.843    -0.05    0.86
-224789.143    96.675    -0.58    0.86
-224499.416    96.558    -0.40    0.88
-224209.674    96.438    -0.42    1.12
-223919.916    96.462     0.08    1.16
-223630.142    96.436    -0.09    1.28
-223340.353    96.432    -0.02    1.31
-223050.548    96.329    -0.36    1.32
-222760.728    96.343     0.05    1.25
-222470.892    96.293    -0.18    1.28
-222181.040    96.180    -0.39    1.14
-221891.173    96.123    -0.20    1.09
-221601.290    95.964    -0.55    1.06
-221311.391    95.922    -0.14    1.02
-221021.477    95.910    -0.04    1.02
-220731.547    95.961     0.18    1.04
-220441.602    95.833    -0.44    1.05
-220151.641    95.687    -0.50    1.12
-219864.283    95.616    -0.25    1.16
-219577.631    95.645     0.10    1.22
-219290.964    95.799     0.54    1.40
-219004.282    95.759    -0.14    1.39
-218717.585    95.873     0.40    1.51
-218430.872    95.973     0.35    1.34
-218144.144    95.906    -0.24    1.29
-217857.401    95.743    -0.57    1.30
-217570.642    95.659    -0.29    1.38
-217283.869    95.623    -0.13    1.48
-216997.080    95.516    -0.37    1.38
-216710.276    95.496    -0.07    1.39
-216423.456    95.461    -0.12    1.41
-216136.622    95.491     0.10    1.45
-215849.772    95.476    -0.05    1.40
-215562.907    95.321    -0.54    1.33
-215276.026    95.254    -0.23    1.16
-214989.130    95.093    -0.56    1.11
-214702.219    95.123     0.11    1.29
-214415.293    95.183     0.21    1.32
-214128.352    95.123    -0.21    1.33
-213841.395    95.211     0.31    1.43
-213554.423    95.341     0.45    1.53
-213267.435    95.587     0.86    1.55
-212980.433    95.645     0.20    1.55
-212693.415    95.711     0.23    1.67
-212406.382    95.785     0.26    1.49
-212119.333    96.196     1.43    1.55
-211832.269    96.108    -0.31    1.57
-211545.190    96.520     1.44    1.66
-211258.096    96.652     0.46    1.63
-210970.986    96.630    -0.08    1.53
-210683.861    96.833     0.71    1.47
-210396.721    96.980     0.51    1.63
-210109.565    97.343     1.26    1.74
-209822.394    97.623     0.97    1.64
-209535.208    97.899     0.96    1.55
-209248.006    98.254     1.23    1.55
-208960.789    98.505     0.88    1.56
-208673.557    98.732     0.79    1.60
-208386.309    99.011     0.97    1.42
-208099.046    99.166     0.54    1.35
-207811.768    99.167     0.00    1.36
-207524.474    99.388     0.77    1.44
-207237.165    99.593     0.72    1.44
-206949.841    99.690     0.34    1.37
-206662.501    99.574    -0.40    1.16
-206375.146    99.572    -0.01    1.17
-206087.776    99.610     0.13    1.20
-205800.390    99.761     0.53    1.10
-205512.989    99.880     0.41    1.06
-205225.572    99.917     0.13    1.12
-204938.140   100.108     0.66    1.17
-204650.693   100.223     0.40    1.11
-204363.230   100.223     0.00    1.19
-204075.752    99.680    -1.89    1.84
-203788.259    99.180    -1.74    2.15
-203500.750    98.823    -1.24    2.29
-203213.226    98.476    -1.21    2.42
-202925.686    98.335    -0.49    2.63
-202638.131    98.368     0.12    2.64
-202350.561    98.500     0.46    2.58
-202062.975    98.514     0.05    2.49
-201775.374    97.870    -2.24    2.94
-201487.757    96.978    -3.10    3.20
-201200.125    95.949    -3.58    2.91
-200912.478    95.020    -3.23    2.60
-200624.815    94.564    -1.58    2.45
-200337.137    94.623     0.20    2.82
-200049.443    95.023     1.39    2.99
-199761.734    95.123     0.35    2.86
-199474.010    95.066    -0.20    2.79
-199186.270    94.601    -1.62    2.70
-198898.514    94.009    -2.06    2.73
-198610.743    92.799    -4.20    2.79
-198322.957    91.973    -2.87    2.69
-198035.155    91.005    -3.36    2.46
-197747.338    89.766    -4.30    2.25
-197459.505    88.877    -3.09    2.22
-197171.657    88.025    -2.96    2.29
-196883.794    86.833    -4.14    2.23
-196595.915    85.785    -3.64    2.39
-196308.020    84.577    -4.19    2.38
-196020.110    83.735    -2.93    2.34
-195732.185    82.549    -4.12    2.36
-195444.244    81.123    -4.95    2.56
-195156.288    80.067    -3.67    2.52
-194868.316    79.051    -3.53    2.50
-194580.329    78.007    -3.62    2.22
-194292.326    76.888    -3.89    2.06
-194004.307    76.108    -2.71    1.92
-193716.274    75.600    -1.76    1.99
-193428.224    74.720    -3.06    1.79
-193140.160    73.980    -2.57    1.81
-192852.079    73.152    -2.88    1.67
-192563.984    72.752    -1.39    1.60
-192275.872    72.352    -1.39    1.54
-191987.746    71.946    -1.41    1.49
-191699.603    71.770    -0.61    1.27
-191411.445    71.770     0.00    1.24
-191123.272    71.638    -0.46    1.15
-190835.083    71.466    -0.59    1.25
-190546.879    71.277    -0.66    1.15
-190258.659    70.877    -1.39    1.11
-189970.423    70.991     0.39    1.96
-189682.172    70.735    -0.89    1.95
-189393.906    70.630    -0.36    1.93
-189105.624    70.593    -0.13    1.92
-188817.326    70.543    -0.17    1.94
-188529.013    70.312    -0.80    1.04
-188240.684    70.250    -0.21    1.10
-187952.340    70.223    -0.09    1.11
-187663.980    70.167    -0.20    1.13
-187375.605    70.198     0.11    1.16
-187087.214    70.183    -0.05    1.18
-186798.808    70.285     0.35    1.12
-186510.386    70.413     0.44    1.12
-186221.948    70.476     0.22    1.04
-185933.495    70.485     0.03    1.00
-185645.026    70.538     0.18    0.92
-185356.542    70.593     0.19    0.89
-185068.042    70.755     0.56    0.96
-184779.526    70.858     0.36    0.99
-184490.995    70.909     0.18    0.98
-184202.448    71.036     0.44    1.02
-183913.886    71.208     0.60    1.09
-183625.308    71.352     0.50    1.25
-183336.714    71.427     0.26    1.27
-183048.105    71.299    -0.44    1.24
-182759.481    71.398     0.34    1.32
-182470.840    71.446     0.17    1.30
-182182.184    71.250    -0.68    1.39
-181893.513    71.123    -0.44    1.37
-181604.825    70.912    -0.73    1.48
-181316.123    70.723    -0.65    1.58
-181027.404    70.579    -0.50    1.59
-180738.670    70.167    -1.42    1.70
-180449.920    69.973    -0.67    1.78
-180161.155    69.566    -1.41    1.96
-179872.374    69.138    -1.48    2.06
-179583.577    68.538    -2.08    2.14
-179294.765    67.995    -1.88    2.18
-179005.937    67.481    -1.78    2.21
-178717.094    66.888    -2.05    2.11
-178428.234    66.168    -2.49    2.07
-178139.359    65.917    -0.87    2.14
-177850.469    65.283    -2.20    2.06
-177561.563    64.703    -2.01    1.87
-177272.641    64.194    -1.76    1.93
-176983.703    63.709    -1.68    1.94
-176694.750    63.317    -1.36    1.91
-176405.781    63.020    -1.03    1.71
-176116.796    62.690    -1.14    1.61
-175827.796    62.520    -0.59    1.51
-175538.780    62.252    -0.93    1.03
-175249.748    62.283     0.11    0.93
-174960.701    62.181    -0.35    0.95
-174671.638    62.123    -0.20    1.04
-174382.559    61.973    -0.52    1.10
-174093.465    61.902    -0.25    1.05
-173804.355    61.814    -0.31    1.04
-173515.229    61.829     0.05    1.24
-173226.087    61.819    -0.03    1.10
-172936.930    61.746    -0.25    1.13
-172647.757    61.549    -0.68    1.22
-172358.568    61.358    -0.66    1.02
-172069.364    61.314    -0.15    1.04
-171780.143    61.078    -0.82    1.00
-171490.908    60.946    -0.45    0.92
-171201.656    60.828    -0.41    0.90
-170912.388    60.601    -0.78    0.98
-170623.105    60.377    -0.78    1.06
-170333.806    60.270    -0.37    1.06
-170044.492    60.109    -0.56    1.03
-169755.161    60.093    -0.05    1.14
-169465.815    60.427     1.15    2.30
-169176.453    60.532     0.36    2.24
-168887.076    60.540     0.03    2.21
-168597.682    60.601     0.21    2.17
-168308.273    60.543    -0.20    2.18
-168018.848    60.456    -0.30    2.26
-167729.408    60.138    -1.10    1.77
-167439.951    59.873    -0.91    0.99
-167150.479    59.505    -1.27    1.17
-166860.991    59.409    -0.33    1.09
-166571.487    59.222    -0.65    1.16
-166281.967    59.066    -0.54    1.20
-165992.432    58.917    -0.52    1.10
-165702.881    58.735    -0.63    1.06
-165413.314    58.481    -0.88    1.08
-165123.731    58.268    -0.73    1.12
-164834.132    57.906    -1.25    1.27
-164544.518    57.388    -1.79    1.30
-164254.888    56.823    -1.95    1.48
-163965.242    56.123    -2.42    1.53
-163675.580    55.314    -2.79    1.61
-163385.902    54.593    -2.49    1.61
-163096.209    54.047    -1.89    1.39
-162806.499    53.766    -0.97    1.54
-162516.774    53.480    -0.99    1.51
-162227.033    53.335    -0.50    1.44
-161937.276    53.195    -0.48    1.51
-161647.504    53.332     0.47    1.47
-161357.715    53.138    -0.67    1.20
-161067.911    53.023    -0.39    1.21
-160778.091    53.123     0.34    1.25
-160488.255    53.109    -0.05    1.27
-160198.403    53.196     0.30    1.17
-159908.535    53.108    -0.30    1.11
-159618.651    52.961    -0.51    1.04
-159328.752    52.917    -0.15    1.02
-159038.836    52.652    -0.91    0.80
-158748.905    52.623    -0.10    0.86
-158458.958    52.370    -0.87    1.05
-158168.995    52.209    -0.55    1.01
-157880.108    51.898    -1.08    1.44
-157593.500    51.312    -2.05    1.72
-157306.876    50.852    -1.60    1.77
-157020.236    50.329    -1.82    1.66
-156733.582    49.705    -2.18    1.50
-156446.911    49.226    -1.67    1.54
-156160.226    48.717    -1.77    1.42
-155873.524    48.181    -1.87    1.52
-155586.808    47.766    -1.45    1.46
-155300.076    47.323    -1.54    1.41
-155013.328    47.063    -0.91    1.25
-154726.565    46.652    -1.43    1.20
-154439.786    46.319    -1.16    1.18
-154152.992    46.152    -0.58    1.16
-153866.183    45.946    -0.72    1.24
-153579.358    45.804    -0.50    1.13
-153292.517    45.560    -0.85    1.18
-153005.661    45.409    -0.53    1.14
-152718.790    45.242    -0.58    1.09
-152431.903    45.167    -0.26    1.08
-152145.000    45.107    -0.21    1.04
-151858.082    44.932    -0.61    1.04
-151571.149    44.880    -0.18    1.07
-151284.200    44.795    -0.30    1.17
-150997.235    44.763    -0.11    1.28
-150710.255    44.518    -0.85    1.49
-150423.260    44.196    -1.12    1.55
-150136.249    43.696    -1.74    1.64
-149849.222    43.409    -1.00    1.86
-149562.180    42.991    -1.46    1.93
-149275.122    42.038    -3.32    2.10
-148988.049    41.109    -3.24    2.08
-148700.960    40.179    -3.24    2.00
-148413.856    39.595    -2.04    1.82
-148126.736    38.978    -2.15    1.61
-147839.600    38.432    -1.90    1.39
-147552.450    38.095    -1.17    1.40
-147265.283    37.682    -1.44    1.39
-146978.101    37.552    -0.45    1.50
-146690.903    37.601     0.17    1.78
-146403.690    37.888     1.00    2.53
-146116.461    38.166     0.97    2.86
-145829.217    38.585     1.46    3.08
-145541.957    38.520    -0.23    3.30
-145254.682    38.564     0.15    3.39
-144967.390    37.888    -2.35    3.40
-144680.084    36.666    -4.25    3.03
-144392.762    35.906    -2.65    2.72
-144105.424    34.912    -3.46    2.33
-143818.070    34.094    -2.85    1.65
-143530.701    33.645    -1.56    1.21
-143243.317    33.361    -0.99    1.03
-142955.916    33.406     0.16    1.07
-142668.500    33.579     0.60    1.44
-142381.069    34.442     3.00    2.42
-142093.622    35.152     2.47    2.82
-141806.159    36.504     4.70    3.55
-141518.681    37.738     4.29    4.03
-141231.187    39.323     5.51    4.20
-140943.678    40.486     4.04    3.72
-140656.152    41.653     4.06    3.16
-140368.612    41.991     1.17    2.70
-140081.055    42.595     2.10    2.39
-139793.483    42.659     0.22    2.24
-139505.895    42.538    -0.42    2.17
-139218.292    42.309    -0.79    2.18
-138930.673    41.680    -2.19    2.34
-138643.038    40.959    -2.51    2.50
-138355.388    40.564    -1.37    2.54
-138067.722    39.829    -2.56    2.44
-137780.041    39.966     0.48    2.32
-137492.343    39.786    -0.63    2.32
-137204.630    39.877     0.32    2.52
-136916.902    39.687    -0.66    2.57
-136629.157    39.080    -2.11    2.62
-136341.397    39.022    -0.20    2.92
-136053.622    38.991    -0.11    2.89
-135765.831    38.683    -1.07    3.05
-135478.024    38.732     0.17    3.03
-135190.201    38.513    -0.76    3.04
-134902.362    38.283    -0.80    3.29
-134614.508    37.800    -1.68    3.41
-134326.639    36.770    -3.58    3.50
-134038.753    35.623    -3.98    3.59
-133750.852    34.226    -4.85    3.55
-133462.935    32.543    -5.84    3.26
-133175.003    31.295    -4.34    2.96
-132887.054    30.249    -3.63    2.46
-132599.090    29.338    -3.16    2.32
-132311.111    28.695    -2.23    2.20
-132023.115    28.255    -1.53    1.87
-131735.104    28.370     0.40    2.01
-131447.077    28.667     1.03    2.17
-131159.034    29.138     1.63    2.11
-130870.976    29.462     1.12    2.20
-130582.902    30.152     2.39    2.41
-130294.812    30.652     1.74    2.31
-130006.707    31.152     1.74    2.58
-129718.585    31.759     2.11    2.73
-129430.448    32.535     2.69    3.41
-129142.295    33.402     3.01    4.11
-128854.127    34.964     5.42    4.95
-128565.943    36.743     6.17    5.58
-128277.742    38.610     6.48    6.01
-127989.527    40.355     6.05    6.08
-127701.295    42.529     7.54    6.06
-127413.048    44.182     5.73    6.07
-127124.784    45.976     6.22    6.18
-126836.505    46.991     3.52    6.17
-126548.211    48.239     4.33    6.48
-126259.900    48.952     2.47    6.36
-125971.574    48.884    -0.24    6.53
-125683.232    48.509    -1.30    6.56
-125394.874    48.152    -1.24    5.96
-125106.500    47.093    -3.67    5.16
-124818.111    46.804    -1.00    4.55
-124529.705    45.726    -3.74    4.30
-124241.284    44.966    -2.63    4.30
-123952.847    44.166    -2.77    3.93
-123664.395    43.433    -2.54    3.49
-123375.926    43.080    -1.23    3.01
-123087.442    42.976    -0.36    2.70
-122798.942    42.899    -0.27    2.72
-122510.426    43.406     1.76    2.85
-122221.894    43.051    -1.23    3.16
-121933.346    42.938    -0.39    3.65
-121644.783    42.504    -1.50    3.81
-121356.203    42.009    -1.71    3.72
-121067.608    41.752    -0.89    3.64
-120778.997    41.358    -1.36    3.21
-120490.370    40.888    -1.63    2.92
-120201.727    40.615    -0.94    2.45
-119913.069    40.123    -1.70    2.25
-119624.394    39.766    -1.24    2.26
-119335.704    39.318    -1.55    1.98
-119046.998    38.856    -1.60    1.73
-118758.276    38.480    -1.30    1.85
-118469.538    38.049    -1.49    1.73
-118180.784    37.491    -1.94    1.72
-117892.015    37.226    -0.92    1.75
-117603.229    36.609    -2.14    1.82
-117314.428    35.895    -2.47    1.88
-117025.610    35.193    -2.43    1.72
-116736.777    34.800    -1.36    1.59
-116447.928    34.326    -1.64    1.54
-116159.063    33.888    -1.52    1.51
-115870.182    33.566    -1.11    1.75
-115581.286    33.241    -1.13    1.72
-115292.373    32.800    -1.53    2.06
-115003.444    32.456    -1.19    2.19
-114714.500    32.013    -1.54    2.33
-114425.540    31.295    -2.48    2.42
-114136.563    31.123    -0.60    2.45
-113847.571    30.520    -2.09    2.38
-113558.563    30.066    -1.57    2.26
-113269.539    29.949    -0.40    2.14
-112980.499    29.480    -1.62    2.15
-112691.443    29.480     0.00    2.06
-112402.371    29.152    -1.14    2.05
-112113.283    29.049    -0.36    2.18
-111824.179    28.959    -0.31    2.26
-111535.060    28.358    -2.08    2.25
-111245.924    28.123    -0.81    2.17
-110956.772    27.695    -1.48    2.05
-110667.605    27.196    -1.73    1.71
-110378.421    27.051    -0.50    1.70
-110089.222    26.667    -1.33    1.87
-109800.006    26.585    -0.28    1.96
-109510.775    26.696     0.38    2.07
-109221.527    26.123    -1.98    2.03
-108932.264    26.152     0.10    1.89
-108642.985    25.955    -0.68    1.87
-108353.689    25.938    -0.06    2.08
-108064.378    26.152     0.74    2.41
-107775.051    26.891     2.56    3.38
-107485.707    26.976     0.29    3.34
-107196.348    27.314     1.17    3.75
-106906.973    26.858    -1.58    2.99
-106617.582    26.638    -0.76    2.74
-106328.174    26.398    -0.83    2.63
-106038.751    26.312    -0.30    2.73
-105749.312    25.870    -1.53    1.41
-105459.856    25.814    -0.19    1.47
-105170.385    25.566    -0.86    1.42
-104880.898    25.535    -0.11    1.39
-104591.394    25.352    -0.63    1.26
-104301.875    25.335    -0.06    1.28
-104012.339    25.082    -0.87    1.19
-103722.788    25.080    -0.01    1.26
-103433.220    24.952    -0.44    1.25
-103143.637    24.932    -0.07    1.23
-102854.037    24.952     0.07    1.21
-102564.421    24.873    -0.27    1.23
-102274.790    24.938     0.22    1.35
-101985.142    24.891    -0.16    1.35
-101695.478    24.777    -0.40    1.36
-101405.798    24.757    -0.07    1.37
-101116.102    24.630    -0.44    1.31
-100826.390    24.343    -0.99    1.52
-100536.662    24.152    -0.66    1.43
-100246.918    24.022    -0.45    1.44
 -99957.158    23.983    -0.13    1.44
 -99667.382    23.838    -0.50    1.41
 -99377.589    23.616    -0.77    1.43
 -99087.781    23.623     0.02    1.40
 -98797.956    23.608    -0.05    1.30
 -98508.116    23.535    -0.25    1.38
 -98218.259    23.223    -1.07    1.34
 -97928.386    22.909    -1.08    1.42
 -97638.497    22.823    -0.30    1.35
 -97348.592    22.480    -1.18    1.49
 -97058.671    22.152    -1.13    1.37
 -96768.734    21.869    -0.98    1.26
 -96478.781    21.579    -1.00    1.21
 -96188.811    21.549    -0.10    1.22
 -95898.826    21.442    -0.37    1.20
 -95611.768    21.452     0.03    1.19
 -95325.193    21.623     0.60    1.18
 -95038.602    21.609    -0.05    1.21
 -94751.996    21.848     0.83    1.23
 -94465.374    21.929     0.28    1.17
 -94178.737    21.902    -0.09    1.28
 -93892.084    21.991     0.31    1.26
 -93605.415    22.049     0.21    1.25
 -93318.730    22.209     0.56    1.35
 -93032.030    22.480     0.95    1.39
 -92745.314    22.572     0.32    1.43
 -92458.582    22.829     0.89    1.38
 -92171.835    22.873     0.15    1.38
 -91885.072    22.991     0.41    1.26
 -91598.293    23.182     0.67    1.27
 -91311.498    23.312     0.45    1.37
 -91024.688    23.413     0.35    1.40
 -90737.862    23.442     0.10    1.34
 -90451.020    23.413    -0.10    1.33
 -90164.163    23.514     0.35    1.35
 -89877.290    23.326    -0.66    1.33
 -89590.401    23.226    -0.35    1.38
 -89303.496    23.255     0.10    1.38
 -89016.576    23.241    -0.05    1.32
 -88729.640    23.297     0.20    1.42
 -88442.688    23.495     0.69    1.34
 -88155.720    23.595     0.35    1.32
 -87868.737    23.452    -0.50    1.40
 -87581.738    23.471     0.07    1.44
 -87294.723    23.652     0.63    1.49
 -87007.692    23.667     0.05    1.52
 -86720.646    23.917     0.87    1.44
 -86433.583    24.065     0.52    1.47
 -86146.505    24.236     0.60    1.43
 -85859.412    24.338     0.35    1.34
 -85572.302    24.263    -0.26    1.36
 -85285.177    24.297     0.12    1.29
 -84998.036    24.299     0.01    1.42
 -84710.879    24.196    -0.36    1.39
 -84423.706    24.370     0.60    1.53
 -84136.518    24.452     0.29    1.77
 -83849.313    24.546     0.33    2.02
 -83562.093    24.775     0.80    2.09
 -83274.857    24.781     0.02    2.10
 -82987.605    25.080     1.04    1.93
 -82700.338    25.182     0.35    1.86
 -82413.055    25.049    -0.46    1.75
 -82125.755    25.052     0.01    1.59
 -81838.440    25.049    -0.01    1.48
 -81551.110    24.955    -0.33    1.89
 -81263.763    25.065     0.38    1.96
 -80976.401    25.097     0.11    2.00
 -80689.022    25.138     0.14    1.93
 -80401.628    25.138     0.00    2.33
 -80114.218    24.902    -0.82    2.19
 -79826.792    25.152     0.87    2.88
 -79539.351    25.417     0.92    2.96
 -79251.893    25.701     0.99    2.81
 -78964.420    25.862     0.56    2.78
 -78676.931    25.535    -1.14    1.80
 -78389.425    25.509    -0.09    1.66
 -78101.904    25.638     0.45    1.58
 -77814.368    25.711     0.26    1.56
 -77526.815    25.809     0.34    1.51
 -77239.246    25.946     0.48    1.47
 -76951.662    25.923    -0.08    1.40
 -76664.062    26.268     1.20    1.42
 -76376.445    26.466     0.69    1.54
 -76088.813    26.538     0.25    1.49
 -75801.165    26.471    -0.23    1.56
 -75513.502    26.579     0.37    1.80
 -75225.822    26.352    -0.79    1.82
 -74938.126    26.285    -0.23    1.86
 -74650.415    26.023    -0.91    2.09
 -74362.687    25.852    -0.60    2.01
 -74074.944    25.754    -0.34    1.94
 -73787.185    25.574    -0.62    1.79
 -73499.409    25.601     0.09    1.57
 -73211.618    25.726     0.43    1.64
 -72923.811    25.852     0.44    1.65
 -72635.988    26.020     0.58    1.60
 -72348.149    26.166     0.51    1.87
 -72060.295    26.109    -0.20    1.88
 -71772.424    26.097    -0.04    1.79
 -71484.537    26.152     0.19    1.77
 -71196.635    25.993    -0.55    1.52
 -70908.716    26.049     0.20    1.44
 -70620.782    25.838    -0.74    1.56
 -70332.831    25.446    -1.36    1.82
 -70044.865    24.395    -3.65    2.80
 -69756.882    23.209    -4.12    3.56
 -69468.884    21.521    -5.86    4.18
 -69180.870    19.595    -6.69    4.27
 -68892.840    17.891    -5.91    3.77
 -68604.793    16.402    -5.17    2.91
 -68316.731    15.452    -3.30    1.99
 -68028.653    14.917    -1.86    1.55
 -67740.559    14.938     0.07    1.86
 -67452.449    15.423     1.69    2.22
 -67164.323    15.881     1.59    2.45
 -66876.181    16.923     3.62    2.46
 -66588.023    17.949     3.56    2.68
 -66299.849    19.417     5.09    2.74
 -66011.659    20.538     3.89    2.39
 -65723.452    21.211     2.34    2.13
 -65435.230    22.138     3.21    1.86
 -65146.992    22.870     2.54    1.50
 -64858.738    23.302     1.50    1.37
 -64570.468    23.659     1.24    1.17
 -64282.182    23.833     0.61    0.94
 -63993.880    23.917     0.29    1.05
 -63705.562    23.952     0.12    1.08
 -63417.228    23.755    -0.68    1.29
 -63128.877    23.523    -0.80    1.40
 -62840.511    23.363    -0.56    1.55
 -62552.129    23.097    -0.92    1.65
 -62263.731    22.729    -1.27    1.78
 -61975.316    22.659    -0.24    1.75
 -61686.886    22.402    -0.89    1.83
 -61398.439    21.923    -1.66    1.88
 -61109.977    21.297    -2.17    1.75
 -60821.498    21.023    -0.95    1.75
 -60533.004    20.631    -1.36    1.65
 -60244.493    20.151    -1.66    1.72
 -59955.966    19.580    -1.98    1.51
 -59667.424    19.343    -0.82    1.61
 -59378.865    19.226    -0.41    1.82
 -59090.290    19.398     0.60    1.98
 -58801.699    19.688     1.00    1.99
 -58513.092    20.238     1.90    1.94
 -58224.469    20.623     1.34    1.86
 -57935.829    20.971     1.20    1.91
 -57647.174    21.209     0.82    1.83
 -57358.502    21.432     0.77    1.80
 -57069.815    21.417    -0.05    1.94
 -56781.111    21.570     0.53    1.78
 -56492.392    21.609     0.13    1.76
 -56203.656    21.709     0.35    1.72
 -55914.904    21.570    -0.48    1.73
 -55626.136    21.252    -1.10    2.05
 -55337.351    21.123    -0.45    2.02
 -55048.551    20.914    -0.73    2.17
 -54759.735    20.358    -1.92    2.26
 -54470.902    19.660    -2.42    2.32
 -54182.053    19.252    -1.41    2.23
 -53893.189    18.995    -0.89    2.14
 -53604.308    18.630    -1.26    2.08
 -53315.411    18.709     0.27    2.26
 -53026.497    18.514    -0.67    2.52
 -52737.568    18.398    -0.40    2.61
 -52448.622    18.505     0.37    2.43
 -52159.661    18.520     0.05    2.39
 -51870.683    18.828     1.07    2.30
 -51581.689    19.179     1.22    2.71
 -51292.679    19.786     2.10    2.77
 -51003.652    20.123     1.17    2.75
 -50714.610    21.299     4.07    4.83
 -50425.551    22.080     2.70    5.48
 -50136.476    22.226     0.50    5.54
 -49847.385    23.138     3.15    6.30
 -49558.278    24.067     3.22    7.57
 -49269.155    25.124     3.65    8.11
 -48980.015    25.870     2.58    8.46
 -48690.859    26.652     2.70    8.12
 -48401.687    27.711     3.66    7.70
 -48112.499    28.223     1.77    7.33
 -47823.295    29.123     3.11    6.60
 -47534.074    28.938    -0.64    5.09
 -47244.838    27.823    -3.85    4.24
 -46955.585    27.016    -2.79    4.07
 -46666.315    26.452    -1.95    4.23
 -46377.030    25.297    -3.99    3.42
 -46087.728    25.064    -0.81    3.38
 -45798.411    25.009    -0.19    3.44
 -45509.076    25.035     0.09    3.05
 -45219.726    25.323     1.00    2.88
 -44930.360    25.349     0.09    2.62
 -44640.977    25.001    -1.20    1.97
 -44351.578    25.490     1.69    2.30
 -44062.163    25.446    -0.15    2.42
 -43772.731    25.402    -0.15    2.59
 -43483.283    25.095    -1.06    2.26
 -43193.819    24.645    -1.55    2.01
 -42904.339    24.309    -1.16    1.62
 -42614.842    24.223    -0.30    1.55
 -42325.330    24.321     0.34    1.58
 -42035.801    24.480     0.55    1.54
 -41746.255    24.461    -0.07    1.58
 -41456.694    24.785     1.12    1.36
 -41167.116    24.667    -0.41    1.41
 -40877.522    24.666    -0.00    1.40
 -40587.911    24.546    -0.41    1.62
 -40298.284    24.509    -0.13    1.58
 -40008.641    24.623     0.39    1.28
 -39718.982    24.717     0.32    1.24
 -39429.307    24.549    -0.58    1.15
 -39139.615    24.608     0.20    1.11
 -38849.906    24.775     0.58    1.07
 -38560.182    24.842     0.23    0.99
 -38270.441    25.013     0.59    0.98
 -37980.684    25.066     0.18    0.95
 -37690.911    25.081     0.05    0.88
 -37401.121    25.226     0.50    0.91
 -37111.315    25.366     0.48    0.97
 -36821.492    25.358    -0.03    0.97
 -36531.653    25.338    -0.07    1.06
 -36241.798    25.338     0.00    1.15
 -35951.927    25.261    -0.26    1.26
 -35662.039    25.208    -0.18    1.35
 -35372.135    25.295     0.30    1.50
 -35082.215    25.226    -0.24    1.56
 -34792.278    25.280     0.19    1.52
 -34502.325    25.427     0.51    1.66
 -34212.355    25.447     0.07    1.70
 -33922.369    25.738     1.00    1.77
 -33633.684    25.721    -0.06    1.73
 -33347.147    25.438    -0.99    1.66
 -33060.593    25.505     0.24    1.70
 -32774.024    25.417    -0.31    1.63
 -32487.439    25.466     0.17    1.67
 -32200.838    25.446    -0.07    1.75
 -31914.221    25.595     0.52    1.77
 -31627.588    25.616     0.08    1.77
 -31340.939    25.439    -0.62    1.78
 -31054.274    25.166    -0.95    1.68
 -30767.594    25.036    -0.45    1.64
 -30480.897    24.829    -0.72    1.35
 -30194.185    24.680    -0.52    1.27
 -29907.456    24.355    -1.14    1.54
 -29620.712    23.687    -2.33    1.98
 -29333.951    22.856    -2.90    2.55
 -29047.175    21.610    -4.35    3.25
 -28760.383    20.495    -3.89    3.23
 -28473.575    19.969    -1.83    2.93
 -28186.751    19.152    -2.85    2.26
 -27899.910    18.991    -0.56    2.30
 -27613.054    19.196     0.71    2.52
 -27326.182    19.770     2.00    3.02
 -27039.294    21.293     5.31    2.58
 -26752.390    22.067     2.70    2.50
 -26465.470    22.955     3.09    2.30
 -26178.534    23.729     2.70    2.12
 -25891.583    24.438     2.47    1.68
 -25604.615    25.152     2.49    2.08
 -25317.631    25.675     1.82    2.15
 -25030.631    24.535    -3.97    5.95
 -24743.615    22.983    -5.41    8.76
 -24456.583    21.923    -3.69   10.15
 -24169.535    20.068    -6.46   11.60
 -23882.471    18.518    -5.40   12.24
 -23595.391    16.546    -6.87   12.75
 -23308.296    14.370    -7.58   12.93
 -23021.184    13.932    -1.52   12.82
 -22734.056    12.579    -4.71   12.43
 -22446.912    11.297    -4.46   11.95
 -22159.752    11.363     0.23   11.90
 -21872.576    10.864    -1.74   11.83
 -21585.384     9.898    -3.36   11.71
 -21298.176     9.109    -2.75   11.62
 -21010.952     8.746    -1.26   11.59
 -20723.711     8.423    -1.12   11.73
 -20436.455     7.873    -1.92   11.47
 -20149.183     6.638    -4.30   10.73
 -19861.895     6.560    -0.27   10.55
 -19574.590     6.631     0.25   10.93
 -19287.270     5.938    -2.41   10.75
 -18999.934     6.011     0.25   10.85
 -18712.581     5.580    -1.50   11.13
 -18425.212     5.566    -0.05   11.44
 -18137.828     4.755    -2.82   10.91
 -17850.427     2.949    -6.28    9.05
 -17563.010     2.523    -1.48    8.25
 -17275.577     1.749    -2.69    7.17
 -16988.128     1.223    -1.83    6.58
 -16700.663     1.842     2.15    7.65
 -16413.182     1.323    -1.80    6.71
 -16125.685     0.946    -1.31    5.41
 -15838.172     1.770     2.86    6.72
 -15550.642     1.196    -1.99    3.53
 -15263.097     1.906     2.47    3.71
 -14975.535     2.729     2.86    3.83
 -14687.957     3.523     2.76    3.93
 -14400.364     3.814     1.01    3.76
 -14112.754     3.877     0.22    3.32
 -13825.128     4.093     0.75    3.13
 -13537.485     4.210     0.41    2.99
 -13249.827     4.505     1.03    2.70
 -12962.153     4.616     0.38    2.42
 -12674.462     4.842     0.79    2.01
 -12386.755     4.546    -1.03    1.81
 -12099.033     3.828    -2.50    2.33
 -11811.294     3.095    -2.55    2.67
 -11523.538     2.373    -2.51    2.96
 -11235.767     1.343    -3.58    2.61
 -10947.980     1.064    -0.97    2.85
 -10660.176     1.094     0.10    3.29
 -10372.356     1.504     1.42    3.65
 -10084.521     2.494     3.44    3.95
  -9796.668     3.278     2.73    3.94
  -9508.800     4.209     3.23    3.75
  -9220.916     5.152     3.28    3.13
  -8933.015     5.423     0.94    2.81
  -8645.099     5.667     0.85    2.40
  -8357.166     5.505    -0.56    2.42
  -8069.217     5.208    -1.03    2.50
  -7781.251     4.975    -0.81    2.67
  -7493.270     4.766    -0.73    2.51
  -7205.272     4.729    -0.13    2.38
  -6917.258     4.384    -1.20    2.12
  -6629.228     4.380    -0.01    2.11
  -6341.182     4.549     0.59    2.01
  -6053.119     4.210    -1.18    2.52
  -5765.041     3.823    -1.34    2.86
  -5476.946     3.699    -0.43    2.79
  -5188.835     3.580    -0.41    2.99
  -4900.707     3.363    -0.75    2.78
  -4612.564     3.352    -0.04    2.76
  -4324.404     4.005     2.27    2.80
  -4036.228     4.402     1.38    2.37
  -3748.036     4.461     0.20    2.09
  -3459.827     4.307    -0.54    2.24
  -3171.603     4.138    -0.59    2.25
  -2883.362     3.955    -0.64    2.31
  -2595.105     3.743    -0.73    2.33
  -2306.831     3.295    -1.56    2.52
  -2018.542     2.888    -1.41    2.70
  -1730.236     2.285    -2.09    2.81
  -1441.913     1.770    -1.79    2.79
  -1153.575     1.335    -1.51    2.94
   -865.220     1.080    -0.88    3.11
   -576.849     1.540     1.59    4.44
   -288.462     1.715     0.61    4.72
     -0.058     2.039     1.12    6.13
    288.361     2.035    -0.02    7.39
    576.797     2.623     2.04    8.65
    865.250     2.329    -1.02    8.83
   1153.718     1.738    -2.05    7.97
   1442.203     1.766     0.10    8.00
   1730.705     0.962    -2.79    5.62
   2019.222     0.715    -0.86    4.94
   2307.756     0.819     0.36    4.47
   2596.306     1.035     0.75    4.40
   2884.873     1.238     0.70    4.21
   3173.455     0.991    -0.86    3.27
   3462.055     1.409     1.45    3.55
   3750.670     1.264    -0.50    3.35
   4039.302     0.905    -1.25    3.15
   4327.950     0.786    -0.41    3.06
   4616.614     1.065     0.97    3.40
   4905.295     1.461     1.37    3.41
   5193.992     1.761     1.04    3.31
   5482.705     1.993     0.80    3.17
   5771.435     2.504     1.77    3.09
   6060.181     2.721     0.75    2.78
   6348.943     2.969     0.86    2.63
   6637.722     2.884    -0.29    2.39
   6926.517     2.923     0.14    2.18
   7215.329     2.799    -0.43    2.06
   7504.156     2.804     0.02    1.98
   7793.001     2.667    -0.48    1.98
   8081.861     2.638    -0.10    1.80
   8370.738     2.518    -0.41    2.10
   8659.631     2.595     0.27    2.38
   8948.541     2.447    -0.51    2.56
   9237.467     2.476     0.10    2.71
   9526.409     2.211    -0.92    2.84
   9815.368     2.079    -0.46    2.87
  10104.343     1.723    -1.23    2.91
  10393.335     1.266    -1.58    2.81
  10682.343     0.880    -1.33    2.55
  10971.367     0.566    -1.09    2.45
  11260.408     0.123    -1.53    1.88
  11549.465    -0.196    -1.10    1.69
  11838.539    -0.539    -1.19    1.24
  12127.629    -0.642    -0.36    1.10
  12416.735    -0.734    -0.32    0.96
  12705.858    -0.862    -0.44    0.00
  12994.998    -0.862     0.00    0.00
  13284.153    -0.862     0.00    0.00
  13573.325    -0.862     0.00    0.00
  13862.514    -0.862     0.00    0.00
  14151.719    -0.862     0.00    0.00
  14440.940    -0.862     0.00    0.00
  14730.178    -0.412     1.56    1.68
  15019.433    -0.158     0.88    2.10
  15308.703     0.624     2.70    3.93
  15597.991     1.067     1.53    4.53
  15887.294     2.081     3.51    6.18
  16176.614     2.373     1.01    6.16
  16465.951     3.419     3.62    7.57
  16755.304     3.755     1.16    7.96
  17044.674     4.580     2.85    8.64
  17334.060     5.997     4.89    9.69
  17623.462     7.192     4.13   10.73
  17912.881     7.321     0.45   10.46
  18202.317     8.456     3.92   10.48
  18491.769     8.696     0.83    9.94
  18781.237     9.250     1.91    9.57
  19070.722     9.398     0.51    9.35
  19360.223     9.391    -0.03    8.65
  19649.741     9.902     1.76    8.75
  19939.276    10.490     2.03    9.02
  20228.827    11.938     5.00    9.27
  20518.394    13.181     4.29    9.76
  20807.978    14.417     4.27    9.76
  21097.579    15.182     2.64    9.92
  21387.196    16.819     5.65    9.07
  21676.829    17.095     0.95    8.60
  21966.479    16.208    -3.06    8.25
  22256.146    15.680    -1.82    7.50
  22545.829    15.011    -2.31    6.14
  22835.528    13.866    -3.95    5.31
  23125.245    13.608    -0.89    3.91
  23414.977    13.630     0.08    3.23
  23704.727    14.665     3.57    2.90
  23994.492    15.781     3.85    3.28
  24284.275    16.923     3.94    3.02
  24574.074    18.207     4.43    3.17
  24863.889    19.380     4.05    3.07
  25153.721    20.280     3.11    2.80
  25443.570    21.051     2.66    2.78
  25733.435    21.285     0.81    2.53
  26023.317    21.721     1.51    2.17
  26313.215    21.828     0.37    1.90
  26603.130    21.856     0.10    1.81
  26893.062    22.039     0.63    1.71
  27183.010    22.182     0.49    1.64
  27472.975    22.461     0.96    1.72
  27762.956    22.848     1.33    1.78
  28052.954    23.366     1.79    1.74
  28342.968    23.983     2.13    1.60
  28629.806    24.266     0.99    1.53
  28916.310    24.713     1.56    1.29
  29202.831    25.096     1.34    1.38
  29489.368    25.326     0.80    1.37
  29775.921    25.652     1.14    1.23
  30062.491    25.738     0.30    1.30
  30349.076    25.804     0.23    1.35
  30635.678    25.895     0.32    1.32
  30922.295    25.912     0.06    1.19
  31208.929    25.932     0.07    1.24
  31495.579    25.870    -0.22    1.16
  31782.245    25.786    -0.29    1.03
  32068.928    25.785    -0.00    1.03
  32355.626    25.873     0.31    1.03
  32642.341    25.848    -0.09    1.04
  32929.072    25.809    -0.14    1.05
  33215.819    25.652    -0.55    1.05
  33502.582    25.574    -0.27    1.12
  33789.361    25.349    -0.79    1.30
  34076.157    25.025    -1.13    1.50
  34362.968    24.674    -1.22    1.68
  34649.796    23.949    -2.53    2.14
  34936.640    23.609    -1.19    2.17
  35223.501    23.020    -2.05    2.38
  35510.377    22.280    -2.58    2.64
  35797.270    21.729    -1.92    2.72
  36084.179    20.773    -3.33    2.74
  36371.104    20.109    -2.31    2.51
  36658.045    19.338    -2.69    2.42
  36945.003    18.785    -1.93    1.91
  37231.976    18.795     0.04    1.78
  37518.966    19.108     1.09    1.86
  37805.973    20.052     3.29    2.39
  38092.995    21.318     4.41    2.87
  38380.034    22.658     4.67    3.00
  38667.089    24.095     5.01    2.90
  38954.160    25.318     4.26    2.65
  39241.247    26.452     3.95    2.02
  39528.351    27.210     2.64    1.44
  39815.471    27.500     1.01    1.11
  40102.607    27.652     0.53    0.87
  40389.759    27.527    -0.44    1.09
  40676.928    27.438    -0.31    1.42
  40964.113    27.318    -0.42    1.46
  41251.314    27.236    -0.29    1.47
  41538.531    27.250     0.05    1.50
  41825.765    27.427     0.62    1.71
  42113.015    27.504     0.27    1.49
  42400.281    27.799     1.03    1.51
  42687.564    28.152     1.23    1.48
  42974.863    28.360     0.72    1.49
  43262.178    28.516     0.54    1.52
  43549.509    28.623     0.37    1.24
  43836.857    28.856     0.81    1.19
  44124.221    28.804    -0.18    1.20
  44411.601    28.966     0.56    1.27
  44698.998    29.182     0.75    1.31
  44986.411    29.299     0.41    1.43
  45273.840    30.025     2.52    1.73
  45561.285    30.490     1.62    1.75
  45848.747    30.997     1.76    1.86
  46136.225    31.377     1.32    1.79
  46423.720    31.866     1.70    1.85
  46711.231    32.093     0.79    1.69
  46998.758    32.471     1.31    1.63
  47286.301    32.711     0.84    1.62
  47573.861    32.966     0.89    1.60
  47861.437    33.363     1.38    1.64
  48149.030    33.754     1.36    1.52
  48436.639    33.926     0.60    1.54
  48724.264    34.208     0.98    1.64
  49011.905    34.181    -0.09    1.50
  49299.563    34.280     0.35    1.63
  49587.238    34.461     0.63    1.63
  49874.928    34.500     0.13    1.58
  50162.635    34.874     1.30    1.64
  50450.359    34.960     0.30    1.60
  50738.098    35.152     0.67    1.48
  51025.854    35.527     1.30    1.71
  51313.627    35.523    -0.01    1.70
  51601.416    35.723     0.69    1.84
  51889.221    35.949     0.78    1.79
  52177.043    35.799    -0.52    1.90
  52464.881    35.735    -0.22    2.07
  52752.735    35.466    -0.93    2.30
  53040.606    35.221    -0.85    2.48
  53328.493    34.846    -1.30    2.68
  53616.397    34.250    -2.07    2.79
  53904.317    33.239    -3.51    3.14
  54192.254    32.823    -1.44    3.69
  54480.206    32.299    -1.82    3.70
  54768.176    32.252    -0.16    3.45
  55056.161    32.763     1.77    3.48
  55344.164    32.786     0.08    3.20
  55632.182    32.983     0.68    3.34
  55920.217    33.280     1.03    3.53
  56208.269    33.167    -0.39    4.34
  56496.337    32.462    -2.45    5.02
  56784.421    31.446    -3.52    5.11
  57072.522    29.452    -6.92    4.92
  57360.639    27.997    -5.05    4.31
  57648.773    26.790    -4.19    3.50
  57936.923    25.752    -3.60    2.36
  58225.089    25.261    -1.70    1.54
  58513.273    25.520     0.90    1.70
  58801.472    26.225     2.44    2.11
  59089.688    26.866     2.23    2.37
  59377.921    27.461     2.06    2.49
  59666.170    28.415     3.31    2.60
  59954.435    29.352     3.25    2.61
  60242.717    30.644     4.48    2.61
  60531.015    31.735     3.78    2.70
  60819.330    32.938     4.17    2.75
  61107.662    34.476     5.34    2.73
  61396.009    35.780     4.52    2.88
  61684.374    36.920     3.95    2.93
  61972.755    38.532     5.59    3.07
  62261.152    39.749     4.22    2.94
  62549.566    40.617     3.01    2.57
  62837.996    41.490     3.03    2.03
  63126.443    42.309     2.84    1.79
  63414.907    43.049     2.57    1.48
  63703.387    43.495     1.54    1.38
  63991.883    43.711     0.75    1.50
  64280.396    44.297     2.03    1.58
  64568.926    44.870     1.99    1.59
  64857.472    45.462     2.05    1.46
  65146.035    45.786     1.12    1.35
  65434.614    46.166     1.32    1.34
  65723.210    46.652     1.68    1.39
  66011.822    46.696     0.15    1.32
  66300.451    46.695    -0.01    1.33
  66589.096    46.673    -0.08    1.39
  66877.758    46.495    -0.62    1.50
  67166.437    46.395    -0.35    1.64
  67455.132    46.013    -1.32    1.63
  67743.843    45.732    -0.97    1.50
  68032.572    45.674    -0.20    1.39
  68321.316    45.843     0.59    1.50
  68610.078    46.051     0.72    1.53
  68898.856    46.295     0.85    1.53
  69187.650    46.658     1.26    1.54
  69476.461    47.138     1.66    1.42
  69765.289    47.701     1.95    1.24
  70054.134    48.039     1.17    1.12
  70342.994    48.166     0.44    1.17
  70631.872    48.255     0.31    1.28
  70920.766    48.196    -0.21    1.32
  71209.677    48.027    -0.59    1.34
  71498.604    47.929    -0.34    1.27
  71787.548    47.823    -0.37    1.30
  72076.509    47.457    -1.27    1.40
  72365.486    47.052    -1.40    1.59
  72654.480    46.775    -0.96    1.64
  72943.491    46.752    -0.08    1.63
  73232.518    46.549    -0.70    1.66
  73521.561    46.560     0.04    1.50
  73810.622    46.580     0.07    1.38
  74099.699    46.494    -0.30    1.17
  74388.793    46.152    -1.18    1.43
  74677.903    45.264    -3.07    2.15
  74967.030    44.108    -4.00    2.59
  75256.174    43.363    -2.58    2.73
  75545.334    42.696    -2.31    2.68
  75834.511    41.687    -3.49    3.16
  76123.705    41.109    -2.00    3.14
  76412.915    40.989    -0.42    3.05
  76702.142    41.208     0.76    2.88
  76991.386    41.623     1.44    2.69
  77280.646    41.858     0.81    2.43
  77569.923    41.995     0.47    2.32
  77859.217    42.255     0.90    2.52
  78148.527    41.940    -1.09    2.91
  78437.854    40.786    -3.99    3.59
  78727.198    39.786    -3.46    3.61
  79016.559    38.701    -3.75    3.48
  79305.936    37.673    -3.55    3.10
  79595.330    36.976    -2.41    3.14
  79884.741    35.608    -4.73    3.61
  80174.168    35.252    -1.23    4.40
  80463.612    34.349    -3.12    4.47
  80753.073    33.349    -3.45    4.32
  81042.550    32.602    -2.58    4.18
  81332.045    32.095    -1.75    3.77
  81621.556    31.593    -1.73    2.97
  81911.084    32.053     1.59    2.70
  82200.628    32.902     2.93    3.26
  82490.189    34.480     5.45    4.16
  82779.767    35.687     4.17    4.44
  83069.362    37.367     5.80    4.36
  83358.973    39.138     6.11    4.16
  83648.602    40.423     4.44    3.89
  83938.247    41.593     4.04    3.46
  84227.908    42.180     2.02    3.57
  84517.587    42.549     1.28    3.52
  84807.282    43.659     3.83    4.05
  85096.994    44.485     2.85    4.09
  85386.723    45.193     2.44    3.87
  85676.469    45.409     0.75    3.45
  85966.231    45.707     1.03    3.13
  86256.010    45.770     0.22    2.60
  86545.806    46.180     1.42    2.73
  86835.619    46.123    -0.20    2.93
  87125.449    46.180     0.20    2.87
  87415.295    46.027    -0.53    2.88
  87705.158    46.180     0.53    2.72
  87995.038    46.504     1.12    2.50
  88284.935    46.574     0.24    2.39
  88574.849    46.398    -0.61    2.60
  88864.779    46.785     1.33    2.75
  89154.727    47.080     1.02    2.81
  89444.691    47.264     0.63    2.60
  89734.672    47.462     0.68    2.30
  90024.669    47.686     0.77    2.27
  90314.684    47.828     0.49    2.25
  90603.227    48.023     0.68    2.13
  90889.688    48.009    -0.05    2.12
  91176.166    48.093     0.29    2.03
  91462.659    48.780     2.40    2.19
  91749.170    48.955     0.61    2.47
  92035.696    48.874    -0.28    2.66
  92322.239    48.771    -0.36    2.77
  92608.799    48.818     0.16    2.77
  92895.374    48.961     0.50    2.54
  93181.966    49.210     0.87    2.26
  93468.575    49.543     1.16    2.22
  93755.200    50.299     2.64    2.30
  94041.841    50.842     1.89    2.01
  94328.498    50.940     0.34    1.79
  94615.172    51.264     1.13    1.56
  94901.863    51.293     0.10    1.40
  95188.569    51.209    -0.29    1.42
  95475.293    51.236     0.09    1.41
  95762.032    51.038    -0.69    1.45
  96048.788    50.976    -0.22    1.50
  96335.560    51.167     0.67    1.69
  96622.349    51.109    -0.20    1.85
  96909.154    51.194     0.29    1.84
  97195.976    51.109    -0.30    1.83
  97482.814    50.995    -0.40    1.94
  97769.668    50.786    -0.73    1.99
  98056.539    50.616    -0.59    1.99
  98343.427    50.167    -1.57    1.85
  98630.330    49.814    -1.23    1.90
  98917.251    49.574    -0.84    1.88
  99204.187    49.413    -0.56    1.88
  99491.140    49.323    -0.31    2.43
  99778.110    49.360     0.13    3.24
 100065.096    48.856    -1.76    3.42
 100352.098    48.307    -1.91    2.80
 100639.117    47.814    -1.72    2.18
 100926.153    47.241    -2.00    1.75
 101213.204    46.961    -0.97    1.93
 101500.273    46.709    -0.88    1.95
 101787.357    46.518    -0.67    1.74
 102074.459    46.250    -0.93    1.79
 102361.576    45.766    -1.69    1.72
 102648.710    45.343    -1.47    1.67
 102935.861    44.938    -1.41    1.75
 103223.028    44.833    -0.36    1.72
 103510.212    44.682    -0.53    1.73
 103797.412    44.391    -1.01    1.82
 104084.629    44.417     0.09    2.01
 104371.862    44.377    -0.14    2.09
 104659.112    44.518     0.49    2.18
 104946.378    44.588     0.25    2.14
 105233.660    44.476    -0.39    2.18
 105520.960    44.391    -0.29    2.12
 105808.275    44.514     0.43    2.01
 106095.608    44.049    -1.62    1.69
 106382.956    44.009    -0.14    1.55
 106670.322    43.814    -0.68    1.49
 106957.703    43.568    -0.85    1.55
 107245.102    43.357    -0.74    1.54
 107532.517    43.466     0.38    1.55
 107819.948    43.466    -0.00    1.58
 108107.396    43.771     1.06    1.72
 108394.861    44.285     1.79    2.06
 108682.342    44.978     2.41    2.83
 108969.839    46.209     4.28    3.47
 109257.353    47.167     3.33    3.88
 109544.884    47.374     0.72    3.82
 109832.432    47.025    -1.21    3.40
 110119.995    46.384    -2.23    3.02
 110407.576    46.124    -0.91    2.57
 110695.173    45.880    -0.85    1.85
 110982.787    45.888     0.02    1.58
 111270.417    46.208     1.11    1.46
 111558.063    46.366     0.55    1.50
 111845.727    46.723     1.24    1.47
 112133.407    46.946     0.77    1.51
 112421.103    47.363     1.45    1.39
 112708.817    47.405     0.15    1.52
 112996.546    47.321    -0.29    1.73
 113284.293    47.255    -0.23    1.82
 113572.056    47.005    -0.87    1.90
 113859.835    47.180     0.61    1.94
 114147.631    47.476     1.03    1.97
 114435.444    47.909     1.51    2.17
 114723.274    48.438     1.84    2.09
 115011.120    48.832     1.37    1.94
 115298.982    49.038     0.71    1.70
 115586.862    49.423     1.34    1.95
 115874.758    49.476     0.18    1.98
 116162.670    49.309    -0.58    2.27
 116450.600    49.252    -0.20    2.63
 116738.545    48.912    -1.18    2.85
 117026.508    48.338    -2.00    2.82
 117314.487    47.966    -1.29    2.65
 117602.483    47.800    -0.58    2.41
 117890.496    47.926     0.44    2.12
 118178.525    48.109     0.63    1.88
 118466.571    48.726     2.14    2.35
 118754.633    49.616     3.09    2.40
 119042.712    50.518     3.13    2.17
 119330.808    51.278     2.64    2.21
 119618.921    51.713     1.51    2.28
 119907.050    51.902     0.65    2.24
 120195.196    51.909     0.03    1.88
 120483.358    51.838    -0.25    1.71
 120771.538    52.049     0.73    1.63
 121059.734    52.152     0.36    1.77
 121347.946    52.068    -0.29    1.76
 121636.176    52.042    -0.09    1.68
 121924.422    51.895    -0.51    1.66
 122212.685    51.707    -0.65    1.91
 122500.964    51.280    -1.48    2.29
 122789.260    50.630    -2.26    2.63
 123077.573    50.352    -0.97    2.54
 123365.903    49.946    -1.41    2.36
 123654.250    50.109     0.57    2.06
 123942.613    50.194     0.29    1.92
 124230.993    50.489     1.02    1.79
 124519.389    50.997     1.76    1.81
 124807.803    51.609     2.12    1.92
 125096.233    52.593     3.41    1.57
 125384.679    53.095     1.74    1.34
 125673.143    53.485     1.35    1.41
 125961.623    53.795     1.07    1.26
 126250.121    53.957     0.56    1.25
 126538.634    53.985     0.10    1.27
 126827.165    53.743    -0.84    1.34
 127115.713    53.443    -1.04    1.53
 127404.277    52.995    -1.55    1.80
 127692.858    52.558    -1.51    1.94
 127981.455    52.321    -0.82    2.02
 128270.070    52.035    -0.99    2.31
 128558.701    51.166    -3.01    2.55
 128847.349    50.490    -2.34    2.93
 129136.014    49.489    -3.47    3.52
 129424.696    48.804    -2.37    3.86
 129713.394    48.138    -2.31    3.99
 130002.110    47.446    -2.39    3.67
 130290.842    46.999    -1.55    3.55
 130579.591    46.674    -1.13    3.57
 130868.356    46.680     0.02    3.43
 131157.139    46.729     0.17    3.23
 131445.938    46.309    -1.45    3.23
 131734.755    45.832    -1.65    3.33
 132023.588    45.377    -1.58    3.62
 132312.437    44.674    -2.43    3.62
 132601.304    43.873    -2.77    3.56
 132890.188    42.895    -3.39    3.61
 133179.088    42.152    -2.57    3.59
 133468.005    41.828    -1.12    3.62
 133756.939    41.969     0.49    3.91
 134045.890    41.786    -0.63    4.21
 134334.858    41.743    -0.15    3.96
 134623.842    41.980     0.82    3.98
 134912.844    42.520     1.87    3.34
 135201.862    42.312    -0.72    3.24
 135490.897    41.729    -2.02    3.61
 135779.950    41.532    -0.68    4.38
 136069.018    40.940    -2.05    4.46
 136358.104    40.040    -3.11    4.77
 136647.207    38.729    -4.54    5.31
 136936.327    36.909    -6.30    5.79
 137225.463    35.179    -5.98    5.46
 137514.616    33.520    -5.74    4.33
 137803.787    31.752    -6.12    4.40
 138092.974    29.846    -6.59    5.12
 138382.178    28.340    -5.21    5.35
 138671.399    26.957    -4.78    5.51
 138960.637    25.462    -5.17    5.43
 139249.892    23.314    -7.43    5.40
 139539.163    21.602    -5.92    5.33
 139828.452    19.935    -5.77    4.59
 140117.758    18.447    -5.14    3.63
 140407.080    17.415    -3.57    2.58
 140696.420    17.208    -0.72    2.55
 140985.776    17.686     1.65    2.83
 141275.149    18.713     3.55    3.10
 141564.539    20.094     4.77    3.41
 141853.947    21.417     4.57    3.65
 142143.371    22.652     4.27    3.79
 142432.812    23.884     4.26    3.78
 142722.270    25.124     4.28    4.08
 143011.745    26.850     5.96    4.53
 143301.237    28.419     5.42    4.72
 143590.746    30.011     5.50    4.70
 143880.272    31.476     5.06    4.49
 144169.815    33.388     6.60    4.09
 144459.374    34.703     4.54    3.38
 144748.951    35.222     1.79    3.27
 145038.545    35.971     2.59    3.25
 145328.156    36.523     1.91    3.37
 145617.784    37.293     2.66    3.80
 145907.428    37.842     1.90    3.88
 146197.090    37.786    -0.19    3.39
 146486.769    37.985     0.69    3.36
 146776.465    37.888    -0.34    2.93
 147066.177    38.321     1.50    3.17
 147355.907    38.388     0.23    3.24
 147645.654    38.543     0.54    3.26
 147935.418    38.915     1.29    2.84
 148225.199    39.366     1.56    2.74
 148514.997    39.696     1.14    2.63
 148804.811    39.523    -0.60    2.94
 149094.643    39.409    -0.39    3.37
 149384.492    38.673    -2.54    4.58
 149674.358    37.874    -2.76    5.46
 149964.241    37.471    -1.39    5.73
 150254.142    36.969    -1.73    5.60
 150544.059    36.631    -1.17    5.18
 150833.993    36.746     0.40    4.85
 151123.944    36.726    -0.07    4.58
 151413.912    37.209     1.67    4.43
 151703.898    38.560     4.66    5.18
 151993.900    39.715     3.98    5.25
 152283.920    41.412     5.85    5.27
 152573.956    42.471     3.65    4.85
 152860.648    43.870     4.88    4.20
 153147.076    44.866     3.48    3.57
 153433.521    45.726     3.00    3.25
 153719.982    46.254     1.84    2.62
 154006.460    46.884     2.20    2.63
 154292.955    47.518     2.21    2.46
 154579.466    47.938     1.47    1.85
 154865.994    48.180     0.85    1.67
 155152.538    48.588     1.42    1.45
 155439.099    48.838     0.87    1.21
 155725.676    48.969     0.46    1.18
 156012.271    49.167     0.69    1.27
 156298.881    49.278     0.39    1.42
 156585.509    49.280     0.01    1.45
 156872.153    49.193    -0.30    1.49
 157158.813    49.123    -0.24    1.54
 157445.490    49.067    -0.20    1.44
 157732.184    49.110     0.15    1.41
 158018.895    49.095    -0.05    1.40
 158305.622    49.138     0.15    1.31
 158592.365    49.417     0.97    1.27
 158879.126    49.377    -0.14    1.36
 159165.903    49.338    -0.14    1.37
 159452.696    49.209    -0.45    1.44
 159739.506    49.096    -0.39    1.57
 160026.333    48.814    -0.98    1.58
 160313.177    48.638    -0.61    1.73
 160600.037    48.278    -1.25    1.73
 160886.914    48.123    -0.54    1.64
 161173.807    47.711    -1.44    1.66
 161460.718    47.223    -1.70    1.70
 161747.644    47.025    -0.69    1.82
 162034.588    46.971    -0.19    1.92
 162321.548    46.727    -0.85    1.96
 162608.525    46.846     0.42    1.87
 162895.519    46.659    -0.65    1.86
 163182.529    46.687     0.10    1.83
 163469.556    46.873     0.65    1.66
 163756.599    46.608    -0.92    1.65
 164043.660    46.623     0.05    1.58
 164330.737    46.419    -0.71    1.45
 164617.830    46.235    -0.64    1.65
 164904.941    46.151    -0.29    1.65
 165192.068    46.001    -0.52    1.62
 165479.212    46.081     0.28    1.64
 165766.372    46.027    -0.19    1.62
 166053.550    45.902    -0.43    1.85
 166340.744    45.572    -1.15    1.95
 166627.954    45.321    -0.88    2.24
 166915.182    45.457     0.47    2.29
 167202.426    45.693     0.82    2.31
 167489.687    45.955     0.91    2.01
 167776.965    46.111     0.54    1.92
 168064.259    46.673     1.96    1.57
 168351.570    47.066     1.37    1.58
 168638.898    47.079     0.04    1.73
 168926.243    46.527    -1.92    2.37
 169213.604    45.949    -2.01    2.82
 169500.982    45.609    -1.18    3.04
 169788.377    45.013    -2.08    3.01
 170075.789    44.476    -1.87    3.19
 170363.217    43.631    -2.94    3.06
 170650.663    42.707    -3.21    3.19
 170938.125    42.338    -1.29    3.49
 171225.604    41.226    -3.87    3.48
 171513.099    40.388    -2.92    3.17
 171800.612    39.838    -1.91    2.86
 172088.141    39.052    -2.73    2.57
 172375.687    38.290    -2.65    2.45
 172663.249    37.786    -1.76    2.48
 172950.829    37.095    -2.40    2.52
 173238.425    36.363    -2.55    2.34
 173526.039    35.891    -1.64    1.93
 173813.669    35.755    -0.47    1.74
 174101.315    36.166     1.43    1.93
 174388.979    36.729     1.96    1.89
 174676.659    37.264     1.86    2.20
 174964.357    37.699     1.51    1.96
 175252.071    37.898     0.69    2.09
 175539.802    38.109     0.73    1.95
 175827.550    38.409     1.04    2.06
 176115.314    38.755     1.20    2.01
 176403.096    39.138     1.33    2.09
 176690.894    39.552     1.44    2.35
 176978.709    40.011     1.59    2.26
 177266.541    40.433     1.47    2.21
 177554.390    40.905     1.64    2.18
 177842.256    41.405     1.74    2.10
 178130.138    42.053     2.25    2.12
 178418.038    42.856     2.79    2.24
 178705.954    43.726     3.02    2.15
 178993.887    44.630     3.14    1.95
 179281.837    44.971     1.18    1.91
 179569.804    45.715     2.58    2.13
 179857.788    46.490     2.69    2.05
 180145.789    47.096     2.11    2.07
 180433.806    47.701     2.10    2.05
 180721.841    48.666     3.35    2.84
 181009.892    49.888     4.24    3.80
 181297.960    50.652     2.66    3.52
 181586.046    51.338     2.38    3.68
 181874.148    51.846     1.76    3.67
 182162.267    52.462     2.14    3.96
 182450.403    52.335    -0.44    3.61
 182738.556    52.302    -0.11    2.85
 183026.725    52.462     0.55    2.76
 183314.912    52.124    -1.17    1.82
 183603.116    51.999    -0.43    1.32
 183891.336    51.961    -0.13    1.33
 184179.574    52.152     0.66    1.37
 184467.828    52.290     0.48    1.45
 184756.100    52.475     0.64    1.57
 185044.388    52.790     1.09    1.53
 185332.693    52.749    -0.14    1.55
 185621.015    52.785     0.12    1.37
 185909.355    52.672    -0.39    1.34
 186197.711    52.582    -0.31    1.33
 186486.084    52.608     0.09    1.35
 186774.474    52.360    -0.86    1.20
 187062.881    52.207    -0.53    1.09
 187351.305    52.205    -0.01    1.21
 187639.746    51.987    -0.76    1.19
 187928.204    51.912    -0.26    1.11
 188216.679    51.902    -0.03    1.13
 188505.171    51.804    -0.34    1.07
 188793.680    51.880     0.26    1.05
 189082.206    51.912     0.11    1.11
 189370.749    52.014     0.35    1.42
 189659.309    52.221     0.72    1.44
 189947.886    52.205    -0.05    1.43
 190236.480    52.055    -0.52    1.32
 190525.090    52.009    -0.16    1.30
 190813.718    52.182     0.60    1.30
 191102.363    52.068    -0.39    1.24
 191391.025    51.852    -0.75    1.08
 191679.705    51.828    -0.08    1.06
 191968.401    51.727    -0.35    1.07
 192257.114    51.645    -0.28    1.09
 192545.844    51.293    -1.22    1.21
 192834.591    51.096    -0.68    1.13
 193123.355    50.949    -0.51    1.18
 193412.137    50.682    -0.93    1.03
 193700.935    50.476    -0.71    1.05
 193989.750    50.278    -0.68    1.12
 194278.583    50.110    -0.58    1.13
 194567.432    49.999    -0.39    1.14
 194856.299    49.902    -0.34    1.29
 195145.182    49.800    -0.35    1.26
 195434.083    49.823     0.08    1.44
 195723.001    49.696    -0.44    1.50
 196011.936    49.630    -0.23    1.53
 196300.888    49.499    -0.46    1.55
 196589.857    49.235    -0.91    1.56
 196878.843    48.973    -0.91    1.55
 197167.846    48.768    -0.71    1.41
 197456.866    48.321    -1.55    1.34
 197745.904    47.949    -1.29    1.18
 198034.958    47.652    -1.03    1.29
 198324.030    47.398    -0.88    1.29
 198613.119    46.852    -1.89    1.23
 198902.224    46.549    -1.05    1.21
 199191.347    46.247    -1.04    1.31
 199480.488    46.152    -0.33    1.28
 199769.645    45.935    -0.75    1.29
 200058.819    45.630    -1.05    1.22
 200348.011    45.370    -0.90    1.23
 200637.219    45.338    -0.11    1.20
 200926.445    45.195    -0.49    1.11
 201215.688    45.152    -0.15    1.27
 201504.948    45.083    -0.24    1.30
 201794.225    45.110     0.09    1.24
 202083.519    45.013    -0.34    1.26
 202372.831    44.735    -0.96    1.33
 202662.159    44.402    -1.15    1.30
 202951.505    44.022    -1.32    1.24
 203240.868    43.940    -0.28    1.44
 203530.248    43.701    -0.83    1.40
 203819.646    43.495    -0.71    1.41
 204109.060    43.357    -0.48    1.56
 204398.492    43.068    -1.00    1.67
 204687.941    43.052    -0.06    1.92
 204977.407    42.574    -1.65    1.81
 205266.890    42.226    -1.20    1.81
 205556.390    41.795    -1.49    1.79
 205845.908    41.480    -1.09    1.87
 206135.443    41.165    -1.09    1.97
 206424.995    40.915    -0.86    1.92
 206714.564    40.631    -0.98    1.78
 207004.151    40.485    -0.50    1.70
 207293.754    40.456    -0.10    1.48
 207583.375    40.532     0.26    1.43
 207873.013    40.593     0.21    1.24
 208162.669    41.039     1.54    1.14
 208452.341    41.165     0.44    1.13
 208742.031    41.246     0.28    1.14
 209031.738    41.278     0.11    1.57
 209321.462    41.208    -0.24    1.58
 209611.204    41.123    -0.29    1.70
 209900.963    41.066    -0.20    1.73
 210190.739    41.236     0.59    2.28
 210480.532    41.152    -0.29    2.08
 210770.343    41.095    -0.19    2.10
 211060.171    40.795    -1.04    2.06
 211350.016    40.429    -1.26    2.15
 211639.878    39.926    -1.74    2.41
 211929.758    39.363    -1.94    2.26
 212219.655    38.976    -1.34    2.51
 212509.569    38.480    -1.71    2.60
 212799.500    37.860    -2.14    2.66
 213089.449    37.232    -2.17    2.60
 213379.415    36.809    -1.46    2.43
 213669.398    36.453    -1.23    1.97
 213959.399    36.499     0.16    2.06
 214249.417    36.409    -0.31    2.21
 214539.452    36.960     1.90    2.56
 214827.954    37.358     1.38    2.57
 215114.344    37.940     2.03    2.56
 215400.752    38.220     0.98    2.36
 215687.176    38.448     0.80    2.16
 215973.616    38.207    -0.84    2.14
 216260.074    37.905    -1.06    2.07
 216546.548    37.546    -1.25    1.61
 216833.040    37.295    -0.88    1.56
 217119.547    37.221    -0.26    1.69
 217406.072    37.123    -0.34    2.07
 217692.614    36.938    -0.65    2.68
 217979.172    36.329    -2.12    3.02
 218265.748    35.502    -2.89    3.23
 218552.340    34.610    -3.12    3.41
 218838.949    33.781    -2.89    3.43
 219125.574    33.054    -2.54    3.19
 219412.217    32.323    -2.55    1.42
 219698.876    32.357     0.12    1.38
 219985.553    32.711     1.24    1.33
 220272.246    33.409     2.43    1.88
 220558.956    34.069     2.30    1.95
 220845.683    34.665     2.08    2.09
 221132.426    35.040     1.31    2.01
 221419.187    35.439     1.39    1.86
 221705.964    35.888     1.56    1.83
 221992.759    36.352     1.62    1.76
 222279.570    36.527     0.61    1.65
 222566.398    36.829     1.05    1.70
 222853.243    37.080     0.87    1.40
 223140.104    37.466     1.35    1.47
 223426.983    37.962     1.73    1.60
 223713.879    38.329     1.28    1.60
 224000.791    38.658     1.15    1.56
 224287.720    38.814     0.54    1.40
 224574.667    39.066     0.88    1.37
 224861.630    39.082     0.06    1.37
 225148.610    39.093     0.04    1.33
 225435.607    38.966    -0.44    1.22
 225722.621    38.905    -0.21    1.24
 226009.651    38.877    -0.10    1.37
 226296.699    38.818    -0.21    1.36
 226583.764    38.946     0.44    1.36
 226870.845    39.081     0.47    1.67
 227157.944    39.338     0.89    1.88
 227445.059    39.415     0.27    1.88
 227732.192    39.549     0.47    2.01
 228019.341    39.609     0.21    1.95
 228306.507    39.535    -0.26    1.94
 228593.690    39.494    -0.14    1.78
 228880.890    39.374    -0.42    1.52
 229168.108    39.288    -0.30    1.52
 229455.342    39.363     0.26    1.34
 229742.593    39.138    -0.78    1.04
 230029.861    39.011    -0.44    0.97
 230317.145    39.005    -0.02    1.01
 230604.447    38.838    -0.58    0.94
 230891.766    38.705    -0.46    1.09
 231179.102    38.658    -0.16    1.07
 231466.455    38.457    -0.70    1.15
 231753.825    38.343    -0.40    1.30
 232041.212    38.264    -0.27    1.34
 232328.615    38.123    -0.49    1.39
 232616.036    37.997    -0.44    1.32
 232903.474    37.888    -0.38    1.19
 233190.929    37.898     0.04    1.18
 233478.401    38.002     0.36    1.32
 233765.889    38.192     0.66    1.38
 234053.395    38.249     0.20    1.37
 234340.918    38.412     0.57    1.29
 234628.458    38.391    -0.07    1.36
 234916.015    38.210    -0.63    1.35
 235203.589    38.443     0.81    2.48
 235491.180    38.341    -0.36    2.58
 235778.788    38.462     0.42    2.62
 236066.413    38.357    -0.36    2.67
 236354.055    38.453     0.33    2.63
 236641.714    38.165    -1.00    2.15
 236929.390    38.055    -0.38    1.50
 237217.083    37.940    -0.40    1.40
 237504.794    38.007     0.23    1.34
 237792.521    38.110     0.36    1.28
 238080.265    38.210     0.35    1.17
 238368.027    38.235     0.09    1.46
 238655.805    38.261     0.09    1.51
 238943.601    38.124    -0.48    1.31
 239231.414    38.179     0.19    1.30
 239519.243    38.259     0.28    1.30
 239807.090    38.250    -0.03    1.23
 240094.954    38.402     0.53    1.22
 240382.835    38.645     0.84    1.22
 240670.733    38.623    -0.07    1.25
 240958.648    38.940     1.10    1.36
 241246.581    39.069     0.45    1.29
 241534.530    39.110     0.14    1.21
 241822.497    39.220     0.38    1.00
 242110.480    39.275     0.19    0.99
 242398.481    39.338     0.22    0.97
 242686.499    39.167    -0.59    0.99
 242974.534    39.179     0.04    1.03
 243262.586    39.166    -0.05    1.06
 243550.655    39.250     0.29    1.19
 243838.741    39.384     0.46    1.18
 244126.845    39.568     0.64    1.24
 244414.966    39.672     0.36    1.21
 244703.103    39.701     0.10    1.24
 244991.258    39.912     0.73    1.28
 245279.430    40.138     0.78    1.74
 245567.620    40.192     0.19    1.65
 245855.826    40.349     0.54    1.72
 246144.049    40.263    -0.30    1.67
 246432.290    40.193    -0.24    1.72
 246720.548    40.180    -0.05    2.02
 247008.823    40.027    -0.53    1.90
 247297.115    39.940    -0.30    1.94
 247585.425    39.699    -0.84    2.08
 247873.751    39.343    -1.23    2.11
 248162.095    39.068    -0.96    2.19
 248450.456    38.957    -0.39    2.21
 248738.834    38.611    -1.20    1.74
 249027.230    38.293    -1.10    1.81
 249315.642    37.985    -1.07    1.78
 249604.072    37.727    -0.90    1.62
 249892.519    37.391    -1.16    1.74
 250180.983    37.288    -0.36    1.56
 250469.464    36.946    -1.19    1.58
 250757.963    36.443    -1.74    1.60
 251046.479    36.247    -0.68    1.62
 251335.012    36.286     0.14    2.20
 251623.562    35.957    -1.14    2.20
 251912.130    35.658    -1.04    2.22
 252200.714    35.377    -0.97    2.29
 252489.316    35.152    -0.78    2.20
 252777.935    34.941    -0.73    2.18
 253066.572    34.712    -0.79    2.24
 253355.226    34.274    -1.52    1.19
