#  238.353  -4.875  15.001 ;Mean Elev.(m), Avg Gradient(m/km), RMS Gradient(m/km) - SRTM1     
#  215.615  -6.190  16.750 ;Mean Elev.(m), Avg Gradient(m/km), RMS Gradient(m/km) - ASTER GDEM
#  238.921  -4.962  15.000 ;Mean Elev.(m), Avg Gradient(m/km), RMS Gradient(m/km) - GMTED2010 
   1   234.701 54666.40886387 47.04 306.621072 -22.788015   -100 -100.00 -100.00 -100.00
   1   234.538 54666.40886446 51.29 306.622156 -22.785561   -100 -100.00 -100.00 -100.00
   1   234.517 54666.40886505 52.95 306.623241 -22.783108  5.198 -100.00 -100.00 -100.00
   1   234.491 54666.40886564 56.20 306.624325 -22.780654 24.352 -100.00 -100.00 -100.00
   2   305.744 54676.32450801 20.85 306.620518 -22.787752  8.778 -100.00 -100.00 -100.00
   2   303.316 54676.32450860 26.71 306.621602 -22.785299 12.647 -100.00 -100.00 -100.00
   2   300.837 54676.32450919 29.79 306.622687 -22.782845 22.624 -100.00 -100.00 -100.00
   2   300.786 54676.32450978 31.59 306.623771 -22.780392   -100 -100.00 -100.00 -100.00
   6   294.435 54715.98708312  0.20 306.623439 -22.788221  2.487 -100.00 -100.00 -100.00
   6   292.973 54715.98708371  0.70 306.624523 -22.785768  2.703 -100.00 -100.00 -100.00
   8   285.416 54735.81838026 19.23 306.614661 -22.789738  5.413 -100.00 -100.00 -100.00
   8   285.883 54735.81838086 22.21 306.615746 -22.787285 13.363 -100.00 -100.00 -100.00
   8   291.760 54735.81838145  6.49 306.616831 -22.784831  6.179 -100.00 -100.00 -100.00
   8   291.553 54735.81838204  5.12 306.617915 -22.782378  6.621 -100.00 -100.00 -100.00
   9   300.737 54745.73402773  5.16 306.612013 -22.790237  6.323 -100.00 -100.00 -100.00
   9   303.304 54745.73402832  3.39 306.613098 -22.787783  5.223 -100.00 -100.00 -100.00
   9   310.049 54745.73402950  0.11 306.615267 -22.782876  2.983 -100.00 -100.00 -100.00
   9   304.574 54745.73403009 10.24 306.616351 -22.780423  9.021 -100.00 -100.00 -100.00
  11   234.063 54765.56532073 28.62 306.611618 -22.791860  7.352 -100.00 -100.00 -100.00
  11   234.071 54765.56532132 27.43 306.612703 -22.789406  6.253 -100.00 -100.00 -100.00
  11   234.009 54765.56532191 28.18 306.613787 -22.786953  7.747 -100.00 -100.00 -100.00
  11   234.270 54765.56532250 27.01 306.614871 -22.784499  6.362 -100.00 -100.00 -100.00
  11   234.467 54765.56532309 34.24 306.615956 -22.782046 22.255 -100.00 -100.00 -100.00
  12   302.545 54775.48096405  5.50 306.612821 -22.790511  9.186 -100.00 -100.00 -100.00
  12   304.408 54775.48096464  7.44 306.613906 -22.788058  8.233 -100.00 -100.00 -100.00
  12   301.841 54775.48096523  9.83 306.614990 -22.785604 16.757 -100.00 -100.00 -100.00
  12   304.039 54775.48096582 14.36 306.616075 -22.783151 12.472 -100.00 -100.00 -100.00
  12   301.400 54775.48096641 14.69 306.617159 -22.780697 10.203 -100.00 -100.00 -100.00
  13   298.109 54785.39660423 14.49 306.612650 -22.790986 12.569 -100.00 -100.00 -100.00
  13   299.469 54785.39660482 16.59 306.613735 -22.788532 11.765 -100.00 -100.00 -100.00
  13   300.337 54785.39660541 20.77 306.614820 -22.786079 13.680 -100.00 -100.00 -100.00
  13   297.919 54785.39660600 24.55 306.615904 -22.783626 21.028 -100.00 -100.00 -100.00
  13   298.810 54785.39660659 26.73 306.616989 -22.781172 26.093 -100.00 -100.00 -100.00
  14   276.792 54795.31224493  4.22 306.617295 -22.782483  7.021 -100.00 -100.00 -100.00
  14   277.620 54795.31224552  5.40 306.618380 -22.780029  7.217 -100.00 -100.00 -100.00
  15   305.148 54805.22788147  0.18 306.617930 -22.788526  4.752 -100.00 -100.00 -100.00
  15   305.378 54805.22788324  7.35 306.621183 -22.781165  7.324 -100.00 -100.00 -100.00
  17   281.531 54825.05916527 22.76 306.622447 -22.787884 14.137 -100.00 -100.00 -100.00
  17   281.295 54825.05916586 27.76 306.623531 -22.785430 18.030 -100.00 -100.00 -100.00
  17   280.142 54825.05916645 28.26 306.624616 -22.782976   -100 -100.00 -100.00 -100.00
  17   280.724 54825.05916704 20.00 306.625700 -22.780523   -100 -100.00 -100.00 -100.00
  18   233.880 54834.97480445 22.41 306.618273 -22.789017 19.227 -100.00 -100.00 -100.00
  18   233.912 54834.97480504 23.70 306.619357 -22.786564 21.767 -100.00 -100.00 -100.00
  18   234.063 54834.97480563 26.86 306.620442 -22.784110   -100 -100.00 -100.00 -100.00
  18   234.291 54834.97480622 27.98 306.621526 -22.781656 30.229 -100.00 -100.00 -100.00
  19   233.803 54844.89045374 19.73 306.613555 -22.790753  9.211 -100.00 -100.00 -100.00
  19   233.809 54844.89045433 21.52 306.614639 -22.788299 13.494 -100.00 -100.00 -100.00
  19   234.198 54844.89045493 20.79 306.615724 -22.785845 11.585 -100.00 -100.00 -100.00
  19   234.485 54844.89045552 27.14 306.616809 -22.783391 25.662 -100.00 -100.00 -100.00
  19   234.827 54844.89045611 27.49 306.617893 -22.780937 20.550 -100.00 -100.00 -100.00
  20   234.100 54854.80610393 24.39 306.612949 -22.787091  7.627 -100.00 -100.00 -100.00
  20   234.130 54854.80610452 23.87 306.614034 -22.784637  6.921 -100.00 -100.00 -100.00
  20   234.241 54854.80610511 30.81 306.615118 -22.782183 23.489 -100.00 -100.00 -100.00
  21   234.622 54864.72175236 40.87 306.610712 -22.791103   -100 -100.00 -100.00 -100.00
  21   234.655 54864.72175295 44.01 306.611797 -22.788649   -100 -100.00 -100.00 -100.00
  21   234.695 54864.72175354 45.98 306.612881 -22.786195   -100 -100.00 -100.00 -100.00
  21   234.687 54864.72175413 41.47 306.613966 -22.783741   -100 -100.00 -100.00 -100.00
  21   234.644 54864.72175472 39.61 306.615050 -22.781287   -100 -100.00 -100.00 -100.00
  22   234.436 54874.63740204 19.99 306.611718 -22.788601  7.520 -100.00 -100.00 -100.00
  22   234.575 54874.63740263 19.50 306.612802 -22.786147  6.944 -100.00 -100.00 -100.00
  22   234.778 54874.63740322 21.33 306.613887 -22.783693 10.056 -100.00 -100.00 -100.00
  22   234.797 54874.63740381 27.36 306.614971 -22.781239 24.718 -100.00 -100.00 -100.00
  23   235.249 54884.55304744 38.91 306.610096 -22.792382 31.560 -100.00 -100.00 -100.00
  23   235.258 54884.55304803 37.51 306.611181 -22.789928 26.342 -100.00 -100.00 -100.00
  23   235.200 54884.55304862 39.48 306.612266 -22.787474   -100 -100.00 -100.00 -100.00
  23   235.446 54884.55304921 36.15 306.613350 -22.785021 22.198 -100.00 -100.00 -100.00
  23   235.433 54884.55304980 35.11 306.614435 -22.782567 19.432 -100.00 -100.00 -100.00
  24   235.169 54894.46869036 45.09 306.609589 -22.790825   -100 -100.00 -100.00 -100.00
  24   235.194 54894.46869095 48.08 306.610674 -22.788371   -100 -100.00 -100.00 -100.00
  24   235.116 54894.46869154 51.01 306.611759 -22.785917  5.829 -100.00 -100.00 -100.00
  24   235.100 54894.46869213 51.43 306.612843 -22.783463 18.868 -100.00 -100.00 -100.00
  24   235.117 54894.46869272 51.32 306.613928 -22.781010 18.043 -100.00 -100.00 -100.00
  25   234.837 54904.38433024 50.80 306.608506 -22.789537   -100 -100.00 -100.00 -100.00
  25   234.835 54904.38433083 51.11 306.609591 -22.787084   -100 -100.00 -100.00 -100.00
  25   234.819 54904.38433142 50.71 306.610676 -22.784630   -100 -100.00 -100.00 -100.00
  25   234.833 54904.38433201 47.10 306.611760 -22.782176   -100 -100.00 -100.00 -100.00
  27   235.790 54924.21560585 28.10 306.609973 -22.790571 26.278 -100.00 -100.00 -100.00
  27   235.845 54924.21560644 22.78 306.611058 -22.788117 12.404 -100.00 -100.00 -100.00
  27   235.668 54924.21560703 22.10 306.612143 -22.785663 10.396 -100.00 -100.00 -100.00
  27   235.832 54924.21560762 21.25 306.613228 -22.783210  8.831 -100.00 -100.00 -100.00
  27   236.128 54924.21560821 21.41 306.614312 -22.780756  7.584 -100.00 -100.00 -100.00
  28   234.650 54934.13124308 46.08 306.613948 -22.789884   -100 -100.00 -100.00 -100.00
  28   234.467 54934.13124367 50.79 306.615032 -22.787430   -100 -100.00 -100.00 -100.00
  28   234.344 54934.13124426 54.18 306.616117 -22.784976 27.110 -100.00 -100.00 -100.00
  28   234.495 54934.13124485 52.09 306.617201 -22.782522  9.636 -100.00 -100.00 -100.00
  28   234.643 54934.13124544 53.33 306.618286 -22.780068  3.487 -100.00 -100.00 -100.00
  30   234.145 54953.96251186 43.69 306.623209 -22.787832   -100 -100.00 -100.00 -100.00
  30   234.072 54953.96251245 44.98 306.624294 -22.785378   -100 -100.00 -100.00 -100.00
  30   234.052 54953.96251305 42.69 306.625378 -22.782924   -100 -100.00 -100.00 -100.00
  30   233.998 54953.96251364 46.34 306.626463 -22.780470  7.437 -100.00 -100.00 -100.00
  31   234.197 54963.87815671 29.04 306.621467 -22.787124  8.294 -100.00 -100.00 -100.00
  31   234.407 54963.87815730 28.72 306.622552 -22.784670  8.265 -100.00 -100.00 -100.00
  31   234.609 54963.87815789 31.67 306.623637 -22.782216 14.065 -100.00 -100.00 -100.00
  31   234.567 54963.87815848 34.07 306.624722 -22.779762 21.877 -100.00 -100.00 -100.00
  32   234.106 54973.79380429 26.18 306.617748 -22.789155 10.735 -100.00 -100.00 -100.00
  32   234.293 54973.79380488 26.12 306.618833 -22.786701 10.931 -100.00 -100.00 -100.00
  32   234.620 54973.79380547 26.89 306.619918 -22.784247 14.641 -100.00 -100.00 -100.00
  32   234.699 54973.79380606 34.11 306.621002 -22.781793   -100 -100.00 -100.00 -100.00
  42   234.524 55072.95023780 42.05 306.622235 -22.787318 32.514 -100.00 -100.00 -100.00
  42   234.532 55072.95023839 42.13 306.623319 -22.784864   -100 -100.00 -100.00 -100.00
  42   234.448 55072.95023898 39.39 306.624404 -22.782411 27.084 -100.00 -100.00 -100.00
  42   234.308 55072.95023957 43.86 306.625488 -22.779957   -100 -100.00 -100.00 -100.00
  43   234.463 55082.86588479 22.17 306.615864 -22.791044  7.210 -100.00 -100.00 -100.00
  43   234.585 55082.86588538 20.82 306.616948 -22.788590  5.363 -100.00 -100.00 -100.00
  43   234.861 55082.86588597 22.12 306.618033 -22.786137  7.152 -100.00 -100.00 -100.00
  43   234.969 55082.86588657 29.16 306.619117 -22.783683 20.767 -100.00 -100.00 -100.00
  43   235.034 55082.86588716 29.63 306.620202 -22.781230 20.479 -100.00 -100.00 -100.00
  44   316.973 55092.78153165  2.75 306.612611 -22.790918  2.966 -100.00 -100.00 -100.00
  44   316.362 55092.78153224  2.67 306.613696 -22.788465  2.884 -100.00 -100.00 -100.00
  44   317.635 55092.78153283  3.19 306.614780 -22.786011  3.650 -100.00 -100.00 -100.00
  44   316.132 55092.78153342  2.32 306.615865 -22.783557  3.309 -100.00 -100.00 -100.00
  44   317.301 55092.78153401  2.06 306.616949 -22.781104  3.101 -100.00 -100.00 -100.00
  45   234.804 55102.69717827 24.45 306.611051 -22.792119 13.455 -100.00 -100.00 -100.00
  45   234.909 55102.69717886 22.03 306.612135 -22.789665  8.060 -100.00 -100.00 -100.00
  45   234.860 55102.69717945 21.46 306.613220 -22.787212  7.086 -100.00 -100.00 -100.00
  45   235.191 55102.69718004 21.59 306.614304 -22.784758  6.296 -100.00 -100.00 -100.00
  45   235.161 55102.69718063 23.67 306.615389 -22.782304 11.389 -100.00 -100.00 -100.00
  55   302.020 55201.85360313  1.09 306.616457 -22.789349  4.559 -100.00 -100.00 -100.00
  55   302.830 55201.85360373  7.44 306.617541 -22.786895  5.138 -100.00 -100.00 -100.00
  55   270.610 55201.85360432 14.93 306.618626 -22.784442 16.820 -100.00 -100.00 -100.00
  55   304.900 55201.85360491 15.56 306.619710 -22.781988 12.427 -100.00 -100.00 -100.00
  56   297.562 55211.76925253  0.64 306.612731 -22.791086  3.692 -100.00 -100.00 -100.00
  56   291.042 55211.76925312  4.14 306.613816 -22.788632  3.980 -100.00 -100.00 -100.00
  56   286.247 55211.76925371  8.47 306.614900 -22.786178  4.559 -100.00 -100.00 -100.00
  56   287.342 55211.76925430  8.63 306.615985 -22.783724  4.433 -100.00 -100.00 -100.00
  56   288.188 55211.76925489 12.55 306.617069 -22.781270  8.988 -100.00 -100.00 -100.00
  57   302.273 55221.68490207 19.47 306.612027 -22.791175 16.334 -100.00 -100.00 -100.00
  57   299.483 55221.68490266 22.15 306.613111 -22.788721 22.753 -100.00 -100.00 -100.00
  57   300.822 55221.68490325 22.35 306.614196 -22.786267 19.531 -100.00 -100.00 -100.00
  57   301.861 55221.68490384 25.24 306.615281 -22.783813 24.842 -100.00 -100.00 -100.00
  57   299.431 55221.68490443 27.36 306.616365 -22.781359   -100 -100.00 -100.00 -100.00
  66   235.749 55310.92566791 29.71 306.619167 -22.789274  7.515 -100.00 -100.00 -100.00
  66   235.256 55310.92566850 30.52 306.620252 -22.786820  9.827 -100.00 -100.00 -100.00
  66   235.218 55310.92566909 29.50 306.621337 -22.784366  7.585 -100.00 -100.00 -100.00
  66   235.309 55310.92566968 34.01 306.622422 -22.781912 16.570 -100.00 -100.00 -100.00
  67   234.718 55320.84131282 35.52 306.616318 -22.790411 21.935 -100.00 -100.00 -100.00
  67   234.804 55320.84131341 36.59 306.617403 -22.787957 25.994 -100.00 -100.00 -100.00
  67   234.642 55320.84131400 33.31 306.618488 -22.785503 17.857 -100.00 -100.00 -100.00
  67   234.842 55320.84131459 34.19 306.619573 -22.783049 19.268 -100.00 -100.00 -100.00
  67   234.757 55320.84131518 40.90 306.620658 -22.780595   -100 -100.00 -100.00 -100.00
  68   235.627 55330.75695695 30.60 306.614269 -22.791307 28.055 -100.00 -100.00 -100.00
  68   235.509 55330.75695754 27.70 306.615354 -22.788853 18.943 -100.00 -100.00 -100.00
  68   234.923 55330.75695813 27.86 306.616439 -22.786399 22.422 -100.00 -100.00 -100.00
  68   234.879 55330.75695872 27.96 306.617524 -22.783946 20.962 -100.00 -100.00 -100.00
  68   235.160 55330.75695931 29.31 306.618608 -22.781492 22.401 -100.00 -100.00 -100.00
  69   235.365 55340.67260175 24.85 306.614994 -22.789707  9.676 -100.00 -100.00 -100.00
  69   234.957 55340.67260234 25.47 306.616079 -22.787253 11.098 -100.00 -100.00 -100.00
  69   234.825 55340.67260293 27.27 306.617163 -22.784799 15.295 -100.00 -100.00 -100.00
  69   234.259 55340.67260352 33.43 306.618248 -22.782346   -100 -100.00 -100.00 -100.00
  77   234.449 55419.99773616 25.73 306.621518 -22.788887 16.613 -100.00 -100.00 -100.00
  77   234.344 55419.99773675 28.58 306.622603 -22.786434 25.051 -100.00 -100.00 -100.00
  77   234.857 55419.99773734 29.25 306.623687 -22.783980 24.312 -100.00 -100.00 -100.00
  77   234.734 55419.99773793 31.85 306.624772 -22.781526   -100 -100.00 -100.00 -100.00
  78   234.169 55429.91338279 30.99 306.618018 -22.788785 10.088 -100.00 -100.00 -100.00
  78   234.225 55429.91338338 31.11 306.619103 -22.786331  9.306 -100.00 -100.00 -100.00
  78   233.957 55429.91338397 30.85 306.620187 -22.783878  9.250 -100.00 -100.00 -100.00
  78   234.617 55429.91338456 39.14 306.621272 -22.781424   -100 -100.00 -100.00 -100.00
  79   234.378 55439.82902644 29.16 306.613347 -22.792134  8.860 -100.00 -100.00 -100.00
  79   234.139 55439.82902703 29.09 306.614431 -22.789681  9.672 -100.00 -100.00 -100.00
  79   234.230 55439.82902762 29.91 306.615516 -22.787227 12.488 -100.00 -100.00 -100.00
  79   234.724 55439.82902821 28.29 306.616601 -22.784774  9.191 -100.00 -100.00 -100.00
  79   234.984 55439.82902880 35.33 306.617685 -22.782320 22.070 -100.00 -100.00 -100.00
  80   234.332 55449.74467010 25.69 306.612533 -22.791372 11.509 -100.00 -100.00 -100.00
  80   234.045 55449.74467069 26.33 306.613618 -22.788918 13.295 -100.00 -100.00 -100.00
  80   234.063 55449.74467128 26.28 306.614702 -22.786464 14.228 -100.00 -100.00 -100.00
  80   234.486 55449.74467187 25.17 306.615787 -22.784011 11.565 -100.00 -100.00 -100.00
  80   234.470 55449.74467246 34.21 306.616871 -22.781557   -100 -100.00 -100.00 -100.00
  81   234.181 55459.66031316 25.81 306.613063 -22.792277 23.010 -100.00 -100.00 -100.00
  81   233.960 55459.66031375 24.70 306.614147 -22.789823 23.730 -100.00 -100.00 -100.00
  81   234.064 55459.66031434 23.50 306.615232 -22.787369 19.949 -100.00 -100.00 -100.00
  81   234.240 55459.66031493 24.45 306.616316 -22.784916 19.989 -100.00 -100.00 -100.00
  81   234.189 55459.66031552 30.26 306.617401 -22.782462   -100 -100.00 -100.00 -100.00
  81   234.842 55459.66031611 29.51 306.618485 -22.780009   -100 -100.00 -100.00 -100.00
  89   302.301 55538.98545196 21.34 306.618037 -22.788965 10.445 -100.00 -100.00 -100.00
  89   299.398 55538.98545255 26.03 306.619122 -22.786512 30.208 -100.00 -100.00 -100.00
  89   300.552 55538.98545314 28.80 306.620206 -22.784058 29.799 -100.00 -100.00 -100.00
  89   301.773 55538.98545373 30.13 306.621291 -22.781604   -100 -100.00 -100.00 -100.00
  90   235.069 55548.90109675 45.19 306.616134 -22.790954   -100 -100.00 -100.00 -100.00
  90   235.065 55548.90109734 46.58 306.617219 -22.788501   -100 -100.00 -100.00 -100.00
  90   234.853 55548.90109793 48.89 306.618303 -22.786047   -100 -100.00 -100.00 -100.00
  90   234.818 55548.90109852 51.98 306.619388 -22.783593 11.969 -100.00 -100.00 -100.00
  90   234.815 55548.90109911 52.58 306.620472 -22.781139 15.272 -100.00 -100.00 -100.00
  91   234.580 55558.81674025 46.54 306.614185 -22.791751   -100 -100.00 -100.00 -100.00
  91   234.495 55558.81674084 46.52 306.615269 -22.789298   -100 -100.00 -100.00 -100.00
  91   234.376 55558.81674143 49.39 306.616354 -22.786844  2.060 -100.00 -100.00 -100.00
  91   234.355 55558.81674202 50.58 306.617438 -22.784390 13.796 -100.00 -100.00 -100.00
  91   234.654 55558.81674261 48.62 306.618523 -22.781936   -100 -100.00 -100.00 -100.00
  92   234.424 55568.73238381 22.15 306.614715 -22.789761  8.005 -100.00 -100.00 -100.00
  92   234.409 55568.73238440 22.98 306.615800 -22.787307  9.592 -100.00 -100.00 -100.00
  92   234.683 55568.73238499 23.59 306.616884 -22.784853  9.494 -100.00 -100.00 -100.00
  92   234.907 55568.73238558 31.33 306.617969 -22.782399 23.471 -100.00 -100.00 -100.00
 101   235.963 55657.97315964 42.26 306.617064 -22.789765   -100 -100.00 -100.00 -100.00
 101   235.786 55657.97316023 38.69 306.618148 -22.787311   -100 -100.00 -100.00 -100.00
 101   235.656 55657.97316082 36.54 306.619233 -22.784857 31.173 -100.00 -100.00 -100.00
 101   235.852 55657.97316141 34.67 306.620318 -22.782403 22.636 -100.00 -100.00 -100.00
 101   235.808 55657.97316200 42.21 306.621403 -22.779949   -100 -100.00 -100.00 -100.00
 103   299.925 55677.80444095  5.91 306.615813 -22.790030  4.078 -100.00 -100.00 -100.00
 103   301.881 55677.80444154  6.27 306.616898 -22.787576  4.693 -100.00 -100.00 -100.00
 103   300.623 55677.80444213  5.71 306.617982 -22.785122  4.481 -100.00 -100.00 -100.00
 103   301.674 55677.80444272  4.34 306.619067 -22.782668  3.634 -100.00 -100.00 -100.00
 103   300.669 55677.80444331 13.77 306.620152 -22.780214 13.027 -100.00 -100.00 -100.00
 104   234.065 55687.72007908 35.86 306.618312 -22.789332 17.503 -100.00 -100.00 -100.00
 104   234.598 55687.72007967 35.38 306.619397 -22.786878 16.137 -100.00 -100.00 -100.00
 104   234.868 55687.72008026 33.97 306.620482 -22.784424 12.681 -100.00 -100.00 -100.00
 104   235.144 55687.72008085 36.11 306.621566 -22.781970 16.027 -100.00 -100.00 -100.00
 113   234.610 55776.96086218 31.80 306.619598 -22.789572 11.321 -100.00 -100.00 -100.00
 113   234.353 55776.96086277 32.22 306.620682 -22.787118 13.082 -100.00 -100.00 -100.00
 113   234.384 55776.96086336 34.27 306.621767 -22.784665 17.702 -100.00 -100.00 -100.00
 113   235.055 55776.96086395 33.70 306.622852 -22.782211 15.652 -100.00 -100.00 -100.00
 113   235.131 55776.96086454 32.48 306.623936 -22.779757 12.659 -100.00 -100.00 -100.00
 117   234.723 55816.62342447 24.32 306.625155 -22.783775  9.495 -100.00 -100.00 -100.00
 117   234.980 55816.62342506 24.09 306.626239 -22.781321 10.085 -100.00 -100.00 -100.00
 119   234.263 55836.45471108 40.27 306.621830 -22.789217   -100 -100.00 -100.00 -100.00
 119   234.274 55836.45471167 37.59 306.622915 -22.786764 29.999 -100.00 -100.00 -100.00
 119   234.435 55836.45471226 33.88 306.623999 -22.784310 15.477 -100.00 -100.00 -100.00
 119   234.798 55836.45471285 31.71 306.625084 -22.781857 10.680 -100.00 -100.00 -100.00
 119   234.865 55836.45471344 32.85 306.626168 -22.779403 13.624 -100.00 -100.00 -100.00
 121   235.039 55856.28598665 24.77 306.625954 -22.782327 13.504 -100.00 -100.00 -100.00
 121   234.904 55856.28598724 26.17 306.627039 -22.779873 18.674 -100.00 -100.00 -100.00
 125   234.403 55895.94856745 29.58 306.622304 -22.788019 28.470 -100.00 -100.00 -100.00
 125   234.621 55895.94856804 28.16 306.623388 -22.785565 22.420 -100.00 -100.00 -100.00
 125   234.611 55895.94856863 31.73 306.624473 -22.783111   -100 -100.00 -100.00 -100.00
 125   234.953 55895.94856922 26.77 306.625557 -22.780658 17.325 -100.00 -100.00 -100.00
 126   234.945 55905.86420353 39.45 306.623900 -22.787964   -100 -100.00 -100.00 -100.00
 126   234.863 55905.86420412 35.90 306.624985 -22.785510 26.847 -100.00 -100.00 -100.00
 126   234.883 55905.86420471 32.30 306.626069 -22.783056 14.444 -100.00 -100.00 -100.00
 126   234.734 55905.86420530 29.70 306.627154 -22.780602 11.840 -100.00 -100.00 -100.00
 127   234.869 55915.77984731 28.52 306.623127 -22.787776 29.918 -100.00 -100.00 -100.00
 127   234.776 55915.77984790 26.90 306.624211 -22.785322 23.209 -100.00 -100.00 -100.00
 127   234.861 55915.77984849 29.04 306.625296 -22.782868 31.818 -100.00 -100.00 -100.00
 127   234.832 55915.77984908 26.31 306.626380 -22.780414 21.467 -100.00 -100.00 -100.00
 128   234.002 55925.69550114 27.61 306.619299 -22.788628 14.970 -100.00 -100.00 -100.00
 128   234.398 55925.69550173 26.67 306.620384 -22.786174 11.915 -100.00 -100.00 -100.00
 128   234.592 55925.69550232 30.01 306.621468 -22.783721 19.044 -100.00 -100.00 -100.00
 128   234.696 55925.69550291 34.42 306.622553 -22.781267   -100 -100.00 -100.00 -100.00
 129   234.160 55935.61115165 22.07 306.616847 -22.790210 13.985 -100.00 -100.00 -100.00
 129   234.227 55935.61115224 21.08 306.617931 -22.787756 13.722 -100.00 -100.00 -100.00
 129   234.389 55935.61115283 22.75 306.619016 -22.785302 17.361 -100.00 -100.00 -100.00
 129   234.465 55935.61115342 27.75 306.620100 -22.782848   -100 -100.00 -100.00 -100.00
 129   234.528 55935.61115401 29.82 306.621185 -22.780394   -100 -100.00 -100.00 -100.00
 130   235.454 55945.52679771 41.36 306.615435 -22.789931   -100 -100.00 -100.00 -100.00
 130   235.461 55945.52679830 41.06 306.616520 -22.787478   -100 -100.00 -100.00 -100.00
 130   235.465 55945.52679889 42.81 306.617604 -22.785024   -100 -100.00 -100.00 -100.00
 130   235.529 55945.52679948 39.31 306.618689 -22.782570 30.202 -100.00 -100.00 -100.00
 130   235.557 55945.52680007 40.33 306.619773 -22.780116 32.122 -100.00 -100.00 -100.00
 131   235.820 55955.44243909 25.07 306.614269 -22.789855 10.729 -100.00 -100.00 -100.00
 131   235.666 55955.44243968 23.88 306.615354 -22.787401 10.436 -100.00 -100.00 -100.00
 131   235.745 55955.44244027 23.35 306.616439 -22.784948  9.669 -100.00 -100.00 -100.00
 131   235.936 55955.44244086 30.79 306.617523 -22.782494 27.707 -100.00 -100.00 -100.00
 131   236.048 55955.44244145 31.58 306.618608 -22.780040 23.797 -100.00 -100.00 -100.00
 132   235.176 55965.35807707 44.44 306.613008 -22.791939   -100 -100.00 -100.00 -100.00
 132   235.147 55965.35807767 47.68 306.614093 -22.789486   -100 -100.00 -100.00 -100.00
 132   235.076 55965.35807826 51.83 306.615178 -22.787032   -100 -100.00 -100.00 -100.00
 132   235.073 55965.35807885 52.82 306.616263 -22.784578   -100 -100.00 -100.00 -100.00
 132   235.097 55965.35807944 55.42 306.617348 -22.782124   -100 -100.00 -100.00 -100.00
 137   234.783 56014.93628592 30.97 306.620912 -22.784092 27.199 -100.00 -100.00 -100.00
 137   234.975 56014.93628651 34.57 306.621997 -22.781638   -100 -100.00 -100.00 -100.00
 138   234.026 56024.85192891 28.97 306.614075 -22.791663 10.936 -100.00 -100.00 -100.00
 138   234.076 56024.85192950 28.39 306.615160 -22.789209  9.699 -100.00 -100.00 -100.00
 138   234.168 56024.85193009 29.73 306.616245 -22.786755 14.012 -100.00 -100.00 -100.00
 138   234.318 56024.85193068 32.88 306.617330 -22.784301 21.784 -100.00 -100.00 -100.00
 138   234.592 56024.85193127 36.50 306.618414 -22.781847   -100 -100.00 -100.00 -100.00
 139   234.959 56034.76757213 44.14 306.613199 -22.791702   -100 -100.00 -100.00 -100.00
 139   234.960 56034.76757272 44.26 306.614284 -22.789248   -100 -100.00 -100.00 -100.00
 139   234.905 56034.76757331 46.76 306.615369 -22.786794  2.520 -100.00 -100.00 -100.00
 139   234.982 56034.76757390 44.81 306.616453 -22.784340   -100 -100.00 -100.00 -100.00
 139   235.043 56034.76757449 45.66 306.617538 -22.781886   -100 -100.00 -100.00 -100.00
 140   234.770 56044.68321391 44.33 306.616301 -22.790589   -100 -100.00 -100.00 -100.00
 140   234.991 56044.68321450 44.46 306.617386 -22.788135   -100 -100.00 -100.00 -100.00
 140   234.997 56044.68321509 42.68 306.618471 -22.785681   -100 -100.00 -100.00 -100.00
 140   235.018 56044.68321568 40.58 306.619556 -22.783227   -100 -100.00 -100.00 -100.00
 140   234.737 56044.68321627 44.44 306.620640 -22.780773   -100 -100.00 -100.00 -100.00
 141   233.743 56054.59885300 24.12 306.620586 -22.788956 18.120 -100.00 -100.00 -100.00
 141   234.386 56054.59885359 24.13 306.621670 -22.786502 16.884 -100.00 -100.00 -100.00
 141   233.911 56054.59885418 30.52 306.622755 -22.784048   -100 -100.00 -100.00 -100.00
 141   234.823 56054.59885477 29.67 306.623839 -22.781594 32.672 -100.00 -100.00 -100.00
 142   234.367 56064.51448804 25.65 306.624416 -22.788390 24.223 -100.00 -100.00 -100.00
 142   234.391 56064.51448863 24.77 306.625501 -22.785936 21.849 -100.00 -100.00 -100.00
 142   234.700 56064.51448922 23.81 306.626585 -22.783482 16.664 -100.00 -100.00 -100.00
 142   234.903 56064.51448981 26.18 306.627670 -22.781028 25.036 -100.00 -100.00 -100.00
 143   234.602 56074.43013152 24.95 306.623070 -22.788757 15.806 -100.00 -100.00 -100.00
 143   234.568 56074.43013211 28.03 306.624154 -22.786303 23.844 -100.00 -100.00 -100.00
 143   234.734 56074.43013270 25.74 306.625239 -22.783849 16.952 -100.00 -100.00 -100.00
 143   234.903 56074.43013329 25.79 306.626323 -22.781395 15.628 -100.00 -100.00 -100.00
 150   234.374 56143.83961307 30.03 306.621934 -22.788763 10.227 -100.00 -100.00 -100.00
 150   234.652 56143.83961366 29.44 306.623019 -22.786309  8.795 -100.00 -100.00 -100.00
 150   234.857 56143.83961425 29.33 306.624104 -22.783856 10.603 -100.00 -100.00 -100.00
 150   235.093 56143.83961484 28.03 306.625188 -22.781402  6.303 -100.00 -100.00 -100.00
 151   234.483 56153.75526361 23.34 306.619445 -22.788113 17.511 -100.00 -100.00 -100.00
 151   234.630 56153.75526420 24.25 306.620530 -22.785659 19.089 -100.00 -100.00 -100.00
 151   234.642 56153.75526479 29.51 306.621615 -22.783206   -100 -100.00 -100.00 -100.00
 151   234.989 56153.75526538 29.84 306.622699 -22.780752 28.001 -100.00 -100.00 -100.00
 152   234.373 56163.67091270 21.64 306.618215 -22.789322 13.681 -100.00 -100.00 -100.00
 152   234.535 56163.67091329 21.73 306.619299 -22.786868 14.235 -100.00 -100.00 -100.00
 152   234.707 56163.67091388 25.78 306.620384 -22.784415 24.843 -100.00 -100.00 -100.00
 152   235.021 56163.67091447 28.54 306.621468 -22.781961 25.584 -100.00 -100.00 -100.00
 153   234.655 56173.58656040 44.39 306.619386 -22.788130   -100 -100.00 -100.00 -100.00
 153   234.597 56173.58656099 45.07 306.620470 -22.785677   -100 -100.00 -100.00 -100.00
 153   234.629 56173.58656158 44.20 306.621555 -22.783223   -100 -100.00 -100.00 -100.00
 153   234.574 56173.58656217 43.99 306.622639 -22.780769   -100 -100.00 -100.00 -100.00
 154   233.808 56183.50220249 29.36 306.619980 -22.789105 32.642 -100.00 -100.00 -100.00
 154   234.182 56183.50220308 29.13 306.621064 -22.786651 27.617 -100.00 -100.00 -100.00
 154   234.414 56183.50220367 29.95 306.622149 -22.784198 30.050 -100.00 -100.00 -100.00
 154   234.526 56183.50220426 33.17 306.623233 -22.781744   -100 -100.00 -100.00 -100.00
 163   234.157 56272.74298373 25.48 306.617720 -22.789939  9.603 -100.00 -100.00 -100.00
 163   234.314 56272.74298432 25.43 306.618804 -22.787485  9.817 -100.00 -100.00 -100.00
 163   234.498 56272.74298491 27.49 306.619889 -22.785031 16.084 -100.00 -100.00 -100.00
 163   234.679 56272.74298550 33.61 306.620973 -22.782577   -100 -100.00 -100.00 -100.00
 163   235.038 56272.74298609 33.94 306.622057 -22.780124 25.978 -100.00 -100.00 -100.00
 164   234.486 56282.65862725 24.39 306.618853 -22.789047 18.596 -100.00 -100.00 -100.00
 164   234.755 56282.65862784 25.87 306.619937 -22.786593 21.663 -100.00 -100.00 -100.00
 164   235.110 56282.65862843 28.38 306.621022 -22.784139 25.266 -100.00 -100.00 -100.00
 164   235.216 56282.65862903 29.33 306.622106 -22.781686 26.702 -100.00 -100.00 -100.00
 165   233.512 56292.57427940 23.35 306.616789 -22.789931 17.461 -100.00 -100.00 -100.00
 165   234.003 56292.57427999 21.96 306.617874 -22.787477 11.396 -100.00 -100.00 -100.00
 165   233.622 56292.57428058 30.78 306.618958 -22.785024   -100 -100.00 -100.00 -100.00
 165   234.160 56292.57428117 29.52 306.620043 -22.782570   -100 -100.00 -100.00 -100.00
 165   234.701 56292.57428176 31.71 306.621127 -22.780116 25.237 -100.00 -100.00 -100.00
 166   276.115 56302.48992692  6.41 306.614310 -22.790867  7.781 -100.00 -100.00 -100.00
 166   302.930 56302.48992751  2.00 306.615394 -22.788413  3.397 -100.00 -100.00 -100.00
 166   302.397 56302.48992869  2.10 306.617564 -22.783506  4.405 -100.00 -100.00 -100.00
 166   280.334 56302.48992928  6.34 306.618648 -22.781052  6.362 -100.00 -100.00 -100.00
 168   234.050 56322.32121092 18.35 306.611238 -22.792132  8.085 -100.00 -100.00 -100.00
 168   233.888 56322.32121151 21.09 306.612323 -22.789679 13.926 -100.00 -100.00 -100.00
 168   234.067 56322.32121210 19.21 306.613407 -22.787225  9.922 -100.00 -100.00 -100.00
 168   234.148 56322.32121269 21.92 306.614492 -22.784771 15.306 -100.00 -100.00 -100.00
 168   234.730 56322.32121328 21.71 306.615577 -22.782318 12.116 -100.00 -100.00 -100.00
 173   234.171 56371.89942056 35.72 306.620950 -22.782546 30.473 -100.00 -100.00 -100.00
 173   235.483 56371.89942115 36.15 306.622035 -22.780092 24.285 -100.00 -100.00 -100.00
 175   234.087 56391.73070953 42.05 306.612114 -22.791790   -100 -100.00 -100.00 -100.00
 175   234.120 56391.73071012 41.76 306.613199 -22.789336   -100 -100.00 -100.00 -100.00
 175   234.223 56391.73071071 42.67 306.614284 -22.786882   -100 -100.00 -100.00 -100.00
 175   234.315 56391.73071130 44.21 306.615368 -22.784428   -100 -100.00 -100.00 -100.00
 175   234.059 56391.73071189 47.14 306.616453 -22.781973  8.265 -100.00 -100.00 -100.00
 177   233.304 56411.56199421 30.62 306.619128 -22.788337 24.166 -100.00 -100.00 -100.00
 177   233.347 56411.56199480 29.95 306.620213 -22.785883 22.475 -100.00 -100.00 -100.00
 177   234.531 56411.56199539 31.80 306.621297 -22.783428 28.324 -100.00 -100.00 -100.00
 177   234.974 56411.56199598 34.73 306.622382 -22.780974 28.105 -100.00 -100.00 -100.00
 178   233.948 56421.47762986 43.71 306.623139 -22.787596   -100 -100.00 -100.00 -100.00
 178   233.889 56421.47763045 44.61 306.624223 -22.785142   -100 -100.00 -100.00 -100.00
 178   233.854 56421.47763104 42.30 306.625308 -22.782688   -100 -100.00 -100.00 -100.00
 178   233.805 56421.47763163 41.28 306.626392 -22.780234   -100 -100.00 -100.00 -100.00
 179   233.649 56431.39326919 27.81 306.623880 -22.787060  8.877 -100.00 -100.00 -100.00
 179   233.783 56431.39326978 28.11 306.624964 -22.784606 11.471 -100.00 -100.00 -100.00
 179   234.740 56431.39327037 28.35 306.626049 -22.782152 12.297 -100.00 -100.00 -100.00
 179   233.992 56431.39327096 36.16 306.627133 -22.779698 26.411 -100.00 -100.00 -100.00
 180   234.240 56441.30892068 20.13 306.618197 -22.788434 11.868 -100.00 -100.00 -100.00
 180   234.500 56441.30892127 21.64 306.619281 -22.785981 15.394 -100.00 -100.00 -100.00
 180   234.911 56441.30892186 24.42 306.620366 -22.783527 17.405 -100.00 -100.00 -100.00
 180   235.072 56441.30892245 27.70 306.621450 -22.781073 17.532 -100.00 -100.00 -100.00
 185   234.499 56490.88713891 34.59 306.616895 -22.789274 14.821 -100.00 -100.00 -100.00
 185   234.434 56490.88713950 32.70 306.617979 -22.786820 12.433 -100.00 -100.00 -100.00
 185   234.274 56490.88714009 33.91 306.619064 -22.784366 17.056 -100.00 -100.00 -100.00
 185   234.567 56490.88714068 35.67 306.620149 -22.781913 19.772 -100.00 -100.00 -100.00
 186   268.833 56500.80277398 12.74 306.619420 -22.788660 11.160 -100.00 -100.00 -100.00
 186   302.369 56500.80277457  4.69 306.620505 -22.786206  3.530 -100.00 -100.00 -100.00
 186   301.349 56500.80277516  3.29 306.621590 -22.783753  4.364 -100.00 -100.00 -100.00
 186   299.629 56500.80277575  4.86 306.622674 -22.781299  4.006 -100.00 -100.00 -100.00
 188   233.821 56520.63405266 27.67 306.625567 -22.786932 24.234 -100.00 -100.00 -100.00
 188   234.148 56520.63405325 26.04 306.626652 -22.784478 19.048 -100.00 -100.00 -100.00
 188   234.783 56520.63405384 25.34 306.627736 -22.782025 17.372 -100.00 -100.00 -100.00
 188   235.145 56520.63405443 22.79 306.628821 -22.779571  9.426 -100.00 -100.00 -100.00
 189   233.526 56530.54970565 27.93 306.622562 -22.788503   -100 -100.00 -100.00 -100.00
 189   233.350 56530.54970624 29.82 306.623646 -22.786049   -100 -100.00 -100.00 -100.00
 189   234.773 56530.54970683 25.05 306.624730 -22.783596 21.395 -100.00 -100.00 -100.00
 189   234.888 56530.54970742 26.09 306.625815 -22.781142 27.291 -100.00 -100.00 -100.00
 191   234.288 56550.38099964 43.83 306.617667 -22.789839 24.837 -100.00 -100.00 -100.00
 191   234.014 56550.38100023 47.04 306.618751 -22.787386   -100 -100.00 -100.00 -100.00
 191   233.865 56550.38100082 53.20 306.619836 -22.784932   -100 -100.00 -100.00 -100.00
 191   233.751 56550.38100141 55.07 306.620920 -22.782479 17.280 -100.00 -100.00 -100.00
 191   233.680 56550.38100200 56.58 306.622004 -22.780025 29.913 -100.00 -100.00 -100.00
 192   234.262 56560.29664220 23.99 306.616264 -22.789404 10.055 -100.00 -100.00 -100.00
 192   234.411 56560.29664279 23.90 306.617348 -22.786951  8.070 -100.00 -100.00 -100.00
 192   234.491 56560.29664339 26.99 306.618432 -22.784497 17.609 -100.00 -100.00 -100.00
 192   234.754 56560.29664398 32.85 306.619517 -22.782044   -100 -100.00 -100.00 -100.00
 197   234.255 56609.87485806 38.57 306.620855 -22.787682 28.947 -100.00 -100.00 -100.00
 197   234.346 56609.87485865 42.62 306.621940 -22.785228   -100 -100.00 -100.00 -100.00
 197   234.973 56609.87485924 43.71 306.623024 -22.782775 26.127 -100.00 -100.00 -100.00
 197   234.931 56609.87485983 45.89 306.624108 -22.780321 28.949 -100.00 -100.00 -100.00
 198   233.757 56619.79050375 27.34 306.617685 -22.789144 14.986 -100.00 -100.00 -100.00
 198   234.005 56619.79050434 24.04 306.618770 -22.786690  8.763 -100.00 -100.00 -100.00
 198   234.571 56619.79050493 23.75 306.619854 -22.784236  7.511 -100.00 -100.00 -100.00
 198   234.693 56619.79050552 32.55 306.620939 -22.781783 26.110 -100.00 -100.00 -100.00
 200   234.023 56639.62178689 21.30 306.618624 -22.789749 13.996 -100.00 -100.00 -100.00
 200   234.229 56639.62178748 19.82 306.619709 -22.787295 10.610 -100.00 -100.00 -100.00
 200   234.525 56639.62178807 20.64 306.620793 -22.784841 10.685 -100.00 -100.00 -100.00
 200   234.540 56639.62178866 28.60 306.621878 -22.782387   -100 -100.00 -100.00 -100.00
 200   235.005 56639.62178925 28.76 306.622962 -22.779934 24.752 -100.00 -100.00 -100.00
 201   233.716 56649.53743308 27.52 306.618673 -22.789857   -100 -100.00 -100.00 -100.00
 201   233.756 56649.53743367 25.32 306.619757 -22.787403   -100 -100.00 -100.00 -100.00
 201   234.276 56649.53743426 23.07 306.620842 -22.784950 18.976 -100.00 -100.00 -100.00
 201   234.267 56649.53743485 29.94 306.621926 -22.782496   -100 -100.00 -100.00 -100.00
 201   234.821 56649.53743544 28.85 306.623011 -22.780042 29.331 -100.00 -100.00 -100.00
 202   233.925 56659.45308426 21.73 306.615120 -22.790529 10.460 -100.00 -100.00 -100.00
 202   234.282 56659.45308485 21.99 306.616205 -22.788075  9.060 -100.00 -100.00 -100.00
 202   234.668 56659.45308544 23.25 306.617290 -22.785622 12.130 -100.00 -100.00 -100.00
 202   234.901 56659.45308603 29.96 306.618374 -22.783168 25.284 -100.00 -100.00 -100.00
 202   235.616 56659.45308662 31.06 306.619459 -22.780714 15.692 -100.00 -100.00 -100.00
 203   233.670 56669.36873162 26.21 306.612816 -22.790132  8.217 -100.00 -100.00 -100.00
 203   234.155 56669.36873221 25.86 306.613901 -22.787679  7.460 -100.00 -100.00 -100.00
 203   234.358 56669.36873280 25.51 306.614986 -22.785225  6.902 -100.00 -100.00 -100.00
 203   234.920 56669.36873339 26.93 306.616070 -22.782771  9.545 -100.00 -100.00 -100.00
 203   234.828 56669.36873398 35.06 306.617155 -22.780318 32.713 -100.00 -100.00 -100.00
 204   234.348 56679.28437631 38.52 306.612133 -22.790771   -100 -100.00 -100.00 -100.00
 204   234.462 56679.28437690 39.79 306.613218 -22.788318   -100 -100.00 -100.00 -100.00
 204   234.625 56679.28437749 40.80 306.614303 -22.785864   -100 -100.00 -100.00 -100.00
 204   234.751 56679.28437808 44.86 306.615387 -22.783410   -100 -100.00 -100.00 -100.00
 204   234.674 56679.28437867 48.20 306.616472 -22.780956   -100 -100.00 -100.00 -100.00
 208   234.104 56718.94693642 36.29 306.621096 -22.787819 26.888 -100.00 -100.00 -100.00
 208   234.085 56718.94693701 31.94 306.622181 -22.785365 14.938 -100.00 -100.00 -100.00
 208   234.083 56718.94693760 31.87 306.623266 -22.782911 14.009 -100.00 -100.00 -100.00
 208   234.457 56718.94693819 30.44 306.624350 -22.780457 10.043 -100.00 -100.00 -100.00
 211   234.596 56748.69388301 23.76 306.615814 -22.784482 14.936 -100.00 -100.00 -100.00
 211   234.634 56748.69388360 28.59 306.616899 -22.782028 29.466 -100.00 -100.00 -100.00
 215   233.628 56788.35645857 24.60 306.614422 -22.790391 20.939 -100.00 -100.00 -100.00
 215   233.464 56788.35645916 24.77 306.615506 -22.787937 21.149 -100.00 -100.00 -100.00
 215   233.388 56788.35645975 25.32 306.616591 -22.785483 22.508 -100.00 -100.00 -100.00
 215   233.633 56788.35646035 29.95 306.617676 -22.783029   -100 -100.00 -100.00 -100.00
 215   233.660 56788.35646094 27.15 306.618760 -22.780575 28.785 -100.00 -100.00 -100.00
 216   290.024 56798.27210959  6.75 306.609761 -22.791936  6.143 -100.00 -100.00 -100.00
 216   288.261 56798.27211018  2.70 306.610846 -22.789482  4.282 -100.00 -100.00 -100.00
 217   233.347 56808.18775572 34.81 306.609441 -22.790589   -100 -100.00 -100.00 -100.00
 217   233.394 56808.18775631 36.99 306.610526 -22.788135   -100 -100.00 -100.00 -100.00
 217   233.699 56808.18775691 38.07 306.611610 -22.785681   -100 -100.00 -100.00 -100.00
 217   233.893 56808.18775750 40.19 306.612695 -22.783227 28.129 -100.00 -100.00 -100.00
 217   233.702 56808.18775809 43.02 306.613779 -22.780773   -100 -100.00 -100.00 -100.00
 218   233.331 56818.10339596 41.72 306.611228 -22.790940   -100 -100.00 -100.00 -100.00
 218   233.129 56818.10339655 46.44 306.612312 -22.788487 15.641 -100.00 -100.00 -100.00
 218   233.140 56818.10339714 47.70 306.613397 -22.786033 28.091 -100.00 -100.00 -100.00
 218   233.160 56818.10339773 47.45 306.614481 -22.783579 27.538 -100.00 -100.00 -100.00
 218   233.189 56818.10339832 46.75 306.615566 -22.781125 24.817 -100.00 -100.00 -100.00
 223   234.768 56867.68160598 24.55 306.619802 -22.783706 14.192 -100.00 -100.00 -100.00
 223   234.852 56867.68160657 28.77 306.620886 -22.781252 24.465 -100.00 -100.00 -100.00
 224   233.834 56877.59725588 43.94 306.615123 -22.791513 27.350 -100.00 -100.00 -100.00
 224   233.496 56877.59725647 48.40 306.616207 -22.789059   -100 -100.00 -100.00 -100.00
 224   233.351 56877.59725706 48.25 306.617292 -22.786605   -100 -100.00 -100.00 -100.00
 224   233.363 56877.59725765 51.07 306.618376 -22.784152  0.333 -100.00 -100.00 -100.00
 224   233.248 56877.59725824 52.37 306.619461 -22.781698 20.255 -100.00 -100.00 -100.00
 225   233.412 56887.51290466 38.79 306.613868 -22.790333 24.549 -100.00 -100.00 -100.00
 225   233.332 56887.51290526 37.91 306.614953 -22.787879 21.627 -100.00 -100.00 -100.00
 225   233.240 56887.51290585 40.34 306.616037 -22.785426   -100 -100.00 -100.00 -100.00
 225   233.151 56887.51290644 43.35 306.617122 -22.782972   -100 -100.00 -100.00 -100.00
 225   233.464 56887.51290703 42.44 306.618206 -22.780518   -100 -100.00 -100.00 -100.00
 226   233.414 56897.42854994 42.99 306.611147 -22.791592   -100 -100.00 -100.00 -100.00
 226   233.302 56897.42855054 44.85 306.612232 -22.789138   -100 -100.00 -100.00 -100.00
 226   233.509 56897.42855113 48.09 306.613317 -22.786685   -100 -100.00 -100.00 -100.00
 226   233.662 56897.42855172 49.36 306.614401 -22.784231   -100 -100.00 -100.00 -100.00
 226   233.550 56897.42855231 52.50 306.615486 -22.781778   -100 -100.00 -100.00 -100.00
 228   280.550 56917.25983346 17.81 306.610946 -22.791176  8.592 -100.00 -100.00 -100.00
 228   281.614 56917.25983405 23.08 306.612031 -22.788723 11.279 -100.00 -100.00 -100.00
 228   280.748 56917.25983464 27.91 306.613115 -22.786269 15.952 -100.00 -100.00 -100.00
 228   279.544 56917.25983523 33.21 306.614200 -22.783816   -100 -100.00 -100.00 -100.00
 228   279.909 56917.25983583 21.72 306.615284 -22.781362  7.851 -100.00 -100.00 -100.00
 230   233.026 56937.09110865 30.17 306.620709 -22.787951   -100 -100.00 -100.00 -100.00
 230   232.820 56937.09110924 31.40 306.621794 -22.785497   -100 -100.00 -100.00 -100.00
 230   233.119 56937.09110983 31.52 306.622878 -22.783044   -100 -100.00 -100.00 -100.00
 230   234.670 56937.09111042 26.18 306.623962 -22.780590 21.194 -100.00 -100.00 -100.00
 231   233.889 56947.00673935 47.43 306.625631 -22.788900   -100 -100.00 -100.00 -100.00
 231   234.165 56947.00673994 47.83 306.626715 -22.786446   -100 -100.00 -100.00 -100.00
 231   234.167 56947.00674053 51.30 306.627799 -22.783993   -100 -100.00 -100.00 -100.00
 231   234.042 56947.00674112 53.87 306.628884 -22.781539   -100 -100.00 -100.00 -100.00
 231   233.939 56947.00674171 47.60 306.629968 -22.779085   -100 -100.00 -100.00 -100.00
 235   233.512 56986.66932752 30.12 306.617839 -22.789420 30.388 -100.00 -100.00 -100.00
 235   234.082 56986.66932811 30.23 306.618923 -22.786966 28.669 -100.00 -100.00 -100.00
 235   234.141 56986.66932870 31.15 306.620008 -22.784513 32.401 -100.00 -100.00 -100.00
 235   234.741 56986.66932929 34.00 306.621092 -22.782059   -100 -100.00 -100.00 -100.00
 236   233.602 56996.58496305 30.35 306.622395 -22.787970   -100 -100.00 -100.00 -100.00
 236   233.405 56996.58496364 33.00 306.623479 -22.785516   -100 -100.00 -100.00 -100.00
 236   233.680 56996.58496423 30.68 306.624564 -22.783062   -100 -100.00 -100.00 -100.00
 236   234.711 56996.58496482 27.85 306.625648 -22.780609 21.210 -100.00 -100.00 -100.00
 237   233.418 57006.50060864 29.93 306.622296 -22.787476   -100 -100.00 -100.00 -100.00
 237   233.911 57006.50060923 28.72 306.623380 -22.785022 27.789 -100.00 -100.00 -100.00
 237   234.404 57006.50060982 26.11 306.624465 -22.782568 22.478 -100.00 -100.00 -100.00
 237   234.651 57006.50061041 27.72 306.625549 -22.780115 28.040 -100.00 -100.00 -100.00
 239   297.068 57026.33191203 14.93 306.612461 -22.792305 13.380 -100.00 -100.00 -100.00
 239   298.396 57026.33191262 16.85 306.613546 -22.789851 11.527 -100.00 -100.00 -100.00
 239   299.283 57026.33191321 20.89 306.614630 -22.787398 14.123 -100.00 -100.00 -100.00
 239   296.652 57026.33191380 23.07 306.615715 -22.784944 21.789 -100.00 -100.00 -100.00
 239   297.971 57026.33191439 26.91 306.616800 -22.782490 28.857 -100.00 -100.00 -100.00
 239   298.015 57026.33191498 25.15 306.617884 -22.780037   -100 -100.00 -100.00 -100.00
 241   234.943 57046.16320662 41.20 306.614554 -22.790404 28.996 -100.00 -100.00 -100.00
 241   234.845 57046.16320721 44.17 306.615638 -22.787950   -100 -100.00 -100.00 -100.00
 241   234.693 57046.16320780 48.50 306.616723 -22.785496   -100 -100.00 -100.00 -100.00
 241   234.665 57046.16320839 50.30 306.617807 -22.783043   -100 -100.00 -100.00 -100.00
 241   234.879 57046.16320898 52.16 306.618892 -22.780589  3.016 -100.00 -100.00 -100.00
 242   233.760 57056.07884922 33.70 306.617122 -22.789944   -100 -100.00 -100.00 -100.00
 242   233.555 57056.07884981 35.36 306.618206 -22.787490   -100 -100.00 -100.00 -100.00
 242   233.458 57056.07885040 36.88 306.619291 -22.785036   -100 -100.00 -100.00 -100.00
 242   233.527 57056.07885099 38.89 306.620375 -22.782582   -100 -100.00 -100.00 -100.00
 242   233.820 57056.07885159 40.16 306.621460 -22.780128   -100 -100.00 -100.00 -100.00
 243   234.914 57065.99448668 45.17 306.619103 -22.789202 26.653 -100.00 -100.00 -100.00
 243   234.459 57065.99448727 48.31 306.620187 -22.786748   -100 -100.00 -100.00 -100.00
 243   234.343 57065.99448786 52.53 306.621272 -22.784294   -100 -100.00 -100.00 -100.00
 243   234.191 57065.99448845 54.08 306.622357 -22.781840 28.906 -100.00 -100.00 -100.00
 247   233.590 57105.65706364 23.41 306.617950 -22.788610 22.377 -100.00 -100.00 -100.00
 247   233.611 57105.65706423 26.85 306.619035 -22.786156   -100 -100.00 -100.00 -100.00
 247   233.946 57105.65706482 24.84 306.620119 -22.783702 25.878 -100.00 -100.00 -100.00
 247   234.316 57105.65706541 28.79 306.621204 -22.781248   -100 -100.00 -100.00 -100.00
 248   233.484 57115.57271520 19.90 306.616778 -22.789975 15.832 -100.00 -100.00 -100.00
 248   233.723 57115.57271579 23.06 306.617863 -22.787521 22.666 -100.00 -100.00 -100.00
 248   234.009 57115.57271638 24.76 306.618947 -22.785067 26.588 -100.00 -100.00 -100.00
 248   234.139 57115.57271697 26.75 306.620032 -22.782613   -100 -100.00 -100.00 -100.00
 248   234.510 57115.57271757 28.38 306.621116 -22.780159 24.802 -100.00 -100.00 -100.00
 249   233.317 57125.48836067 24.46 306.616203 -22.790079 20.455 -100.00 -100.00 -100.00
 249   233.449 57125.48836126 24.56 306.617288 -22.787625 23.092 -100.00 -100.00 -100.00
 249   233.326 57125.48836185 27.03 306.618372 -22.785171 27.616 -100.00 -100.00 -100.00
 249   233.642 57125.48836244 27.52 306.619457 -22.782717 30.291 -100.00 -100.00 -100.00
 249   234.229 57125.48836303 30.26 306.620541 -22.780263 27.183 -100.00 -100.00 -100.00
 251   232.849 57145.31963639 28.85 306.617658 -22.788695 27.885 -100.00 -100.00 -100.00
 251   233.058 57145.31963698 29.63 306.618742 -22.786241 26.978 -100.00 -100.00 -100.00
 251   232.933 57145.31963757 33.26 306.619827 -22.783787   -100 -100.00 -100.00 -100.00
 251   233.212 57145.31963816 33.43 306.620911 -22.781333 32.382 -100.00 -100.00 -100.00
 252   303.889 57155.23526942 18.95 306.621110 -22.789026  7.493 -100.00 -100.00 -100.00
 252   300.855 57155.23527001 23.33 306.622195 -22.786572 11.979 -100.00 -100.00 -100.00
 252   302.370 57155.23527060 26.92 306.623279 -22.784118 14.777 -100.00 -100.00 -100.00
 252   271.250 57155.23527119 32.37 306.624364 -22.781664   -100 -100.00 -100.00 -100.00
 253   234.258 57165.15090874 42.92 306.623733 -22.788877   -100 -100.00 -100.00 -100.00
 253   235.054 57165.15090933 43.23 306.624818 -22.786423 17.786 -100.00 -100.00 -100.00
 253   234.616 57165.15090992 46.58 306.625903 -22.783969 28.120 -100.00 -100.00 -100.00
 253   234.036 57165.15091052 54.61 306.626987 -22.781515 10.596 -100.00 -100.00 -100.00
 253   234.023 57165.15091111 54.22 306.628071 -22.779061 11.104 -100.00 -100.00 -100.00
 254   316.415 57175.06656440  5.93 306.620561 -22.789300 10.982 -100.00 -100.00 -100.00
 254   318.672 57175.06656499  6.26 306.621645 -22.786846  9.246 -100.00 -100.00 -100.00
 254   313.081 57175.06656558  6.82 306.622730 -22.784392  8.318 -100.00 -100.00 -100.00
 254   326.032 57175.06656617  9.60 306.623814 -22.781938  9.865 -100.00 -100.00 -100.00
 255   234.235 57184.98221657 45.21 306.617652 -22.789510 25.882 -100.00 -100.00 -100.00
 255   233.628 57184.98221716 47.55 306.618737 -22.787056   -100 -100.00 -100.00 -100.00
 255   233.580 57184.98221775 52.60 306.619821 -22.784602   -100 -100.00 -100.00 -100.00
 255   233.533 57184.98221834 52.32 306.620906 -22.782148  4.333 -100.00 -100.00 -100.00
 259   232.696 57224.64478951 29.31 306.615760 -22.790981 32.375 -100.00 -100.00 -100.00
 259   234.033 57224.64479010 24.95 306.616845 -22.788527 16.248 -100.00 -100.00 -100.00
 259   232.778 57224.64479069 31.77 306.617929 -22.786074   -100 -100.00 -100.00 -100.00
 259   234.309 57224.64479128 31.06 306.619014 -22.783620   -100 -100.00 -100.00 -100.00
 259   234.570 57224.64479187 33.26 306.620098 -22.781166 26.161 -100.00 -100.00 -100.00
 260   233.070 57234.56043211 26.23 306.618773 -22.789983 24.709 -100.00 -100.00 -100.00
 260   233.105 57234.56043270 27.85 306.619857 -22.787529 28.715 -100.00 -100.00 -100.00
 260   234.303 57234.56043329 28.77 306.620942 -22.785075 29.718 -100.00 -100.00 -100.00
 260   233.190 57234.56043389 31.17 306.622026 -22.782622   -100 -100.00 -100.00 -100.00
 260   234.972 57234.56043448 25.10 306.623110 -22.780168 14.263 -100.00 -100.00 -100.00
 261   232.603 57244.47607133 34.44 306.620535 -22.788753   -100 -100.00 -100.00 -100.00
 261   232.671 57244.47607192 34.74 306.621620 -22.786300   -100 -100.00 -100.00 -100.00
 261   232.985 57244.47607251 36.69 306.622704 -22.783846   -100 -100.00 -100.00 -100.00
 261   232.960 57244.47607310 39.36 306.623788 -22.781393   -100 -100.00 -100.00 -100.00
 262   233.157 57254.39170751 44.21 306.621255 -22.788192   -100 -100.00 -100.00 -100.00
 262   232.899 57254.39170810 48.32 306.622340 -22.785738   -100 -100.00 -100.00 -100.00
 262   232.823 57254.39170869 51.27 306.623424 -22.783285  9.740 -100.00 -100.00 -100.00
 262   233.159 57254.39170928 52.17 306.624508 -22.780831   -100 -100.00 -100.00 -100.00
 263   233.003 57264.30734191 45.20 306.622358 -22.789124   -100 -100.00 -100.00 -100.00
 263   233.149 57264.30734250 48.97 306.623442 -22.786671   -100 -100.00 -100.00 -100.00
 263   233.140 57264.30734309 52.59 306.624527 -22.784217   -100 -100.00 -100.00 -100.00
 263   233.006 57264.30734369 54.43 306.625611 -22.781764   -100 -100.00 -100.00 -100.00
 263   232.898 57264.30734428 55.21 306.626695 -22.779310 26.552 -100.00 -100.00 -100.00
 264   232.945 57274.22298197 53.70 306.625383 -22.787491   -100 -100.00 -100.00 -100.00
 264   233.088 57274.22298256 53.32 306.626467 -22.785038  2.032 -100.00 -100.00 -100.00
 264   233.177 57274.22298315 54.31 306.627552 -22.782584   -100 -100.00 -100.00 -100.00
 264   233.117 57274.22298374 51.21 306.628636 -22.780131  6.345 -100.00 -100.00 -100.00
 265   234.412 57284.13863874 44.38 306.623976 -22.787453 26.337 -100.00 -100.00 -100.00
 265   234.134 57284.13863933 47.43 306.625060 -22.784999   -100 -100.00 -100.00 -100.00
 265   234.051 57284.13863992 52.30 306.626144 -22.782546   -100 -100.00 -100.00 -100.00
 265   233.794 57284.13864051 51.92 306.627228 -22.780092 11.979 -100.00 -100.00 -100.00
 266   234.265 57294.05429239 43.42 306.621570 -22.789272 27.591 -100.00 -100.00 -100.00
 266   234.052 57294.05429298 44.56 306.622654 -22.786819 31.342 -100.00 -100.00 -100.00
 266   233.855 57294.05429357 50.82 306.623738 -22.784365   -100 -100.00 -100.00 -100.00
 266   233.976 57294.05429416 52.26 306.624823 -22.781911   -100 -100.00 -100.00 -100.00
 266   233.864 57294.05429475 50.68 306.625907 -22.779458   -100 -100.00 -100.00 -100.00
 270   285.834 57333.71687614 16.42 306.612303 -22.791311  8.917 -100.00 -100.00 -100.00
 270   286.934 57333.71687673 10.67 306.613387 -22.788858  4.748 -100.00 -100.00 -100.00
 270   297.119 57333.71687732  3.55 306.614472 -22.786404  3.242 -100.00 -100.00 -100.00
 270   287.253 57333.71687791  6.66 306.615556 -22.783950  4.334 -100.00 -100.00 -100.00
 270   285.193 57333.71687850 16.57 306.616641 -22.781497  5.950 -100.00 -100.00 -100.00
 271   321.587 57343.63251694  5.77 306.614734 -22.791723  2.988 -100.00 -100.00 -100.00
 271   321.658 57343.63251753  5.25 306.615819 -22.789270  2.935 -100.00 -100.00 -100.00
 271   319.402 57343.63251812  4.93 306.616903 -22.786816  3.168 -100.00 -100.00 -100.00
 271   317.819 57343.63251871  4.51 306.617988 -22.784362  2.518 -100.00 -100.00 -100.00
 271   316.070 57343.63251930  3.96 306.619072 -22.781909  2.791 -100.00 -100.00 -100.00
 273   234.622 57363.46381511 45.23 306.612330 -22.792138 32.226 -100.00 -100.00 -100.00
 273   234.346 57363.46381570 46.61 306.613415 -22.789684   -100 -100.00 -100.00 -100.00
 273   234.302 57363.46381629 51.39 306.614499 -22.787231   -100 -100.00 -100.00 -100.00
 273   234.353 57363.46381688 53.58 306.615584 -22.784777   -100 -100.00 -100.00 -100.00
 273   234.405 57363.46381747 54.05 306.616668 -22.782324   -100 -100.00 -100.00 -100.00
 274   303.051 57373.37945643  0.38 306.613001 -22.790924  2.375 -100.00 -100.00 -100.00
 274   302.421 57373.37945702  1.32 306.614085 -22.788470  2.621 -100.00 -100.00 -100.00
 274   282.142 57373.37945761  4.52 306.615170 -22.786017  3.376 -100.00 -100.00 -100.00
 274   285.515 57373.37945820  6.69 306.616254 -22.783563  4.056 -100.00 -100.00 -100.00
 274   285.312 57373.37945879 11.76 306.617339 -22.781109  6.812 -100.00 -100.00 -100.00
 275   285.881 57383.29509563 23.33 306.614451 -22.790272 10.777 -100.00 -100.00 -100.00
 275   284.661 57383.29509622 28.59 306.615536 -22.787818 15.986 -100.00 -100.00 -100.00
 275   284.580 57383.29509681 30.05 306.616620 -22.785364   -100 -100.00 -100.00 -100.00
 275   283.235 57383.29509740 22.03 306.617705 -22.782911   -100 -100.00 -100.00 -100.00
 275   283.859 57383.29509799 17.20 306.618789 -22.780457 29.425 -100.00 -100.00 -100.00
 276   306.377 57393.21073444 20.31 306.617820 -22.789319  7.594 -100.00 -100.00 -100.00
 276   303.911 57393.21073503 23.30 306.618905 -22.786865 14.240 -100.00 -100.00 -100.00
 276   274.088 57393.21073562 19.13 306.619990 -22.784411   -100 -100.00 -100.00 -100.00
 276   310.118 57393.21073621 18.74 306.621074 -22.781958 19.181 -100.00 -100.00 -100.00
 277   305.490 57403.12637275 26.53 306.623346 -22.787086 12.013 -100.00 -100.00 -100.00
 277   276.783 57403.12637334 24.64 306.624430 -22.784632   -100 -100.00 -100.00 -100.00
 277   313.043 57403.12637393 25.13 306.625515 -22.782179   -100 -100.00 -100.00 -100.00
 277   281.163 57403.12637452 31.50 306.626599 -22.779725   -100 -100.00 -100.00 -100.00
 278   282.477 57413.04201705  7.31 306.624231 -22.788533  3.761 -100.00 -100.00 -100.00
 278   302.959 57413.04201764  0.45 306.625316 -22.786079  2.042 -100.00 -100.00 -100.00
 278   302.313 57413.04201823  0.69 306.626400 -22.783625  2.164 -100.00 -100.00 -100.00
 278   303.278 57413.04201882  6.63 306.627485 -22.781171  3.782 -100.00 -100.00 -100.00
 282   298.455 57452.70461042  1.80 306.613142 -22.791894  3.100 -100.00 -100.00 -100.00
 282   295.496 57452.70461101  2.77 306.614226 -22.789440  4.800 -100.00 -100.00 -100.00
 282   297.855 57452.70461160  1.73 306.615311 -22.786986  4.176 -100.00 -100.00 -100.00
 282   287.792 57452.70461219  7.00 306.616395 -22.784532  4.732 -100.00 -100.00 -100.00
 282   288.715 57452.70461278 11.33 306.617480 -22.782078  6.929 -100.00 -100.00 -100.00
 283   235.897 57462.62025584 31.36 306.615364 -22.791042 21.828 -100.00 -100.00 -100.00
 283   235.698 57462.62025643 30.71 306.616448 -22.788588 20.218 -100.00 -100.00 -100.00
 283   235.905 57462.62025703 29.95 306.617533 -22.786134 15.691 -100.00 -100.00 -100.00
 283   235.905 57462.62025762 31.80 306.618617 -22.783680 19.165 -100.00 -100.00 -100.00
 283   236.040 57462.62025821 36.95 306.619702 -22.781226   -100 -100.00 -100.00 -100.00
 285   305.461 57482.45153542 11.43 306.621175 -22.788975  6.616 -100.00 -100.00 -100.00
 285   302.043 57482.45153601  9.91 306.622260 -22.786521  8.262 -100.00 -100.00 -100.00
 285   304.445 57482.45153660  4.00 306.623345 -22.784067  3.189 -100.00 -100.00 -100.00
 285   301.456 57482.45153719  4.29 306.624429 -22.781613  3.425 -100.00 -100.00 -100.00
 289   300.603 57522.11410519 20.39 306.620088 -22.788449 10.333 -100.00 -100.00 -100.00
 289   301.528 57522.11410578 25.16 306.621172 -22.785995 14.556 -100.00 -100.00 -100.00
 289   297.966 57522.11410637 26.76 306.622257 -22.783541   -100 -100.00 -100.00 -100.00
 289   299.110 57522.11410696 30.93 306.623341 -22.781087   -100 -100.00 -100.00 -100.00
 290   299.972 57532.02975715 19.43 306.618381 -22.788915 11.528 -100.00 -100.00 -100.00
 290   300.689 57532.02975774 24.07 306.619466 -22.786462 21.370 -100.00 -100.00 -100.00
 290   298.314 57532.02975833 17.67 306.620550 -22.784008 29.968 -100.00 -100.00 -100.00
 290   299.204 57532.02975892 14.36 306.621635 -22.781554 25.369 -100.00 -100.00 -100.00
 293   287.213 57561.77669694  6.97 306.613751 -22.790745  5.401 -100.00 -100.00 -100.00
 293   294.527 57561.77669753  4.04 306.614836 -22.788291  3.714 -100.00 -100.00 -100.00
 293   285.868 57561.77669812  7.63 306.615920 -22.785837  4.817 -100.00 -100.00 -100.00
 293   286.239 57561.77669871 15.21 306.617005 -22.783384  7.814 -100.00 -100.00 -100.00
 293   287.496 57561.77669930 15.95 306.618090 -22.780930  6.030 -100.00 -100.00 -100.00
 295   234.313 57581.60798699 44.22 306.615973 -22.789929 27.553 -100.00 -100.00 -100.00
 295   234.203 57581.60798758 47.16 306.617058 -22.787475   -100 -100.00 -100.00 -100.00
 295   233.840 57581.60798817 53.59 306.618142 -22.785021 11.129 -100.00 -100.00 -100.00
 295   233.956 57581.60798876 51.05 306.619227 -22.782568  9.658 -100.00 -100.00 -100.00
 295   233.865 57581.60798935 55.03 306.620311 -22.780114   -100 -100.00 -100.00 -100.00
 297   298.486 57601.43927071 20.89 306.619300 -22.788083 15.187 -100.00 -100.00 -100.00
 297   299.977 57601.43927130 24.31 306.620384 -22.785629 13.290 -100.00 -100.00 -100.00
 297   300.998 57601.43927189 26.53 306.621469 -22.783176 11.976 -100.00 -100.00 -100.00
 297   298.229 57601.43927248 17.77 306.622553 -22.780722 24.242 -100.00 -100.00 -100.00
