-261566.857   -15.332     0.00    8.46
-261278.749   -14.462     3.02    8.70
-260990.654   -12.450     6.98    9.36
-260702.571   -10.281     7.53    9.76
-260414.500    -7.432     9.89    9.37
-260126.442    -5.506     6.69    8.56
-259838.396    -5.121     1.34    8.33
-259550.363    -4.812     1.07    8.29
-259262.342    -3.125     5.86    8.30
-258974.334    -1.756     4.76    8.88
-258686.338    -0.325     4.97    8.63
-258398.355     1.371     5.89    8.68
-258110.384     3.364     6.92    8.23
-257822.425     5.890     8.78    6.35
-257534.479     7.011     3.89    5.67
-257246.545     7.690     2.36    7.04
-256958.624     5.016    -9.29   10.46
-256670.715     4.359    -2.28   10.82
-256382.819     5.016     2.28   10.83
-256094.935     6.234     4.23   11.90
-255807.063     8.431     7.63   14.05
-255519.204    14.090    19.66   16.85
-255231.357    19.332    18.21   15.95
-254943.523    24.301    17.27   13.96
-254655.701    26.044     6.06   11.44
-254367.891    26.192     0.51   10.41
-254080.094    23.185   -10.45   11.27
-253792.310    20.254   -10.19   10.89
-253504.537    17.332   -10.16   11.01
-253216.777    15.090    -7.79   10.69
-252929.030    12.551    -8.83   11.02
-252641.295    11.871    -2.37   11.16
-252353.572    10.645    -4.26   11.35
-252065.862     9.535    -3.86   11.04
-251778.164     7.244    -7.96   11.33
-251490.478     5.881    -4.74   10.98
-251202.805     3.901    -6.89   10.87
-250915.144     1.956    -6.76   11.26
-250627.496    -1.805   -13.08   13.07
-250339.860    -5.387   -12.46   13.20
-250052.236    -9.848   -15.51   11.50
-249764.625   -12.079    -7.76    9.96
-249477.026   -11.940     0.48    9.52
-249189.439    -8.199    13.01   13.01
-248901.865    -1.864    22.03   15.85
-248614.303     5.121    24.29   16.31
-248326.754    11.598    22.53   14.88
-248039.217    17.136    19.27   11.56
-247751.692    19.998     9.95    9.94
-247464.180    19.895    -0.36   10.54
-247176.679    16.404   -12.14   11.41
-246889.192    12.240   -14.49   10.80
-246601.716     8.007   -14.73    9.97
-246314.253     4.856   -10.97   10.31
-246026.803     1.904   -10.27   11.08
-245739.364     0.356    -5.39   11.55
-245451.938    -0.579    -3.25   10.83
-245164.525    -1.839    -4.39   11.29
-244877.123    -3.848    -6.99   11.11
-244589.562    -6.902   -10.62   11.46
-244299.496    -8.417    -5.23   11.08
-244009.442   -10.910    -8.59   11.15
-243719.401   -13.523    -9.01   10.58
-243429.373   -15.910    -8.23    9.43
-243139.357   -17.756    -6.37    7.72
-242849.353   -19.602    -6.37    5.24
-242559.362   -17.160     8.42    7.93
-242269.384   -15.596     5.39    8.86
-241979.419   -12.933     9.18   10.19
-241689.465    -9.015    13.52   11.62
-241399.525    -6.205     9.69   11.52
-241109.597    -2.740    11.95   10.35
-240819.682    -1.648     3.77   11.02
-240529.779    -3.577    -6.65   12.46
-240239.888    -6.387    -9.70   13.07
-239950.011    -9.021    -9.09   12.09
-239660.146   -11.125    -7.26   10.40
-239370.293   -10.848     0.96    9.95
-239080.453    -6.710    14.28   12.29
-238790.625    -0.894    20.07   13.29
-238500.810     6.017    23.85   11.82
-238211.008    11.477    18.84   12.29
-237921.218    15.788    14.88   13.81
-237631.441    20.083    14.82   16.11
-237341.676    20.290     0.72   17.55
-237051.924    19.583    -2.44   19.34
-236762.184    19.395    -0.65   18.71
-236472.457    17.946    -5.00   16.65
-236182.742    17.517    -1.48   14.23
-235893.040    21.444    13.56   17.39
-235603.350    27.462    20.78   20.91
-235313.673    38.090    36.70   28.61
-235024.008    53.379    52.79   41.06
-234734.356    74.281    72.17   48.99
-234444.716    87.798    46.68   48.63
-234155.089    99.423    40.15   47.37
-233865.475    97.198    -7.69   49.64
-233575.873    90.167   -24.28   53.91
-233286.283    79.444   -37.03   54.28
-232996.706    59.195   -69.94   43.52
-232707.141    42.290   -58.39   28.45
-232417.589    31.356   -37.77   23.44
-232128.050    30.492    -2.98   23.22
-231838.522    28.813    -5.80   23.76
-231549.008    30.234     4.91   28.48
-231259.506    31.317     3.74   28.03
-230970.016    35.007    12.75   25.98
-230680.539    33.082    -6.65   19.90
-230391.074    30.106   -10.28   17.86
-230101.622    23.629   -22.38   18.77
-229812.182    18.998   -16.00   20.47
-229522.755    10.457   -29.51   20.04
-229233.340     1.001   -32.68   13.95
-228943.937    -3.387   -15.17   10.19
-228654.547    -4.418    -3.56    8.56
-228365.170    -1.510    10.05   11.72
-228075.805     3.644    17.81   15.42
-227786.452     9.750    21.10   16.19
-227497.112    15.060    18.36   14.02
-227207.785    19.521    15.42    9.79
-226918.469    21.165     5.68    8.45
-226629.167    20.490    -2.33    8.87
-226339.876    19.174    -4.55    9.42
-226050.598    17.897    -4.42    8.88
-225761.333    16.106    -6.19    9.22
-225472.080    13.352    -9.52   10.13
-225182.839    10.692    -9.20   12.50
-224893.611     5.868   -16.68   14.66
-224604.396    -1.043   -23.90   16.04
-224315.192    -6.932   -20.37   13.53
-224026.001   -10.558   -12.54   10.77
-223736.823   -11.815    -4.35   10.32
-223447.657   -11.417     1.38   11.70
-223158.503    -8.222    11.05   12.51
-222869.362    -4.079    14.33   12.75
-222580.233     1.061    17.78   13.05
-222291.117     5.901    16.74   13.66
-222002.013    10.479    15.84   13.90
-221712.921    15.239    16.47   11.77
-221423.842    19.331    14.16    9.29
-221134.775    19.844     1.77    9.49
-220845.721    20.967     3.89   10.21
-220556.679    18.198    -9.58   14.13
-220267.649    16.644    -5.38   14.78
-219978.632    14.260    -8.25   14.66
-219689.627    13.677    -2.01   14.95
-219400.635    13.185    -1.70   14.79
-219111.655    14.159     3.37   14.10
-218822.687    15.044     3.07   13.19
-218533.732    17.419     8.22   13.42
-218244.789    19.852     8.42   13.45
-217955.859    22.676     9.78   13.70
-217666.940    22.631    -0.16   13.37
-217378.035    21.810    -2.84   14.42
-217089.141    21.837     0.09   13.52
-216800.260    22.210     1.29   13.13
-216511.391    22.886     2.34   12.55
-216222.535    23.090     0.71   11.64
-215933.691    25.275     7.57   12.59
-215644.859    29.522    14.71   13.02
-215356.040    35.693    21.37   14.52
-215067.233    43.013    25.35   13.33
-214778.439    47.644    16.04   12.37
-214489.656    51.536    13.48   12.69
-214200.886    52.921     4.80   13.26
-213912.129    54.360     4.98   14.62
-213623.384    55.813     5.03   16.54
-213334.651    55.583    -0.80   17.71
-213045.930    56.416     2.89   20.37
-212757.222    56.689     0.94   19.28
-212468.526    55.401    -4.46   20.52
-212179.842    50.565   -16.76   23.88
-211891.171    44.270   -21.81   23.81
-211602.512    39.066   -18.03   20.36
-211313.865    37.798    -4.39   16.90
-211025.231    37.106    -2.40   14.29
-210736.609    39.121     6.98   14.31
-210447.999    42.773    12.65   14.04
-210159.402    46.721    13.68   15.21
-209870.817    51.392    16.19   14.65
-209582.244    57.011    19.47   15.63
-209293.684    62.674    19.63   19.07
-209005.136    67.507    16.75   20.02
-208716.600    73.884    22.10   23.05
-208428.076    83.646    33.84   28.40
-208139.565    92.446    30.51   31.39
-207851.066   101.082    29.94   32.21
-207562.579   111.136    34.86   30.83
-207274.105   122.053    37.85   30.40
-206985.642   130.852    30.51   28.91
-206697.193   142.174    39.26   25.75
-206408.755   150.198    27.82   21.58
-206120.330   156.531    21.96   17.82
-205831.917   159.223     9.33   16.05
-205543.516   157.462    -6.11   18.04
-205255.127   149.234   -28.53   24.36
-204966.751   140.229   -31.23   28.95
-204678.387   126.254   -48.47   33.91
-204390.035   115.423   -37.57   33.50
-204101.696   101.662   -47.74   26.29
-203813.369    94.426   -25.10   21.66
-203525.054    85.736   -30.14   16.97
-203236.751    80.462   -18.30   15.43
-202948.461    78.750    -5.94   15.25
-202660.182    78.895     0.50   17.02
-202371.916    81.531     9.15   19.26
-202083.663    87.675    21.32   25.36
-201795.421    93.371    19.76   24.97
-201507.192    94.702     4.62   24.15
-201218.975    90.992   -12.88   25.91
-200930.770    83.998   -24.27   26.99
-200642.578    75.388   -29.88   25.84
-200354.397    69.310   -21.09   21.30
-200066.229    66.904    -8.35   17.20
-199778.073    74.931    27.86   26.86
-199489.930    87.936    45.14   35.28
-199201.798   103.506    54.04   36.94
-198913.679   120.879    60.31   32.68
-198625.572   137.042    56.11   25.31
-198337.477   145.936    30.88   15.86
-198049.395   149.106    11.00   11.60
-197761.324   148.770    -1.17   12.58
-197473.266   147.321    -5.03   14.88
-197185.220   143.270   -14.07   16.81
-196897.186   140.201   -10.66   16.51
-196609.165   135.983   -14.65   17.93
-196321.155   137.448     5.09   17.84
-196033.158   136.704    -2.58   19.60
-195745.173   136.717     0.05   18.86
-195457.200   136.270    -1.56   18.41
-195169.240   135.856    -1.44   17.79
-194881.291   132.598   -11.31   19.42
-194593.355   129.824    -9.64   18.28
-194305.431   125.136   -16.28   17.97
-194017.519   120.692   -15.44   18.04
-193729.619   114.183   -22.61   18.74
-193441.732   109.398   -16.62   17.99
-193153.856   104.973   -15.37   16.65
-192865.993    99.613   -18.62   16.85
-192578.142    94.146   -19.00   16.94
-192290.303    87.321   -23.72   18.57
-192002.476    79.159   -28.36   21.16
-191714.662    71.494   -26.64   23.40
-191426.859    62.568   -31.02   28.28
-191139.069    51.916   -37.02   32.26
-190851.291    41.831   -35.05   31.56
-190563.525    33.332   -29.54   30.40
-190275.771    24.176   -31.82   27.94
-189988.029    15.290   -30.89   22.26
-189700.300     9.567   -19.89   15.04
-189412.582    12.536    10.32   17.21
-189124.877    19.154    23.01   24.62
-188837.184    27.901    30.41   29.38
-188549.503    37.904    34.78   31.44
-188261.834    50.829    44.93   32.10
-187974.177    63.921    45.52   27.89
-187686.533    76.798    44.77   21.20
-187398.900    84.884    28.12   17.34
-187111.280    92.259    25.65   13.89
-186823.672    96.386    14.35   11.65
-186536.075    98.308     6.68   10.11
-186248.491    95.875    -8.46   13.90
-185960.919    91.007   -16.93   15.78
-185673.360    86.180   -16.79   16.35
-185385.812    83.673    -8.72   15.49
-185098.276    81.106    -8.93   14.57
-184810.753    82.481     4.79   15.63
-184523.241    88.223    19.97   17.36
-184235.742    93.844    19.55   16.74
-183948.255    98.901    17.59   17.35
-183660.780   101.083     7.59   17.72
-183373.316   104.098    10.49   18.46
-183085.866   106.130     7.07   17.75
-182798.427   108.398     7.89   16.83
-182511.000   108.792     1.37   14.32
-182221.756   113.598    16.62   14.75
-181931.711   118.568    17.14   15.52
-181641.678   125.013    22.23   17.28
-181351.657   133.840    30.44   18.83
-181061.649   141.565    26.64   18.36
-180771.653   149.260    26.54   16.57
-180481.669   153.290    13.90   14.42
-180191.698   155.867     8.89   13.50
-179901.739   155.446    -1.45   14.72
-179611.792   153.795    -5.70   15.49
-179321.858   149.031   -16.43   16.08
-179031.935   145.229   -13.12   16.10
-178742.026   142.270   -10.21   15.58
-178452.128   138.798   -11.98   14.63
-178162.243   134.983   -13.16   12.25
-177872.370   130.770   -14.53   11.00
-177582.510   125.840   -17.01    9.81
-177292.661   121.234   -15.89   10.72
-177002.825   116.921   -14.89   11.51
-176713.002   110.344   -22.69   12.69
-176423.190   103.444   -23.81   14.14
-176133.391    96.121   -25.27   14.66
-175843.604    88.983   -24.64   13.47
-175553.830    84.485   -15.52   12.77
-175264.068    80.798   -12.73   11.13
-174974.318    78.921    -6.48   10.35
-174684.580    77.340    -5.46    9.74
-174394.854    75.053    -7.90    9.74
-174105.141    72.477    -8.89    9.98
-173815.440    68.681   -13.10   10.18
-173525.752    66.614    -7.14    9.80
-173236.075    65.145    -5.07    9.75
-172946.411    65.767     2.15   10.86
-172656.759    66.736     3.35   12.55
-172367.120    67.270     1.84   12.97
-172077.492    65.921    -4.66   13.83
-171787.877    64.250    -5.77   13.80
-171498.274    63.550    -2.42   13.78
-171208.684    64.395     2.92   14.40
-170919.106    67.020     9.07   16.67
-170629.539    69.367     8.11   18.78
-170339.986    73.952    15.84   19.65
-170050.444    78.388    15.32   16.22
-169760.915    80.490     7.26   14.33
-169471.397    77.788    -9.33   14.70
-169181.892    73.767   -13.89   15.12
-168892.400    70.295   -12.00   13.56
-168602.919    69.167    -3.90   13.62
-168313.451    70.243     3.72   15.15
-168023.995    72.020     6.14   16.46
-167734.551    75.646    12.53   17.16
-167445.120    80.159    15.59   15.46
-167155.700    83.229    10.61   14.33
-166866.293    84.551     4.57   13.30
-166576.898    83.042    -5.21   12.11
-166287.515    81.810    -4.26   11.12
-165998.145    78.356   -11.94   11.51
-165708.786    74.352   -13.84   13.12
-165419.440    68.552   -20.05   14.76
-165130.106    62.044   -22.49   14.64
-164840.785    55.926   -21.15   13.21
-164551.475    48.598   -25.33   12.87
-164262.178    43.767   -16.70   12.17
-163972.892    40.360   -11.78   10.07
-163683.619    38.471    -6.53    9.19
-163394.359    36.106    -8.18    9.80
-163105.110    36.051    -0.19   11.27
-162815.873    36.868     2.82   12.86
-162526.649    37.629     2.63   13.66
-162237.437    35.331    -7.94   14.53
-161948.237    33.886    -5.00   16.17
-161659.049    32.736    -3.98   16.51
-161369.874    31.628    -3.83   16.03
-161080.710    30.051    -5.45   15.24
-160791.559    26.044   -13.86   14.94
-160502.420    21.139   -16.97   16.00
-160213.293    16.229   -16.98   16.55
-159924.178    12.675   -12.29   15.39
-159635.075    11.325    -4.67   13.86
-159345.985     9.875    -5.02   13.31
-159056.907     9.249    -2.17   13.74
-158767.840     9.376     0.44   14.07
-158478.786    11.711     8.08   13.77
-158189.744     9.721    -6.89   12.90
-157900.714     7.752    -6.81   12.96
-157611.697     3.379   -15.13   12.18
-157322.691     1.223    -7.46   10.78
-157033.698     2.429     4.17   12.10
-156744.717     2.948     1.80   14.02
-156455.747     5.536     8.96   15.58
-156166.790     8.404     9.92   16.81
-155877.846    10.507     7.28   18.41
-155588.913    11.434     3.21   18.42
-155299.992    10.963    -1.63   17.89
-155011.084     9.581    -4.78   16.20
-154722.187    10.536     3.31   15.81
-154433.303    12.136     5.54   15.04
-154144.431    14.244     7.30   16.12
-153855.570    16.583     8.10   18.30
-153566.722    20.773    14.51   20.33
-153277.887    24.421    12.63   20.17
-152989.063    29.223    16.63   19.44
-152700.251    27.915    -4.53   18.20
-152411.451    26.004    -6.62   17.98
-152122.664    22.871   -10.85   16.12
-151833.888    22.813    -0.20   15.07
-151545.125    22.013    -2.77   14.91
-151256.374    24.287     7.87   15.40
-150967.635    24.998     2.46   16.02
-150678.907    25.306     1.07   15.44
-150390.192    23.721    -5.49   15.17
-150101.489    21.765    -6.78   15.51
-149812.799    19.401    -8.19   15.00
-149524.120    16.148   -11.27   12.99
-149235.453    16.364     0.75   13.44
-148946.798    18.004     5.68   14.05
-148658.156    19.659     5.73   12.91
-148369.525    21.644     6.88   13.15
-148080.907    22.942     4.50   14.22
-147792.300    22.042    -3.12   15.26
-147503.706    19.977    -7.16   17.03
-147215.123    14.888   -17.63   17.53
-146926.553     9.736   -17.85   17.97
-146637.995     2.798   -24.05   15.68
-146349.449    -1.636   -15.37   12.90
-146060.915    -4.714   -10.67    9.91
-145772.392    -4.579     0.47   10.83
-145483.882    -0.294    14.85   15.76
-145195.384     5.969    21.71   19.94
-144906.898    15.027    31.40   22.29
-144618.424    21.659    22.99   21.07
-144329.962    29.060    25.66   18.07
-144041.512    37.192    28.20   16.03
-143753.075    42.875    19.71   14.15
-143464.649    46.981    14.24   11.94
-143176.235    48.213     4.27   11.82
-142887.833    49.822     5.58   12.29
-142599.443    51.431     5.58   13.69
-142311.065    52.822     4.82   15.51
-142022.699    53.457     2.20   17.56
-141734.346    52.598    -2.98   17.94
-141446.004    50.895    -5.91   18.41
-141157.674    49.829    -3.70   18.54
-140869.356    51.723     6.57   19.25
-140581.050    51.367    -1.23   21.96
-140292.757    51.783     1.44   22.32
-140004.475    47.485   -14.91   23.88
-139716.205    44.455   -10.51   23.73
-139427.947    40.969   -12.10   22.95
-139139.701    39.629    -4.65   23.07
-138851.467    36.765    -9.94   23.07
-138563.246    35.752    -3.51   22.40
-138275.036    34.921    -2.88   24.62
-137986.838    37.254     8.09   25.16
-137698.652    37.280     0.09   25.21
-137410.478    34.536    -9.52   24.28
-137122.316    29.340   -18.03   22.95
-136834.166    26.013   -11.55   21.05
-136546.028    23.128   -10.01   18.75
-136257.902    20.324    -9.73   15.82
-135969.787    21.379     3.66   17.16
-135681.685    24.824    11.96   20.46
-135393.595    30.706    20.42   24.01
-135105.517    36.568    20.35   24.56
-134817.450    41.213    16.13   25.31
-134529.396    46.598    18.69   26.07
-134241.354    50.383    13.14   23.97
-133953.323    50.074    -1.07   22.89
-133665.305    49.629    -1.54   21.00
-133377.298    50.989     4.72   20.31
-133089.303    52.536     5.38   19.07
-132801.321    55.249     9.42   19.94
-132513.350    61.646    22.22   20.87
-132225.391    70.348    30.22   20.33
-131937.444    79.066    30.28   19.49
-131649.509    87.583    29.58   20.98
-131361.586    95.675    28.11   21.65
-131073.675   104.106    29.29   20.67
-130785.775   108.659    15.82   18.56
-130497.888   109.536     3.05   18.67
-130210.013   106.865    -9.28   19.97
-129922.149   105.613    -4.35   20.73
-129634.298   104.029    -5.51   21.96
-129346.458   104.508     1.67   22.97
-129058.630   105.613     3.84   23.36
-128770.814   108.321     9.41   22.92
-128483.010   110.598     7.91   20.24
-128195.218   111.068     1.63   19.55
-127907.438   111.308     0.83   17.88
-127619.670   111.423     0.40   17.68
-127331.913   114.553    10.88   19.12
-127044.169   117.020     8.58   19.62
-126756.436   123.503    22.53   16.32
-126468.716   125.693     7.61   15.33
-126181.007   128.693    10.43   14.94
-125893.310   129.725     3.59   14.27
-125605.625   130.895     4.07   12.30
-125317.951   131.167     0.95   11.80
-125030.290   129.741    -4.96   12.98
-124742.641   126.328   -11.87   14.95
-124455.003   119.962   -22.14   17.41
-124167.377   113.001   -24.20   18.54
-123879.763   104.275   -30.34   20.06
-123592.161    96.371   -27.49   18.84
-123304.571    92.659   -12.91   17.06
-123016.993    90.926    -6.02   17.11
-122729.426    88.411    -8.75   16.98
-122441.872    87.815    -2.07   17.47
-122154.329    90.583     9.63   17.85
-121866.798    97.198    23.01   17.63
-121579.279   103.690    22.58   19.52
-121291.772   107.280    12.49   19.34
-121004.277   109.020     6.05   17.75
-120716.793   111.211     7.62   14.75
-120429.322   105.295   -20.58   19.32
-120141.015    98.582   -23.29   23.05
-119850.988    88.106   -36.12   24.25
-119560.974    77.051   -38.12   25.19
-119270.971    66.957   -34.81   22.06
-118980.981    60.312   -22.92   17.23
-118691.003    59.122    -4.11   15.90
-118401.037    61.520     8.27   18.96
-118111.083    69.098    26.14   23.05
-117821.141    78.129    31.15   25.26
-117531.211    91.029    44.50   23.05
-117241.293   101.706    36.83   22.21
-116951.387   112.614    37.63   19.54
-116661.493   118.136    19.05   15.66
-116371.612   120.239     7.25   14.40
-116081.742   117.295   -10.16   16.90
-115791.884   111.860   -18.75   19.60
-115502.039   102.462   -32.43   22.99
-115212.205    91.081   -39.27   21.21
-114922.384    85.848   -18.06   18.74
-114632.574    81.296   -15.71   16.92
-114342.777    79.848    -5.00   17.56
-114052.991    80.321     1.63   19.76
-113763.218    82.879     8.83   21.64
-113473.456    84.421     5.32   21.99
-113183.707    84.234    -0.64   20.32
-112893.970    83.630    -2.09   17.80
-112604.245    81.364    -7.82   19.97
-112314.531    73.770   -26.21   23.02
-112024.830    67.989   -19.96   21.37
-111735.141    63.926   -14.02   18.25
-111445.464    64.360     1.50   18.63
-111155.798    68.426    14.04   22.15
-110866.145    78.455    34.63   24.40
-110576.504    91.723    45.81   25.48
-110286.875   105.037    45.97   23.49
-109997.257   115.707    36.84   21.16
-109707.652   125.163    32.65   18.01
-109418.059   130.490    18.40   14.64
-109128.478   135.090    15.89   12.73
-108838.908   138.416    11.49   13.19
-108549.351   141.013     8.97   12.11
-108259.806   141.750     2.54   13.10
-107970.273   140.207    -5.33   14.65
-107680.751   135.036   -17.86   14.76
-107391.242   129.630   -18.67   14.46
-107101.744   123.583   -20.89   16.27
-106812.259   119.325   -14.71   18.73
-106522.786   114.223   -17.63   22.45
-106233.324   106.487   -26.73   23.76
-105943.875    97.644   -30.55   24.89
-105654.437    89.227   -29.08   24.45
-105365.012    80.167   -31.31   22.13
-105075.598    73.706   -22.33   22.41
-104786.196    66.957   -23.32   20.90
-104496.807    62.947   -13.86   19.41
-104207.429    62.824    -0.43   21.07
-103918.063    61.051    -6.13   21.15
-103628.709    59.937    -3.85   21.53
-103339.367    56.900   -10.50   19.94
-103050.037    54.552    -8.12   20.02
-102760.719    48.455   -21.07   21.81
-102471.413    40.249   -28.37   21.66
-102182.119    32.229   -27.72   18.48
-101892.837    26.746   -18.96   14.58
-101603.567    25.506    -4.29   12.35
-101314.308    27.537     7.02   13.70
-101025.062    32.340    16.61   16.07
-100735.827    38.444    21.10   15.98
-100446.605    45.161    23.22   15.59
-100157.394    51.165    20.76   16.26
 -99868.195    57.379    21.49   16.97
 -99579.009    62.001    15.98   17.04
 -99289.834    66.060    14.04   17.20
 -99000.671    70.204    14.33   17.79
 -98711.519    74.989    16.55   17.61
 -98422.380    78.647    12.65   17.78
 -98133.253    83.411    16.48   18.63
 -97844.138    89.848    22.27   18.17
 -97555.034    97.706    27.18   17.20
 -97265.943   105.336    26.40   14.89
 -96976.863   112.067    23.28   12.39
 -96687.795   118.471    22.16   11.04
 -96398.739   123.979    19.06   10.42
 -96109.695   129.161    17.93   10.29
 -95820.663   135.244    21.05   10.71
 -95531.643   140.765    19.10   11.51
 -95242.634   146.871    21.13   12.02
 -94953.638   152.832    20.63   10.85
 -94664.653   156.881    14.01    9.03
 -94375.680   157.973     3.78    7.98
 -94086.719   156.825    -3.97    8.98
 -93797.770   154.765    -7.13   10.25
 -93508.833   150.673   -14.16   13.22
 -93219.908   144.952   -19.80   14.98
 -92930.995   137.765   -24.88   16.09
 -92642.093   131.536   -21.56   17.33
 -92353.203   126.145   -18.66   17.24
 -92064.325   122.952   -11.05   15.35
 -91775.459   122.321    -2.18   16.84
 -91486.605   124.864     8.80   19.37
 -91197.763   130.066    18.01   20.29
 -90908.932   135.946    20.36   20.55
 -90620.114   139.388    11.92   16.02
 -90331.307   138.487    -3.12   16.30
 -90042.512   132.690   -20.07   19.49
 -89753.729   123.192   -32.89   21.27
 -89464.958   114.185   -31.19   18.43
 -89176.198   110.757   -11.87   15.13
 -88887.451   110.042    -2.47   14.52
 -88598.715   114.411    15.13   17.02
 -88309.991   119.317    16.99   19.65
 -88021.279   126.398    24.53   18.70
 -87732.579   131.852    18.89   15.26
 -87443.890   135.792    13.65   14.12
 -87155.213   139.371    12.40   14.47
 -86866.549   143.050    12.75   13.07
 -86577.896   144.239     4.12   12.60
 -86289.254   147.260    10.47   12.11
 -86000.625   149.973     9.40   12.07
 -85712.007   153.051    10.67   12.50
 -85423.401   155.989    10.18   11.82
 -85134.807   157.081     3.79   10.89
 -84846.225   156.321    -2.63   11.49
 -84557.655   153.747    -8.92   13.10
 -84269.096   148.492   -18.21   15.58
 -83980.549   141.553   -24.05   15.62
 -83692.014   134.145   -25.67   16.18
 -83403.491   129.398   -16.45   15.74
 -83114.979   124.004   -18.70   15.34
 -82826.480   118.992   -17.37   15.11
 -82537.992   114.522   -15.49   15.76
 -82249.516   111.736    -9.66   16.95
 -81961.051   107.413   -14.99   17.95
 -81672.599   104.663    -9.54   19.23
 -81384.158    99.646   -17.39   18.88
 -81095.729    96.439   -11.12   19.20
 -80807.311    87.692   -30.33   19.34
 -80518.906    84.457   -11.22   18.78
 -80230.512    80.836   -12.56   18.66
 -79942.130    79.942    -3.10   18.26
 -79653.760    77.308    -9.13   18.18
 -79365.401    73.460   -13.35   19.57
 -79077.055    71.367    -7.26   20.46
 -78788.720    73.260     6.56   21.53
 -78500.396    70.901    -8.18   24.12
 -78212.085    68.275    -9.11   24.56
 -77923.785    65.315   -10.27   24.68
 -77635.497    62.004   -11.48   24.11
 -77347.221    59.270    -9.49   21.66
 -77058.956    55.780   -12.11   20.04
 -76770.703    51.829   -13.71   18.53
 -76482.462    48.159   -12.73   17.23
 -76194.233    43.439   -16.37   16.26
 -75906.015    38.286   -17.88   17.30
 -75617.809    33.181   -17.71   17.03
 -75329.615    26.629   -22.74   15.35
 -75041.433    23.886    -9.52   12.73
 -74753.262    25.098     4.21   13.54
 -74465.103    27.983    10.01   16.92
 -74176.956    35.044    24.51   19.35
 -73888.820    43.713    30.09   20.84
 -73600.696    53.348    33.44   19.46
 -73312.584    61.895    29.67   17.29
 -73024.483    67.736    20.28   15.19
 -72736.395    71.060    11.54   13.45
 -72448.318    73.979    10.13   13.73
 -72160.252    71.979    -6.94   15.89
 -71872.198    71.921    -0.20   17.31
 -71584.156    71.020    -3.13   16.30
 -71296.126    72.290     4.41   15.81
 -71008.108    71.022    -4.40   15.69
 -70720.101    71.083     0.21   16.00
 -70432.105    70.692    -1.36   17.36
 -70144.122    71.648     3.32   16.70
 -69856.150    70.879    -2.67   16.50
 -69568.190    70.536    -1.19   15.41
 -69280.241    71.507     3.37   15.36
 -68992.304    76.659    17.89   18.16
 -68704.379    85.536    30.84   21.85
 -68416.466    96.065    36.57   19.65
 -68128.564   102.567    22.59   18.05
 -67840.673   107.169    15.99   15.52
 -67552.795   109.522     8.17   13.85
 -67264.928   108.783    -2.57   13.82
 -66977.073   105.551   -11.23   13.72
 -66689.229   100.455   -17.70   12.93
 -66401.397    96.690   -13.08   13.76
 -66113.577    92.808   -13.49   14.05
 -65825.769    89.798   -10.46   15.57
 -65537.972    86.767   -10.53   16.06
 -65250.186    86.083    -2.38   16.90
 -64962.413    83.676    -8.36   17.09
 -64674.651    81.957    -5.97   15.23
 -64386.900    80.324    -5.68   14.32
 -64099.161    79.836    -1.70   12.68
 -63811.434    77.989    -6.42   12.28
 -63523.719    75.864    -7.39   12.01
 -63236.015    71.614   -14.77   12.13
 -62948.323    66.567   -17.54   12.73
 -62660.642    60.852   -19.87   14.25
 -62372.973    53.762   -24.65   16.16
 -62085.316    46.804   -24.19   18.22
 -61797.670    39.128   -26.69   16.93
 -61510.036    35.250   -13.49   14.50
 -61222.413    32.906    -8.15   12.22
 -60934.802    33.280     1.30   12.69
 -60647.203    36.681    11.83   15.65
 -60359.615    42.998    21.97   18.12
 -60072.039    50.754    26.97   17.12
 -59784.474    57.213    22.46   16.30
 -59496.921    62.213    17.39   14.01
 -59209.380    64.765     8.87   13.01
 -58921.850    64.565    -0.69   13.24
 -58634.332    61.114   -12.01   13.84
 -58346.826    58.331    -9.68   13.05
 -58059.331    53.767   -15.88   13.21
 -57769.399    49.083   -16.16   15.00
 -57479.391    42.290   -23.42   14.92
 -57189.395    35.915   -21.98   15.35
 -56899.411    32.183   -12.87   16.06
 -56609.438    29.146   -10.47   15.06
 -56319.478    25.223   -13.53   14.68
 -56029.529    21.736   -12.03   14.87
 -55739.592    20.183    -5.36   17.01
 -55449.667    17.348    -9.78   18.22
 -55159.753    15.566    -6.15   16.97
 -54869.852    11.868   -12.76   15.25
 -54579.962    10.630    -4.27   14.15
 -54290.084     8.074    -8.82   11.79
 -54000.218     8.270     0.68   10.84
 -53710.363     7.937    -1.15    9.85
 -53420.521     8.969     3.56    9.73
 -53130.690     8.473    -1.71    9.31
 -52840.871     8.001    -1.63    8.70
 -52551.063     6.900    -3.80    8.41
 -52261.268     5.798    -3.80    7.61
 -51971.484     4.312    -5.13    6.29
 -51681.712     3.725    -2.03    4.90
 -51391.952     3.767     0.15    4.56
 -51102.204     4.881     3.85    4.42
 -50812.467     5.475     2.05    4.18
 -50522.742     6.098     2.15    3.98
 -50233.029     5.886    -0.73    4.50
 -49943.327     4.675    -4.18    5.55
 -49653.638     3.129    -5.34    6.09
 -49363.960     1.665    -5.06    6.27
 -49074.294    -0.402    -7.13    5.81
 -48784.639    -2.133    -5.98    4.68
 -48494.997    -3.523    -4.80    1.99
 -48205.366    -3.660    -0.47    1.95
 -47915.747    -3.668    -0.03    1.92
 -47626.139    -3.935    -0.92    1.53
 -47336.544    -3.980    -0.15    1.19
 -47046.960    -3.993    -0.04    1.12
 -46757.388    -3.705     0.99    1.20
 -46467.827    -3.602     0.36    1.20
 -46178.279    -3.136     1.61    1.75
 -45888.742    -2.870     0.92    1.79
 -45599.216    -2.783     0.30    1.84
 -45309.703    -2.574     0.72    1.78
 -45020.201    -2.261     1.08    1.88
 -44730.711    -2.027     0.81    1.86
 -44441.232    -1.668     1.24    1.66
 -44151.766    -1.735    -0.23    1.22
 -43862.311    -1.547     0.65    1.10
 -43572.868    -1.574    -0.09    1.08
 -43283.436    -1.617    -0.15    1.07
 -42994.016    -1.511     0.37    1.22
 -42704.608    -1.308     0.70    1.43
 -42415.212    -0.980     1.13    1.64
 -42125.827    -0.652     1.13    1.75
 -41836.454    -0.339     1.08    1.73
 -41547.092     0.083     1.46    1.89
 -41257.743     0.536     1.56    2.29
 -40968.405     1.091     1.92    2.55
 -40679.078     1.645     1.92    2.88
 -40389.764     2.815     4.04    3.54
 -40100.461     3.707     3.09    3.78
 -39811.170     4.419     2.46    3.53
 -39521.890     4.901     1.67    3.17
 -39232.622     5.076     0.60    2.93
 -38943.366     5.121     0.16    2.72
 -38654.121     4.931    -0.66    2.54
 -38364.889     5.213     0.98    2.30
 -38075.667     5.296     0.29    2.05
 -37786.458     5.936     2.21    2.28
 -37497.260     6.250     1.08    2.32
 -37208.074     6.979     2.52    2.06
 -36918.899     7.856     3.03    2.08
 -36629.736     8.659     2.78    2.40
 -36340.585     9.453     2.75    2.68
 -36051.445    10.852     4.84    2.58
 -35762.317    11.864     3.50    2.57
 -35473.201    13.471     5.56    3.18
 -35184.096    15.074     5.55    3.97
 -34895.003    17.408     8.07    5.50
 -34605.922    19.356     6.74    6.46
 -34316.852    23.270    13.54    7.85
 -34027.794    26.504    11.19    9.23
 -33738.748    31.398    16.93   10.90
 -33449.713    35.947    15.74   12.05
 -33160.689    41.324    18.60   13.93
 -32871.678    47.013    19.69   14.71
 -32582.678    53.360    21.96   14.03
 -32293.689    60.332    24.13   12.14
 -32004.713    65.767    18.81   10.59
 -31715.748    69.566    13.15    9.80
 -31426.794    73.646    14.12    9.02
 -31137.852    75.614     6.81    9.16
 -30848.922    76.275     2.29    9.56
 -30560.003    76.490     0.74    9.39
 -30271.096    76.936     1.54    8.91
 -29982.201    76.752    -0.64    8.86
 -29693.317    77.457     2.44    8.36
 -29404.444    77.489     0.11    8.50
 -29115.584    78.398     3.15    8.34
 -28826.735    79.275     3.04    8.42
 -28537.897    81.016     6.03    7.74
 -28249.071    82.613     5.53    7.73
 -27960.257    84.522     6.61    7.70
 -27671.454    85.832     4.54    8.72
 -27382.663    88.765    10.15    8.65
 -27093.883    90.582     6.29    9.74
 -26805.115    94.598    13.91   10.90
 -26516.359    97.336     9.48   11.36
 -26227.614    99.906     8.90   10.72
 -25938.881   102.364     8.51    9.61
 -25650.159   103.937     5.45    8.57
 -25361.449   105.312     4.76    7.42
 -25072.750   107.239     6.67    6.82
 -24784.063   109.344     7.29    6.44
 -24495.388   111.379     7.05    6.67
 -24206.724   114.106     9.45    7.56
 -23918.072   115.485     4.78    7.89
 -23629.431   116.503     3.53   10.40
 -23340.801   115.437    -3.69   11.27
 -23052.184   113.176    -7.83   16.09
 -22763.578   110.367    -9.73   16.97
 -22474.983   109.860    -1.76   16.14
 -22186.400   107.757    -7.29   14.77
 -21897.828   108.369     2.12   13.01
 -21609.268   110.379     6.97   13.07
 -21320.720   115.379    17.33   12.82
 -21032.183   118.676    11.43   12.67
 -20743.658   122.007    11.54   12.50
 -20455.144   121.864    -0.50   12.58
 -20166.641   118.888   -10.31   14.15
 -19878.151   117.911    -3.39   15.03
 -19589.671   115.360    -8.84   14.91
 -19301.204   113.614    -6.05   15.68
 -19012.747   111.629    -6.88   16.63
 -18724.303   113.159     5.30   20.16
 -18435.869   112.566    -2.05   20.18
 -18147.448   111.848    -2.49   20.58
 -17859.037   108.698   -10.92   20.87
 -17570.639   102.952   -19.92   21.79
 -17282.252    97.704   -18.20   22.78
 -16993.876    92.250   -18.91   22.69
 -16705.512    87.260   -17.30   20.97
 -16417.159    81.457   -20.12   20.56
 -16128.818    76.831   -16.04   19.08
 -15840.488    75.239    -5.52   18.36
 -15552.170    69.310   -20.56   17.90
 -15263.863    64.613   -16.29   16.52
 -14975.568    64.029    -2.03   14.75
 -14687.284    68.176    14.39   16.51
 -14399.012    71.729    12.33   17.83
 -14110.751    77.868    21.30   20.68
 -13822.502    83.598    19.88   22.64
 -13534.264    90.820    25.06   18.71
 -13246.037    94.020    11.10   16.50
 -12957.823    96.033     6.99   15.89
 -12669.619    93.308    -9.46   17.85
 -12381.427    89.963   -11.61   17.52
 -12093.247    85.227   -16.43   17.44
 -11805.078    78.233   -24.27   18.48
 -11516.920    70.967   -25.21   20.48
 -11228.774    61.290   -33.58   23.11
 -10940.639    52.017   -32.18   22.22
 -10652.516    45.195   -23.68   19.47
 -10364.404    40.707   -15.58   16.59
 -10076.304    38.423    -7.93   13.61
  -9788.215    38.614     0.66   13.83
  -9500.138    42.128    12.20   15.73
  -9212.072    48.900    23.51   16.12
  -8924.017    56.872    27.68   15.99
  -8635.974    63.067    21.51   16.44
  -8347.942    68.614    19.26   16.50
  -8059.922    73.936    18.48   14.98
  -7771.913    79.090    17.89   12.12
  -7483.916    82.136    10.58    9.60
  -7195.930    82.661     1.82    8.73
  -6907.955    81.364    -4.50    9.89
  -6619.992    77.931   -11.92   10.05
  -6332.041    71.832   -21.18   12.91
  -6044.100    68.329   -12.17   14.09
  -5756.171    64.674   -12.70   15.35
  -5468.254    61.762   -10.11   15.32
  -5180.348    56.442   -18.48   14.79
  -4892.453    51.965   -15.55   14.77
  -4604.570    49.879    -7.24   14.79
  -4316.698    49.844    -0.12   13.60
  -4028.838    50.411     1.97   12.67
  -3740.989    49.750    -2.30   12.41
  -3453.151    50.455     2.45   13.26
  -3165.325    50.711     0.89   12.96
  -2877.510    51.992     4.45   12.81
  -2589.707    51.312    -2.36   12.93
  -2301.915    47.963   -11.64   15.02
  -2014.134    42.471   -19.08   17.09
  -1726.365    36.426   -21.01   19.76
  -1438.607    30.090   -22.02   22.99
  -1150.860    23.582   -22.62   22.58
   -863.125    15.646   -27.58   19.86
   -575.401     9.692   -20.70   14.57
   -287.689     5.223   -15.53   10.06
      0.012     1.989   -11.24    5.79
    287.702     1.017    -3.38    2.59
    575.380     1.163     0.50    2.69
    863.047     1.332     0.59    2.77
   1150.702     1.146    -0.65    2.65
   1438.347     1.372     0.79    2.77
   1725.979     1.475     0.36    2.72
   2013.601     1.957     1.68    3.08
   2301.211     2.411     1.58    3.37
   2588.810     2.090    -1.11    3.35
   2876.397     2.165     0.26    3.17
   3163.973     1.383    -2.72    2.88
   3451.538     1.371    -0.04    2.87
   3739.091     1.114    -0.89    2.77
   4026.634     0.734    -1.32    2.49
   4315.678     0.460    -0.95    2.01
   4605.671     0.665     0.71    2.12
   4895.653     0.957     1.01    2.35
   5185.624     0.992     0.12    2.25
   5475.582     1.053     0.21    2.14
   5765.529     0.882    -0.59    1.94
   6055.465     0.676    -0.71    1.66
   6345.389     0.831     0.54    1.63
   6635.302     0.864     0.11    1.92
   6925.203     0.676    -0.65    2.13
   7215.092     0.522    -0.53    2.37
   7504.970     0.295    -0.78    2.39
   7794.836     0.121    -0.60    2.44
   8084.691    -0.452    -1.98    2.16
   8374.534    -0.418     0.12    2.19
   8664.366    -0.116     1.04    2.54
   8954.186     0.567     2.36    2.74
   9243.995     1.198     2.18    2.70
   9533.792     2.058     2.97    2.82
   9823.578     2.808     2.59    2.83
  10113.352     3.643     2.88    2.62
  10403.115     4.249     2.09    2.26
  10692.866     4.455     0.71    2.37
  10982.605     4.535     0.27    2.31
  11272.333     4.566     0.11    2.15
  11562.050     4.598     0.11    2.08
  11851.755     4.598     0.00    2.13
  12141.449     4.550    -0.17    2.06
  12431.131     4.469    -0.28    2.15
  12720.801     4.270    -0.69    1.91
  13010.460     4.312     0.15    1.90
  13300.108     4.630     1.10    1.79
  13589.744     4.900     0.93    1.67
  13879.369     5.011     0.38    1.77
  14168.982     5.051     0.14    1.65
  14458.583     5.348     1.03    1.59
  14748.174     5.536     0.65    1.51
  15037.752     5.487    -0.17    1.66
  15327.319     5.501     0.05    1.64
  15616.875     5.392    -0.38    1.53
  15906.419     5.487     0.33    1.48
  16195.952     5.426    -0.21    1.43
  16485.473     5.290    -0.47    1.53
  16774.983     5.201    -0.31    1.42
  17064.482     5.211     0.03    1.33
  17353.969     5.198    -0.04    1.30
  17643.444     5.154    -0.15    1.45
  17932.908     5.379     0.78    1.57
  18222.361     5.552     0.60    1.74
  18511.802     5.551    -0.00    1.80
  18801.231     5.630     0.27    1.80
  19090.650     5.504    -0.43    1.81
  19380.056     5.481    -0.08    1.85
  19669.452     5.644     0.56    1.93
  19958.835     5.829     0.64    2.09
  20248.208     6.411     2.01    2.61
  20537.569     7.090     2.35    3.11
  20826.918     8.098     3.48    3.64
  21116.256     9.215     3.86    3.96
  21405.583    10.767     5.37    4.24
  21694.898    11.977     4.18    4.07
  21984.202    12.983     3.48    3.42
  22273.495    14.152     4.04    2.56
  22562.776    14.926     2.68    1.74
  22852.045    14.931     0.02    1.85
  23141.303    14.675    -0.89    1.88
  23430.550    14.477    -0.68    1.84
  23719.785    14.082    -1.36    1.72
  24009.009    13.765    -1.10    1.66
  24298.222    13.379    -1.33    1.61
  24587.423    13.431     0.18    1.49
  24876.613    13.455     0.08    1.52
  25165.791    13.336    -0.41    1.64
  25454.958    13.429     0.32    1.90
  25744.113    13.690     0.90    2.30
  26033.257    14.211     1.80    2.64
  26322.390    14.630     1.45    2.98
  26611.511    15.027     1.37    3.18
  26900.621    15.786     2.63    2.91
  27189.720    16.408     2.15    2.55
  27478.807    16.942     1.85    2.56
  27767.883    17.598     2.27    2.49
  28056.947    18.082     1.67    2.38
  28346.000    18.931     2.94    2.39
  28635.042    19.836     3.13    2.58
  28924.072    20.725     3.08    2.62
  29213.091    21.829     3.82    2.84
  29502.098    22.817     3.42    2.98
  29791.095    23.163     1.20    3.03
  30080.079    22.888    -0.95    3.35
  30369.053    22.423    -1.61    3.58
  30658.015    21.629    -2.75    3.72
  30946.966    20.848    -2.70    3.55
  31235.905    20.152    -2.41    3.31
  31524.833    19.395    -2.62    2.91
  31813.750    18.828    -1.96    2.98
  32102.655    18.661    -0.58    3.27
  32391.549    19.154     1.71    3.52
  32680.431    19.395     0.84    3.89
  32969.303    19.674     0.97    4.18
  33258.163    20.098     1.47    4.06
  33547.011    20.549     1.56    4.05
  33835.849    21.098     1.90    3.95
  34124.674    21.963     3.00    3.62
  34413.489    22.551     2.04    3.38
  34702.292    23.013     1.60    3.27
  34991.084    23.739     2.51    2.53
  35279.865    24.243     1.75    2.14
  35568.634    24.114    -0.45    2.17
  35857.392    24.181     0.23    2.25
  36146.139    23.973    -0.72    2.67
  36434.874    23.813    -0.55    2.89
  36723.598    23.413    -1.39    2.98
  37012.311    22.786    -2.17    3.19
  37301.012    22.098    -2.38    3.12
  37589.702    21.648    -1.56    3.15
  37878.381    21.460    -0.65    3.16
  38167.049    21.643     0.63    3.30
  38455.705    22.192     1.90    3.61
  38744.350    22.962     2.67    3.92
  39032.983    24.161     4.15    3.92
  39321.606    24.948     2.73    3.67
  39610.217    25.801     2.96    3.08
  39898.816    26.871     3.71    4.06
  40187.405    28.106     4.28    5.53
  40475.982    28.783     2.35    5.71
  40764.548    29.169     1.34    5.53
  41053.102    29.762     2.05    5.32
  41341.646    29.582    -0.62    4.88
  41630.178    29.392    -0.66    4.80
  41918.699    28.567    -2.86    3.71
  42207.208    27.721    -2.93    2.19
  42495.706    28.421     2.42    3.66
  42784.193    29.469     3.63    4.80
  43072.669    30.739     4.40    5.27
  43361.133    31.921     4.10    5.36
  43649.586    32.646     2.52    5.19
  43938.028    33.473     2.87    5.17
  44226.459    33.947     1.64    4.78
  44514.878    34.979     3.58    5.36
  44803.287    35.598     2.15    5.38
  45091.683    37.485     6.54    6.22
  45380.069    39.223     6.03    7.22
  45668.443    41.957     9.48    7.55
  45956.807    44.145     7.59    7.30
  46245.159    46.533     8.28    6.12
  46533.499    47.050     1.79    6.70
  46821.829    46.364    -2.38    8.65
  47110.147    43.598    -9.59   11.49
  47398.454    40.904    -9.34   12.62
  47686.750    36.820   -14.17   12.66
  47975.034    33.614   -11.12   11.89
  48263.307    30.138   -12.06   10.26
  48551.569    28.145    -6.91    8.76
  48839.820    26.292    -6.43    6.81
  49128.060    25.915    -1.30    6.02
  49416.288    26.152     0.82    5.88
  49704.505    26.879     2.52    6.67
  49992.711    29.067     7.59    9.02
  50280.906    32.036    10.30   10.49
  50569.090    35.698    12.71   11.76
  50857.262    39.332    12.61   12.93
  51145.423    43.219    13.49   12.82
  51433.573    46.536    11.51   12.20
  51721.712    49.113     8.95   11.04
  52009.840    50.864     6.08    9.48
  52297.956    52.865     6.95    7.33
  52586.061    53.739     3.03    6.73
  52874.155    55.004     4.39    5.91
  53162.238    56.286     4.45    5.28
  53450.309    57.060     2.69    4.71
  53738.370    58.183     3.90    3.36
  54026.419    58.781     2.08    2.81
  54314.457    59.301     1.80    2.85
  54602.484    60.205     3.14    3.47
  54890.500    61.490     4.46    4.41
  55178.504    63.213     5.98    4.43
  55466.497    64.692     5.13    3.72
  55754.480    65.211     1.80    3.44
  56042.451    64.239    -3.38    5.27
  56330.411    62.431    -6.28    7.58
  56618.359    58.152   -14.86   11.32
  56906.297    53.386   -16.55   13.31
  57194.223    49.911   -12.07   13.63
  57482.138    45.413   -15.62   13.31
  57770.042    42.004   -11.84   11.78
  58057.935    39.331    -9.28   10.68
  58345.817    38.754    -2.00   10.11
  58633.688    38.159    -2.07    9.27
  58921.547    38.890     2.54    9.54
  59209.395    40.183     4.49   10.67
  59497.233    42.645     8.55   12.00
  59785.059    45.348     9.39   13.50
  60072.874    49.852    15.65   14.59
  60360.677    53.725    13.46   15.43
  60648.470    58.207    15.57   15.36
  60936.251    61.352    10.93   15.50
  61224.022    65.281    13.65   14.75
  61511.781    67.146     6.48   14.86
  61799.529    70.036    10.04   13.82
  62087.266    71.759     5.99   14.52
  62374.992    74.679    10.15   13.25
  62662.707    75.286     2.11   13.12
  62950.410    76.598     4.56   12.56
  63238.103    77.098     1.74   13.17
  63525.784    79.185     7.26   12.88
  63813.455    78.727    -1.59   13.17
  64101.114    79.725     3.47   13.75
  64388.762    79.519    -0.72   14.46
  64676.399    82.582    10.65   15.95
  64964.025    85.281     9.38   16.84
  65251.640    89.360    14.18   16.71
  65539.243    93.408    14.07   16.27
  65826.836   100.550    24.83   12.58
  66114.418   105.376    16.78   11.09
  66402.622   110.145    16.55    8.20
  66692.603   112.979     9.77    7.82
  66982.572   115.348     8.17    7.70
  67272.530   115.106    -0.83    9.09
  67562.477   114.679    -1.47   10.53
  67852.413   109.979   -16.21   15.13
  68142.337   105.121   -16.75   18.58
  68432.250    98.709   -22.12   18.84
  68722.152    95.223   -12.02   16.07
  69012.042    92.872    -8.11   14.30
  69301.921    96.765    13.43   16.83
  69591.789   102.455    19.63   19.01
  69881.646   111.060    29.68   20.21
  70171.491   119.521    29.19   18.80
  70461.325   127.325    26.93   17.63
  70751.148   133.281    20.55   14.90
  71040.959   138.598    18.35   12.16
  71330.760   141.376     9.58   10.69
  71620.549   144.886    12.11    8.25
  71910.326   147.223     8.06    7.60
  72200.093   149.265     7.05    7.12
  72489.848   150.832     5.41    7.36
  72779.592   153.681     9.83    5.87
  73069.325   155.207     5.27    4.93
  73359.046   156.053     2.92    3.72
  73648.756   155.176    -3.03    5.12
  73938.455   152.240   -10.14    8.15
  74228.143   148.348   -13.43   10.08
  74517.819   144.365   -13.75   10.58
  74807.484   141.379   -10.31   10.58
  75097.138   139.936    -4.98   10.36
  75386.781   139.675    -0.90   11.63
  75676.413   141.159     5.12   12.53
  75966.033   144.051     9.99   12.01
  76255.642   147.131    10.64   10.28
  76545.240   146.973    -0.55    9.60
  76834.826   145.693    -4.42    9.86
  77124.402   141.598   -14.14   12.19
  77413.966   136.767   -16.68   14.28
  77703.519   131.411   -18.50   15.58
  77993.061   125.465   -20.53   15.43
  78282.591   121.114   -15.03   15.93
  78572.110   115.501   -19.38   14.94
  78861.618   109.489   -20.77   15.59
  79151.115   104.090   -18.65   16.01
  79440.601    97.004   -24.48   16.89
  79730.075    90.565   -22.24   16.64
  80019.539    85.411   -17.81   15.29
  80308.991    81.270   -14.30   12.11
  80598.432    79.786    -5.13   10.54
  80887.861    81.398     5.57   12.45
  81177.280    84.915    12.15   16.79
  81466.687    88.550    12.56   18.25
  81756.083    92.817    14.74   19.67
  82045.468    97.792    17.19   20.17
  82334.842   102.852    17.49   19.29
  82624.204   105.336     8.59   18.49
  82913.556   109.036    12.78   16.71
  83202.896   111.630     8.97   15.72
  83492.225   115.290    12.65   15.71
  83781.543   119.303    13.87   14.82
  84070.849   125.423    21.15   14.20
  84360.145   130.090    16.13   14.17
  84649.429   135.973    20.33   12.92
  84938.702   139.723    12.96   12.01
  85227.964   144.533    16.63   13.25
  85517.215   146.860     8.04   14.05
  85806.455   152.614    19.89   14.71
  86095.683   155.613    10.37   15.63
  86384.901   160.706    17.61   14.87
  86674.107   162.973     7.84   13.33
  86963.302   165.418     8.45   12.67
  87252.486   164.131    -4.45   13.53
  87541.659   164.001    -0.45   13.67
  87830.821   160.931   -10.62   12.54
  88119.971   160.090    -2.91   10.66
  88409.111   159.082    -3.49   10.46
  88698.239   157.360    -5.96   12.41
  88987.356   158.324     3.33   13.80
  89276.462   156.711    -5.58   17.62
  89565.557   156.645    -0.23   18.22
  89854.640   153.848    -9.67   19.70
  90143.713   153.239    -2.11   18.91
  90432.775   152.161    -3.73   15.37
  90721.825   153.372     4.19   14.75
  91010.864   156.646    11.33   14.00
  91299.892   162.058    18.72   14.97
  91588.909   167.741    19.66   14.50
  91877.915   172.286    15.72   12.26
  92166.910   174.566     7.89   10.49
  92455.894   175.614     3.63   12.30
  92744.866   170.985   -16.02   15.11
  93033.828   167.888   -10.72   16.72
  93322.778   161.989   -20.42   15.67
  93611.717   159.460    -8.75   14.81
  93900.646   155.645   -13.20   14.52
  94189.563   154.646    -3.46   13.74
  94478.469   153.205    -4.99   12.12
  94767.363   150.852    -8.14   11.60
  95056.247   145.879   -17.21   13.73
  95345.120   139.439   -22.29   17.77
  95633.982   130.998   -29.22   20.37
  95922.832   122.915   -27.98   18.85
  96211.672   116.033   -23.82   16.25
  96500.500   112.614   -11.84   15.28
  96789.317   111.741    -3.02   17.24
  97078.124   113.801     7.13   18.39
  97366.919   119.613    20.12   21.12
  97655.703   126.233    22.92   21.41
  97944.476   132.743    22.54   15.69
  98233.238   135.629     9.99   12.83
  98521.989   135.582    -0.16   11.03
  98810.729   134.804    -2.69   10.57
  99099.458   130.783   -13.93   12.39
  99388.175   127.868   -10.09   12.03
  99676.882   123.963   -13.52   13.20
  99965.578   120.321   -12.61   14.05
 100254.262   117.565    -9.55   14.23
 100542.936   115.455    -7.31   14.58
 100831.598   110.936   -15.65   13.71
 101120.250   107.301   -12.59   13.80
 101408.890   100.709   -22.84   15.02
 101697.520    93.392   -25.35   14.66
 101986.138    88.065   -18.46   12.88
 102274.745    83.752   -14.94   11.49
 102563.342    81.536    -7.68   11.86
 102851.927    80.286    -4.33   11.21
 103140.501    79.825    -1.59   10.33
 103429.064    81.122     4.49    9.97
 103717.617    82.348     4.25    9.99
 104006.158    86.122    13.08   12.83
 104294.688    90.719    15.93   15.98
 104583.207    96.614    20.43   18.18
 104871.715   103.643    24.36   18.56
 105160.212   108.973    18.47   16.95
 105448.698   114.598    19.50   14.62
 105737.174   118.692    14.19   13.57
 106025.638   123.645    17.17   12.72
 106314.091   128.692    17.50   11.90
 106602.533   132.167    12.05   10.94
 106890.964   134.536     8.21   10.54
 107179.384   136.148     5.59   11.04
 107467.793   135.223    -3.21   12.74
 107756.191   136.352     3.91   13.90
 108044.578   137.489     3.94   15.39
 108332.954   139.290     6.25   16.28
 108621.319   141.098     6.27   17.41
 108909.674   144.421    11.52   18.18
 109198.017   147.973    12.32   17.45
 109486.349   149.815     6.39   17.38
 109774.670   150.739     3.20   19.22
 110062.980   151.598     2.98   19.95
 110351.280   151.598     0.00   19.33
 110639.568   151.395    -0.70   19.17
 110927.845   150.207    -4.12   17.95
 111216.111   148.231    -6.85   15.28
 111504.367   147.852    -1.32   12.72
 111792.611   148.717     3.00   11.42
 112080.845   150.676     6.80   13.72
 112369.067   156.477    20.12   17.13
 112657.279   165.292    30.58   18.20
 112945.479   174.848    33.16   19.25
 113233.669   182.868    27.83   19.84
 113521.848   190.780    27.45   17.51
 113810.015   196.254    19.00   13.86
 114098.172   199.734    12.08   10.79
 114386.318   201.952     7.70    7.72
 114674.453   203.265     4.56    5.90
 114962.577   202.848    -1.45    6.23
 115250.690   202.630    -0.76    6.19
 115538.792   202.154    -1.65    7.27
 115826.883   201.152    -3.48    8.10
 116114.963   201.281     0.45    8.24
 116403.033   200.082    -4.16    9.28
 116691.091   198.895    -4.12    9.85
 116979.138   198.057    -2.91    9.89
 117267.175   196.519    -5.34   10.81
 117555.201   194.552    -6.83   11.30
 117843.215   194.879     1.14   10.46
 118131.219   194.042    -2.91   10.47
 118419.212   192.444    -5.55   11.05
 118707.194   189.965    -8.61   12.88
 118995.165   184.317   -19.61   18.63
 119283.125   177.860   -22.42   21.46
 119571.074   172.244   -19.50   20.88
 119859.012   168.143   -14.24   19.30
 120146.940   165.662    -8.62   18.29
 120434.856   164.781    -3.06   18.09
 120722.762   168.011    11.22   18.34
 121010.657   167.198    -2.82   16.49
 121298.541   166.352    -2.94   15.62
 121586.414   161.783   -15.87   14.87
 121874.276   157.042   -16.47   13.48
 122162.127   151.948   -17.70   12.30
 122449.967   150.308    -5.70   11.85
 122737.796   148.995    -4.56   11.47
 123025.615   147.223    -6.16   12.31
 123313.423   145.915    -4.54   12.11
 123601.219   146.439     1.82   13.15
 123889.005   147.211     2.68   12.80
 124176.780   147.082    -0.45   11.60
 124464.544   145.550    -5.33    9.44
 124752.298   143.275    -7.90    8.61
 125040.040   139.817   -12.02    8.38
 125327.772   136.773   -10.58    9.60
 125615.492   133.852   -10.15   11.90
 125903.202   132.824    -3.57   13.99
 126190.901   131.172    -5.74   13.59
 126478.589   133.711     8.83   14.62
 126766.266   136.352     9.18   16.08
 127053.933   141.936    19.41   15.77
 127341.588   144.926    10.39   13.13
 127629.233   146.680     6.10   12.28
 127916.867   145.265    -4.92   13.78
 128204.490   142.904    -8.21   16.41
 128492.102   138.067   -16.82   17.35
 128781.874   133.820   -14.65   17.14
 129071.828   130.114   -12.78   15.99
 129361.772   130.963     2.93   17.89
 129651.705   133.501     8.75   19.86
 129941.626   140.058    22.61   18.24
 130231.537   144.114    13.99   16.37
 130521.437   148.646    15.63   12.79
 130811.325   150.989     8.08   10.33
 131101.203   153.217     7.69    7.48
 131391.069   153.663     1.54    7.90
 131680.925   151.820    -6.36    9.61
 131970.769   148.879   -10.15   11.29
 132260.603   143.820   -17.45   11.77
 132550.425   139.239   -15.81   12.51
 132840.236   133.453   -19.96   11.82
 133130.037   128.130   -18.36   10.91
 133419.826   122.011   -21.12    9.96
 133709.605   118.392   -12.49    8.89
 133999.372   114.074   -14.90    8.71
 134289.128   110.973   -10.70    8.54
 134578.874   108.614    -8.14    7.90
 134868.608   105.582   -10.46    7.88
 135158.332   102.360   -11.12    8.44
 135448.044    99.154   -11.07    9.38
 135737.745    94.074   -17.53   10.43
 136027.436    88.739   -18.42   12.00
 136317.115    83.356   -18.58   13.34
 136606.784    77.066   -21.71   14.85
 136896.441    72.856   -14.53   14.85
 137186.088    67.953   -16.93   15.90
 137475.723    63.356   -15.87   16.59
 137765.348    59.332   -13.89   16.15
 138054.961    55.408   -13.55   15.70
 138344.564    50.836   -15.78   14.37
 138634.156    47.312   -12.17   12.19
 138923.736    44.824    -8.59   10.44
 139213.306    44.840     0.06   10.10
 139502.865    46.020     4.07   11.44
 139792.412    48.185     7.48   14.24
 140081.949    53.931    19.84   17.11
 140371.475    58.469    15.67   17.61
 140660.990    65.969    25.90   18.39
 140950.494    71.249    18.24   19.68
 141239.987    76.551    18.31   19.29
 141529.469    79.598    10.52   18.58
 141818.940    84.011    15.24   18.37
 142108.400    85.824     6.26   17.23
 142397.849    88.808    10.31   18.96
 142687.288    90.411     5.54   19.50
 142976.715    91.408     3.44   19.59
 143266.132    91.754     1.20   18.67
 143555.537    91.953     0.69   18.28
 143844.932    92.388     1.50   15.09
 144134.315    93.376     3.41   13.99
 144423.688    93.328    -0.16   11.11
 144713.050    94.995     5.76   10.53
 145002.400    98.254    11.26   10.89
 145291.740   102.614    15.07   10.14
 145581.069   109.308    23.13    9.88
 145870.388   114.979    19.60   10.89
 146159.695   121.485    22.49   12.88
 146448.991   126.550    17.50   13.28
 146738.276   130.739    14.48   12.88
 147027.551   133.106     8.18   11.94
 147316.814   131.249    -6.42   13.10
 147606.067   128.312   -10.15   15.93
 147895.309   121.421   -23.82   16.63
 148184.540   116.453   -17.17   15.80
 148473.760   113.192   -11.27   14.44
 148762.969   112.074    -3.86   13.91
 149052.167   110.852    -4.23   15.36
 149341.354   112.217     4.72   16.45
 149630.530   112.969     2.60   16.07
 149919.696   113.169     0.69   15.77
 150208.851   108.067   -17.65   18.12
 150497.994   103.550   -15.62   17.97
 150787.127    99.223   -14.97   16.05
 151076.249    97.324    -6.57   15.75
 151365.360    95.727    -5.52   12.20
 151654.461    97.195     5.08   12.22
 151943.550   100.254    10.58   13.98
 152232.628   103.926    12.70   15.28
 152521.696   109.392    18.91   15.13
 152810.753   116.195    23.53   13.33
 153099.799   123.778    26.23   12.31
 153388.834   129.270    19.00   12.73
 153677.858   135.852    22.77   12.98
 153966.871   141.690    20.20   13.29
 154255.874   147.915    21.54   12.61
 154544.865   152.969    17.48   11.54
 154833.846   154.729     6.09   11.05
 155122.816   156.969     7.75   10.97
 155411.775   156.301    -2.31   11.66
 155700.723   155.582    -2.49   11.58
 155989.661   151.348   -14.65   11.72
 156278.587   147.931   -11.82   11.07
 156567.503   144.050   -13.43   11.83
 156856.408   140.757   -11.40   11.80
 157145.302   136.520   -14.66   12.06
 157434.185   132.233   -14.84   13.10
 157723.058   126.379   -20.26   14.67
 158011.919   121.630   -16.44   16.29
 158300.770   117.243   -15.19   15.23
 158589.610   115.773    -5.09   13.17
 158878.439   115.312    -1.59   12.02
 159167.257   119.154    13.30   14.77
 159456.065   124.942    20.04   16.31
 159744.861   130.921    20.70   15.49
 160033.647   136.501    19.32   11.64
 160322.422   139.442    10.18    9.11
 160611.187   140.695     4.34    9.55
 160899.940   142.275     5.47    9.63
 161188.683   143.864     5.50   10.04
 161477.414   145.487     5.62   10.20
 161766.135   146.138     2.25   10.23
 162054.846   147.408     4.40   11.08
 162343.545   146.501    -3.14   11.85
 162632.234   147.074     1.98   11.63
 162920.912   146.473    -2.08   12.39
 163209.579   146.360    -0.39   13.99
 163498.235   144.317    -7.08   14.05
 163786.880   145.614     4.49   14.88
 164075.515   144.050    -5.42   13.26
 164364.139   144.324     0.95   11.79
 164652.752   142.566    -6.09    9.69
 164941.355   141.661    -3.14    9.93
 165229.946   139.227    -8.43   10.10
 165518.527   137.352    -6.50   10.81
 165807.097   134.598    -9.54    9.52
 166095.656   135.130     1.84    9.14
 166384.205   135.931     2.78    9.50
 166672.743   138.614     9.30   10.26
 166961.270   141.773    10.95   10.15
 167249.786   145.292    12.20    9.68
 167538.292   146.646     4.70    8.89
 167826.786   148.792     7.43    8.65
 168115.270   150.082     4.47    9.39
 168403.744   152.503     8.39    9.80
 168692.206   154.676     7.53   11.11
 168980.658   157.727    10.58   12.06
 169269.099   162.775    17.50   12.50
 169557.529   168.439    19.63   12.51
 169845.949   173.725    18.32   12.36
 170134.357   178.979    18.22   10.93
 170422.755   182.176    11.08    8.68
 170711.143   183.324     3.98    7.56
 170999.519   181.792    -5.31    8.92
 171287.885   179.344    -8.49    9.89
 171576.240   175.195   -14.39   10.62
 171864.585   171.598   -12.47   10.79
 172152.918   167.551   -14.03   11.10
 172441.241   164.963    -8.98   10.58
 172729.554   161.614   -11.62   10.63
 173017.855   160.469    -3.97   10.79
 173306.146   158.017    -8.50    8.57
 173594.426   158.439     1.46    7.55
 173882.695   159.392     3.30    7.55
 174170.954   161.911     8.74    9.10
 174459.202   164.082     7.53    9.72
 174747.439   166.824     9.51    9.94
 175035.666   169.066     7.78    9.02
 175323.882   171.082     6.99    8.19
 175612.087   173.550     8.56    8.64
 175900.282   175.567     7.00    8.79
 176188.465   179.011    11.95    9.79
 176476.638   183.963    17.18   10.47
 176764.801   188.243    14.85   11.22
 177052.953   191.840    12.48   10.27
 177341.094   193.106     4.39    9.62
 177629.224   194.707     5.56    9.13
 177917.344   194.723     0.05    9.16
 178205.453   192.598    -7.37   12.65
 178493.551   190.259    -8.12   12.72
 178781.639   188.259    -6.94   13.31
 179069.716   189.392     3.93   13.43
 179357.782   190.915     5.29   14.74
 179645.837   194.152    11.23   15.21
 179933.882   197.852    12.84   15.03
 180221.917   200.711     9.92   13.20
 180509.940   203.352     9.17   10.87
 180797.953   202.050    -4.52   11.36
 181085.956   200.027    -7.02   11.59
 181373.947   196.145   -13.48   10.77
 181661.928   193.473    -9.28   10.59
 181949.899   190.439   -10.53   11.48
 182237.858   187.098   -11.60   12.34
 182525.808   183.820   -11.38   11.50
 182813.746   180.773   -10.58   10.63
 183101.674   177.630   -10.91   10.71
 183389.591   174.801    -9.82   12.00
 183677.497   172.485    -8.04   12.56
 183965.393   168.759   -12.94   14.53
 184253.278   164.138   -16.05   16.84
 184541.153   158.792   -18.57   16.73
 184829.017   154.404   -15.24   16.28
 185116.870   150.536   -13.44   15.66
 185404.713   147.106   -11.91   15.11
 185692.545   143.804   -11.47   16.27
 185980.367   139.042   -16.54   14.73
 186268.177   137.888    -4.01   14.37
 186555.978   137.517    -1.29   14.84
 186843.767   140.473    10.27   16.46
 187131.546   145.770    18.40   18.36
 187419.315   152.931    24.88   17.78
 187707.072   158.139    18.10   13.89
 187994.819   161.481    11.61   12.16
 188282.556   163.024     5.36   11.72
 188570.282   165.504     8.62   11.45
 188857.997   168.122     9.10   12.82
 189145.702   171.082    10.29   13.03
 189433.396   173.598     8.74   12.21
 189721.080   175.437     6.39   11.15
 190008.753   174.727    -2.47   11.63
 190296.415   173.201    -5.30   12.62
 190584.067   170.741    -8.55   12.85
 190873.042   170.661    -0.28   12.46
 191162.984   171.388     2.51   12.86
 191452.916   174.340    10.18   15.61
 191742.836   176.027     5.82   15.86
 192032.746   179.185    10.89   15.48
 192322.646   181.195     6.93   15.00
 192612.534   184.725    12.18   14.60
 192902.412   187.663    10.13   13.85
 193192.279   189.872     7.62   12.60
 193482.135   191.535     5.73   10.33
 193771.980   191.566     0.11    9.22
 194061.815   190.259    -4.51   10.15
 194351.639   188.058    -7.59   12.02
 194641.452   183.533   -15.61   13.56
 194931.254   178.485   -17.42   12.36
 195221.046   174.985   -12.08   13.34
 195510.827   174.050    -3.23   13.71
 195800.597   172.201    -6.38   13.83
 196090.356   170.154    -7.07   13.71
 196380.105   168.042    -7.29   14.15
 196669.843   164.979   -10.57   14.56
 196959.570   161.308   -12.67   14.45
 197249.287   157.001   -14.86   13.73
 197538.992   151.423   -19.25   13.02
 197828.687   146.520   -16.92   12.98
 198118.371   143.011   -12.11   13.51
 198408.045   139.804   -11.07   14.35
 198697.708   137.027    -9.59   15.32
 198987.360   134.048   -10.28   15.99
 199277.001   130.217   -13.22   17.34
 199566.632   125.629   -15.84   17.18
 199856.252   122.395   -11.17   16.99
 200145.861   117.836   -15.74   15.54
 200435.459   113.692   -14.31   12.50
 200725.047   110.798    -9.99    9.94
 201014.624   109.646    -3.98    9.25
 201304.190   110.567     3.18   10.20
 201593.746   112.286     5.93   11.64
 201883.291   116.201    13.52   13.55
 202172.825   119.723    12.16   14.04
 202462.349   121.231     5.21   13.56
 202751.862   122.020     2.72   14.95
 203041.364   121.260    -2.63   15.91
 203330.855   118.114   -10.87   16.84
 203620.336   115.426    -9.28   15.95
 203909.806   112.864    -8.85   13.72
 204199.266   111.331    -5.29   11.54
 204488.714   112.817     5.13   10.68
 204778.152   114.886     7.15   10.81
 205067.580   118.270    11.69   12.57
 205356.996   122.886    15.95   11.04
 205646.402   127.090    14.52    9.53
 205935.798   130.631    12.24    9.11
 206225.182   134.921    14.82   10.40
 206514.556   139.449    15.65   11.69
 206803.920   143.192    12.93   11.87
 207093.272   146.916    12.87   11.90
 207382.614   150.727    13.17   11.04
 207671.946   152.348     5.60   10.10
 207961.266   153.743     4.82   10.15
 208250.576   154.165     1.46    9.94
 208539.876   154.598     1.50   10.07
 208829.165   155.314     2.48    9.59
 209118.443   155.485     0.59    9.64
 209407.710   157.115     5.63   10.40
 209696.967   159.376     7.82   11.78
 209986.213   162.810    11.87   12.62
 210275.448   164.926     7.31   12.64
 210564.673   167.598     9.24   12.94
 210853.888   170.332     9.45   13.28
 211143.091   173.531    11.06   13.49
 211432.284   177.895    15.09   14.90
 211721.466   181.942    13.99   14.61
 212010.638   184.392     8.47   13.56
 212299.799   185.992     5.53   12.97
 212588.950   187.286     4.47   12.55
 212878.089   187.331     0.16   11.41
 213167.219   187.957     2.16   10.78
 213456.337   189.296     4.63   10.78
 213745.445   190.332     3.58   10.27
 214034.542   189.767    -1.95   10.67
 214323.629   189.249    -1.79   11.17
 214612.705   186.681    -8.88   12.22
 214901.771   183.723   -10.23   13.54
 215190.826   182.027    -5.87   14.01
 215479.870   181.503    -1.81   14.13
 215768.904   179.860    -5.68   12.67
 216057.927   178.995    -2.99   12.41
 216346.939   178.303    -2.39   11.26
 216635.941   178.614     1.08   10.22
 216924.933   179.243     2.18    9.11
 217213.913   176.959    -7.90   10.12
 217502.884   174.968    -6.89    9.53
 217791.843   173.371    -5.53    9.17
