#   28.181   0.026   0.652 ;Mean Elev.(m), Avg Gradient(m/km), RMS Gradient(m/km) - SRTM1     
#   18.785  -0.006   2.510 ;Mean Elev.(m), Avg Gradient(m/km), RMS Gradient(m/km) - ASTER GDEM
#   28.186   0.098   0.700 ;Mean Elev.(m), Avg Gradient(m/km), RMS Gradient(m/km) - GMTED2010 
   1 300.388750 -29.903195    26.214    26.235  7 54663.44025231 36.153
   2 300.387565 -29.902917    26.202    26.154  7 54673.35589676 34.508
   3 300.387630 -29.902661    26.228    26.254  7 54683.27153972 32.128
   4 300.389367 -29.903484    26.508    26.513  7 54693.18718137 41.673
   5 300.390635 -29.907297    26.854    26.798  7 54703.10281994 34.553
   6 300.390072 -29.905511    26.186    26.231  7 54713.01846931 31.164
   7 300.387935 -29.902459    25.997    25.997  6 54722.93412048 51.162
   8 300.385903 -29.896919    26.155    26.096  7 54732.84977005 28.018
   9 300.384274 -29.893833    25.991    26.011  7 54742.76541793 36.980
  10 300.383729 -29.893412    26.634    26.532  7 54752.68106519 33.608
  11 300.383602 -29.894484    26.433    26.438  8 54762.59671186 36.101
  12 300.383946 -29.894483    26.945    27.044  7 54772.51235622 38.273
  13 300.384154 -29.894592    27.249    27.146  7 54782.42799751 34.359
  14 300.384554 -29.895983    27.053    27.133  7 54792.34363591 38.065
  15 300.385912 -29.898701    26.419    26.440  7 54802.25927285 36.856
  16 300.387409 -29.902222    26.378    26.346  7 54812.17490949 32.700
  17 300.388224 -29.903707    26.234    26.160  7 54822.09055129 27.522
  18 300.386891 -29.901437    25.229    25.186  7 54832.00619220 39.207
  19 300.385715 -29.897672    25.198    25.235  7 54841.92184337 34.538
  20 300.384691 -29.894522    25.924    25.924  7 54851.83749334 51.588
  21 300.383628 -29.894158    25.938    25.978  8 54861.75314254 36.714
  22 300.383629 -29.893151    26.074    26.116  8 54871.66879193 48.307
  23 300.383498 -29.892782    26.487    26.442  7 54881.58443939 52.816
  24 300.382862 -29.892754    26.371    26.372  7 54891.50008322 44.209
  25 300.381723 -29.891771    26.638    26.478  8 54901.41572404 52.049
  26 300.381192 -29.891498    26.193    26.145  8 54911.33136273 39.690
  27 300.382362 -29.891811    26.013    25.940  7 54921.24700011 53.669
  28 300.384267 -29.894781    26.033    26.022  8 54931.16263642 29.094
  29 300.386000 -29.899370    25.859    25.960  7 54941.07827099 29.075
  30 300.387270 -29.903276    25.895    25.806  7 54950.99390407 48.912
  31 300.387686 -29.902143    25.353    25.324  7 54960.90954464 48.029
  32 300.386767 -29.899899    25.507    25.515  7 54970.82519355 23.099
  33 300.386427 -29.899841    25.368    25.348  6 54980.74084108 23.094
  34 300.386731 -29.899793    25.891    25.861  7 54990.65648835 26.457
  35 300.386619 -29.898491    25.787    25.768  7 55000.57213557 31.029
  36 300.385383 -29.898775    25.729    25.703  7 55010.48778039 29.230
  37 300.385528 -29.897488    25.782    25.869  7 55020.40342393 29.828
  38 300.385222 -29.899087    26.485    26.496  7 55030.31906552 45.701
  39 300.386346 -29.899537    26.831    26.775  6 55040.23470671 54.112
  40 300.387761 -29.902583    26.509    26.493  7 55050.15034607 30.340
  41 300.388922 -29.904743    26.668    26.665  7 55060.06598352 32.761
  42 300.389095 -29.902931    26.550    26.562  7 55069.98162438 42.109
  43 300.386759 -29.898708    26.636    26.715  7 55079.89727436 45.761
  44 300.384171 -29.896460    26.689    26.695  7 55089.81292233 48.610
  45 300.383864 -29.894059    27.295    27.254  8 55099.72856965 45.159
  46 300.384170 -29.894501    27.337    27.349  8 55109.64421598 39.095
  47 300.384301 -29.896100    27.018    27.021  7 55119.55986058 40.056
  48 300.384835 -29.894684    27.418    27.456  7 55129.47550318 36.061
  49 300.383943 -29.894314    27.871    27.868  7 55139.39114327 25.114
  50 300.384462 -29.894201    27.653    27.658  7 55149.30678202 19.362
  51 300.385514 -29.898618    27.861    27.840  7 55159.22241943 37.563
  52 300.387608 -29.902627    27.795    27.904  7 55169.13805676 37.855
  53 300.390027 -29.903863    27.982    27.997  7 55179.05369365 36.852
  54 300.388250 -29.903236    28.031    28.129  7 55188.96933991 39.885
  55 300.385537 -29.900098    28.239    28.262  7 55198.88499126 40.751
  56 300.384684 -29.896580    28.235    28.224  7 55208.80064221 35.702
  57 300.384362 -29.896507    28.580    28.578  7 55218.71629207 54.215
  58 300.384111 -29.896021    28.458    28.492  7 55228.63194117 44.654
  59 300.384164 -29.894026    28.479    28.470  8 55238.54758738 43.220
  60 300.383371 -29.891922    28.344    28.384  8 55248.46322973 40.829
  61 300.382041 -29.890660    28.213    28.209  8 55258.37886922 36.769
  62 300.381632 -29.891815    27.819    27.791  8 55268.29450718 42.389
  63 300.383589 -29.892998    27.752    27.795  8 55278.21014489 39.077
  64 300.385136 -29.897982    27.723    27.713  7 55288.12578057 36.913
  65 300.387089 -29.902656    27.943    27.948  7 55298.04141400 50.466
  66 300.386979 -29.901768    27.733    27.786  7 55307.95705628 36.667
  67 300.385327 -29.898485    27.753    27.751  7 55317.87270289 48.388
  68 300.384246 -29.896823    27.927    27.920  7 55327.78834836 41.280
  69 300.385014 -29.896979    27.630    27.630  8 55337.70399297 46.910
  70 300.385969 -29.899454    27.489    27.495  7 55347.61963659 37.835
  71 300.386325 -29.901474    27.100    27.067  7 55357.53527856 36.122
  72 300.386812 -29.900255    26.868    26.817  7 55367.45091887 33.884
  73 300.386382 -29.900975    26.711    26.706  7 55377.36655710 51.704
  74 300.388007 -29.901021    26.498    26.490  7 55387.28219462 32.896
  75 300.388867 -29.905492    26.161    26.209  7 55397.19783031 44.558
  76 300.390535 -29.906440    26.493    26.469  7 55407.11347273 32.728
  77 300.389395 -29.903272    26.475    26.503  7 55417.02912390 47.472
  78 300.386710 -29.900102    26.259    26.291  7 55426.94477173 46.275
  79 300.384468 -29.897291    26.017    25.993  7 55436.86041711 47.446
  80 300.384362 -29.894259    26.359    26.337  8 55446.77606175 35.606
  81 300.384655 -29.894889    26.259    26.235  7 55456.69170535 31.327
  82 300.385114 -29.897902    26.195    26.208  7 55466.60734779 34.527
  83 300.386318 -29.899852    26.091    26.003  7 55476.52298731 31.639
  84 300.387117 -29.900736    26.404    26.439  7 55486.43862372 32.300
  85 300.387481 -29.900846    26.108    26.010  7 55496.35425787 31.558
  86 300.387798 -29.902438    26.041    26.012  7 55506.26989298 30.962
  87 300.386754 -29.901867    25.970    25.877  7 55516.18554342 32.394
  88 300.386862 -29.902623    25.945    25.931  7 55526.10119285 50.296
  89 300.387292 -29.901059    25.966    25.966  7 55536.01684083 49.668
  90 300.386329 -29.899420    27.147    27.148  7 55545.93248683 54.354
  91 300.385152 -29.897271    27.374    27.373  7 55555.84813126 48.784
  92 300.384491 -29.896865    26.727    26.764  7 55565.76377470 44.489
  93 300.385085 -29.898559    26.662    26.692  7 55575.67941718 52.355
  94 300.386682 -29.898852    26.767    26.841  7 55585.59505827 44.918
  95 300.387186 -29.900612    26.840    26.744  7 55595.51069553 33.621
  96 300.386903 -29.902270    27.172    27.175  7 55605.42632929 48.962
  97 300.387754 -29.902888    27.623    27.629  7 55615.34196095 48.097
  98 300.387822 -29.903457    27.622    27.544  7 55625.25760107 35.833
  99 300.387059 -29.901478    27.646    27.605  7 55635.17325323 35.018
 100 300.386856 -29.900366    27.906    27.918  6 55645.08890312 33.466
 101 300.385810 -29.900697    28.413    28.422  7 55655.00454993 53.567
 102 300.385554 -29.899254    28.268    28.325  7 55664.92019277 43.215
 103 300.385615 -29.897408    28.022    28.005  7 55674.83583295 37.295
 104 300.385384 -29.898974    27.934    27.931  7 55684.75147097 46.306
 105 300.387472 -29.900703    27.002    26.986  7 55694.66710789 44.034
 106 300.389850 -29.904913    26.680    26.727  7 55704.58274295 31.046
 107 300.389543 -29.905882    26.559    26.600  7 55714.49838942 30.871
 108 300.388658 -29.902194    26.412    26.476  7 55724.41403874 33.719
 109 300.387016 -29.900227    26.445    26.368  7 55734.32968554 31.285
 110 300.386738 -29.898379    26.349    26.372  7 55744.24533103 29.831
 111 300.386866 -29.898372    26.907    26.902  7 55754.16097473 51.054
 112 300.386751 -29.901157    26.568    26.514  7 55764.07661559 39.778
 113 300.387151 -29.902141    26.703    26.763  7 55773.99225421 36.167
 114 300.387062 -29.902463    27.382    27.375  7 55783.90788983 56.049
 115 300.388266 -29.902812    27.277    27.273  7 55793.82352345 35.119
 116 300.389524 -29.904708    27.301    27.272  7 55803.73915992 36.048
 117 300.389269 -29.903301    27.423    27.435  7 55813.65481025 45.073
 118 300.388829 -29.902809    27.226    27.208  7 55823.57045840 38.931
 119 300.387830 -29.903847    26.899    26.896  7 55833.48610140 38.863
 120 300.388140 -29.903243    26.576    26.527  7 55843.40174053 39.988
 121 300.389291 -29.903238    26.534    26.593  7 55853.31737640 32.156
 122 300.390272 -29.905231    26.828    26.782  7 55863.23301224 34.005
 123 300.388998 -29.902368    27.155    27.112  7 55873.14866659 42.943
 124 300.388199 -29.903376    26.852    26.847  7 55883.06431515 51.646
 125 300.388641 -29.903454    27.163    27.161  7 55892.97995783 51.409
 126 300.389071 -29.905661    26.585    26.621  7 55902.89559477 35.767
 127 300.390041 -29.905852    26.282    26.362  7 55912.81123206 26.455
 128 300.387460 -29.901933    26.333    26.319  7 55922.72688756 29.691
 129 300.386671 -29.898414    25.988    25.979  7 55932.64254023 42.714
 130 300.385544 -29.897521    25.636    25.665  7 55942.55818801 34.849
 131 300.385222 -29.895537    26.050    26.087  7 55952.47383154 21.855
 132 300.384377 -29.895854    26.582    26.634  7 55962.38947091 41.800
 133 300.384925 -29.896538    26.205    26.190  8 55972.30510800 43.067
 134 300.387082 -29.899312    25.799    25.850  7 55982.22074337 24.148
 135 300.389769 -29.903550    26.114    26.112  7 55992.13637690 52.850
 136 300.389396 -29.902668    25.851    25.841  7 56002.05202421 25.110
 137 300.386767 -29.900635    25.549    25.559  6 56011.96767398 30.135
 138 300.384910 -29.898580    26.011    25.980  7 56021.88332041 47.552
 139 300.384982 -29.896441    25.928    25.894  7 56031.79896434 34.334
 140 300.385918 -29.897722    26.349    26.320  7 56041.71460571 28.327
 141 300.387037 -29.900916    26.648    26.634  6 56051.63024418 37.022
 142 300.389220 -29.903087    26.729    26.776  7 56061.54588010 34.753
 143 300.389566 -29.905609    26.276    26.286  7 56071.46151814 25.684
 144 300.388150 -29.901653    26.062    26.061  7 56081.37716889 40.038
 145 300.386507 -29.900798    26.688    26.652  7 56091.29281621 47.601
 146 300.387016 -29.899825    26.895    26.943  7 56101.20846130 41.610
 147 300.387151 -29.900564    27.228    27.181  7 56111.12409184 35.457
 148 300.387392 -29.901804    27.530    27.528  7 56121.03973058 55.744
 149 300.388234 -29.902563    26.763    26.734  7 56130.95536595 35.353
 150 300.389219 -29.902891    26.727    26.727  7 56140.87100026 49.714
 151 300.386888 -29.901543    26.545    26.598  7 56150.78665142 34.106
 152 300.386385 -29.901579    26.549    26.567  7 56160.70230077 41.209
 153 300.387283 -29.900839    26.203    26.133  7 56170.61794878 52.925
 154 300.387191 -29.901034    26.467    26.430  7 56180.53359246 33.825
 155 300.386898 -29.900110    26.345    26.288  7 56190.44923224 33.485
 156 300.386686 -29.900226    25.870    25.985  7 56200.36486875 37.202
 157 300.387750 -29.903997    26.461    26.417  7 56210.28050209 35.412
 158 300.391659 -29.906656    26.057    25.993  7 56220.19613400 34.408
 159 300.391440 -29.906875    25.890    25.857  7 56230.11178367 39.601
 160 300.389407 -29.905715    26.431    26.398  7 56240.02743691 29.288
 161 300.387493 -29.903122    26.091    26.046  7 56249.94308678 49.385
 162 300.387355 -29.899752    25.941    25.950  7 56259.85873237 47.584
 163 300.386796 -29.900889    25.887    25.836  7 56269.77437465 51.751
 164 300.387533 -29.901517    26.100    26.038  7 56279.69001547 27.639
 165 300.386447 -29.899652    26.445    26.490  7 56289.60566747 27.572
 166 300.384782 -29.897918    26.192    26.153  7 56299.52131658 39.130
 167 300.384306 -29.894149    26.977    26.862  7 56309.43696197 47.977
 168 300.383681 -29.893078    26.094    26.117  7 56319.35260415 43.302
 169 300.383873 -29.894819    25.783    25.662  7 56329.26824464 26.496
 170 300.386061 -29.897225    25.850    25.841  7 56339.18388422 42.776
 171 300.388093 -29.901774    26.204    26.120  7 56349.09952129 24.408
 172 300.389235 -29.904832    26.343    26.318  7 56359.01515620 27.759
 173 300.386898 -29.899372    26.896    26.879  7 56368.93080757 30.997
 175 300.384201 -29.894456    26.893    26.961  7 56388.76210178 45.706
 176 300.385091 -29.897934    27.205    27.266  7 56398.67774479 51.247
 177 300.386893 -29.901035    27.285    27.274  6 56408.59338534 40.180
 178 300.388895 -29.902458    27.261    27.259  7 56418.50902181 50.368
 179 300.389726 -29.905339    26.811    26.856  7 56428.42465398 43.984
 180 300.386545 -29.901039    27.098    27.101  7 56438.34030786 46.105
 181 300.385430 -29.897387    27.088    27.084  7 56448.25595904 50.858
 182 300.385286 -29.897210    27.074    26.984  7 56458.17160741 37.234
 183 300.385327 -29.897224    27.211    27.179  7 56468.08725255 53.739
 184 300.384958 -29.898166    28.125    28.127  7 56478.00289351 53.272
 185 300.385046 -29.898690    28.463    28.533  7 56487.91853099 43.616
 186 300.385769 -29.900320    28.112    28.101  7 56497.83416600 44.050
 187 300.388114 -29.902835    27.427    27.388  7 56507.74980002 35.422
 188 300.390247 -29.906813    26.908    26.958  7 56517.66543727 34.630
 189 300.389915 -29.904077    26.559    26.580  7 56527.58109228 31.617
 190 300.388388 -29.903065    26.357    26.404  7 56537.49674253 47.612
 192 300.385222 -29.897665    26.269    26.238  7 56557.32803265 32.170
 193 300.385667 -29.897551    26.111    26.065  7 56567.24367490 33.592
 194 300.387200 -29.900974    26.215    26.155  7 56577.15931531 30.499
 195 300.389710 -29.905596    26.089    26.127  7 56587.07495221 37.735
 196 300.390895 -29.907297    26.390    26.460  7 56596.99059234 32.142
 197 300.388255 -29.902988    26.556    26.484  7 56606.90624509 30.843
 198 300.386302 -29.899684    26.375    26.389  7 56616.82189303 33.300
 199 300.385528 -29.899575    26.398    26.414  7 56626.73753720 33.202
 200 300.387099 -29.899288    26.321    26.321  7 56636.65317885 28.712
 201 300.387653 -29.902081    26.200    26.163  7 56646.56881986 31.905
 202 300.385714 -29.899056    26.259    26.259  7 56656.48447307 46.916
 203 300.384617 -29.895030    26.293    26.314  7 56666.40012198 47.927
 204 300.383821 -29.893822    26.602    26.610  7 56676.31576744 47.674
 205 300.384277 -29.894436    26.245    26.203  8 56686.23141132 37.083
 206 300.385822 -29.896680    26.545    26.556  7 56696.14705295 42.130
 207 300.387328 -29.901562    26.237    26.147  6 56706.06268953 28.010
 208 300.389195 -29.904536    25.979    26.008  7 56715.97832196 39.476
 209 300.385993 -29.899711    25.698    25.700  7 56725.89397619 45.113
 210 300.384185 -29.895110    26.315    26.270  8 56735.80962666 28.632
 211 300.384099 -29.893944    27.021    26.985  8 56745.72527332 42.483
 212 300.385281 -29.897819    26.772    26.715  7 56755.64091468 37.048
 213 300.388017 -29.902451    26.710    26.712  6 56765.55655023 32.153
 214 300.388979 -29.903767    26.734    26.726  7 56775.47218924 32.170
 215 300.386315 -29.897666    27.436    27.389  7 56785.38784651 47.049
 216 300.383372 -29.893751    27.505    27.463  7 56795.30349949 37.573
 217 300.382165 -29.891774    27.572    27.570  8 56805.21914805 54.212
 218 300.383110 -29.893506    27.607    27.584  7 56815.13478929 41.741
 219 300.384917 -29.895012    27.813    27.864  7 56825.05042725 38.930
 220 300.385428 -29.899611    28.101    28.054  7 56834.96606080 37.481
 221 300.387491 -29.902497    28.467    28.512  7 56844.88169174 48.311
 222 300.387415 -29.901485    28.566    28.567  6 56854.79733738 51.752
 223 300.385785 -29.900108    28.155    28.161  7 56864.71299129 53.618
 224 300.384933 -29.898498    28.031    28.023  7 56874.62864458 38.898
 225 300.384584 -29.896701    27.795    27.787  7 56884.54429476 39.738
 226 300.384550 -29.894619    27.283    27.273  7 56894.45994181 36.196
 227 300.383756 -29.893828    26.901    26.921  8 56904.37558510 34.847
 228 300.383634 -29.893263    26.880    26.880  8 56914.29122621 42.634
 229 300.384667 -29.895518    26.622    26.569  8 56924.20686506 33.175
 230 300.386231 -29.901230    26.931    26.827  7 56934.12250074 37.005
 231 300.389443 -29.906419    27.519    27.518  7 56944.03813150 37.014
 232 300.389039 -29.905223    27.267    27.231  7 56953.95377959 43.492
 233 300.387255 -29.900768    26.731    26.734  7 56963.86943077 31.468
 234 300.385847 -29.898495    26.655    26.670  7 56973.78507703 33.021
 235 300.385972 -29.899057    26.734    26.767  7 56983.70071865 33.520
 236 300.387550 -29.902131    26.689    26.721  7 56993.61635501 35.381
 237 300.389332 -29.903704    26.569    26.497  7 57003.53199290 33.793
 238 300.386625 -29.899197    26.777    26.859  7 57013.44765046 39.726
 239 300.384728 -29.896315    26.963    26.960  8 57023.36330222 37.451
 240 300.384140 -29.895960    27.684    27.665  7 57033.27895078 32.470
 241 300.384655 -29.897213    27.648    27.565  7 57043.19459668 38.302
 242 300.385786 -29.898034    27.105    27.155  7 57053.11024035 35.780
 243 300.386024 -29.900568    26.822    26.824  7 57063.02587915 48.440
 244 300.386856 -29.902613    26.505    26.588  7 57072.94151311 37.898
 245 300.389241 -29.904359    26.471    26.480  8 57082.85714370 30.197
 246 300.388980 -29.902641    27.050    27.005  7 57092.77279219 41.098
 247 300.386501 -29.901143    26.609    26.637  7 57102.68844972 30.801
 248 300.386019 -29.899134    26.591    26.567  7 57112.60410369 31.453
 249 300.386107 -29.898123    26.302    26.368  7 57122.51975143 49.556
 250 300.386001 -29.897203    26.199    26.175  7 57132.43539335 44.288
 251 300.385874 -29.899719    26.442    26.510  7 57142.35102947 30.418
 252 300.387630 -29.901998    26.312    26.310  7 57152.26666264 31.008
 253 300.389824 -29.906884    26.569    26.523  7 57162.18229266 40.527
 254 300.388673 -29.902187    26.896    26.871  7 57172.09795017 51.827
 255 300.387003 -29.899061    26.900    26.839  7 57182.01360444 44.216
 256 300.385044 -29.897105    26.832    26.783  7 57191.92925472 45.309
 257 300.384401 -29.895356    27.036    26.982  8 57201.84490253 43.863
 258 300.384544 -29.896266    27.166    27.142  7 57211.76053650 40.729
 259 300.385469 -29.899019    27.462    27.477  7 57221.67617998 49.027
 260 300.386782 -29.900088    28.051    28.090  7 57231.59182240 39.728
 261 300.387522 -29.900332    28.064    28.062  7 57241.50746238 50.137
 262 300.387176 -29.902493    27.346    27.333  7 57251.42309906 35.505
 263 300.389018 -29.903272    27.218    27.239  7 57261.33873408 48.047
 264 300.390694 -29.907627    26.581    26.609  7 57271.25436712 37.173
 265 300.390021 -29.905778    25.891    25.927  7 57281.17002296 44.438
 266 300.388893 -29.904064    26.274    26.284  7 57291.08567810 30.370
 267 300.387212 -29.901540    26.298    26.235  7 57301.00133039 33.716
 268 300.386273 -29.897294    26.338    26.330  7 57310.91697970 30.537
 269 300.384603 -29.895469    26.529    26.522  7 57320.83262543 31.731
 270 300.384155 -29.895374    26.847    26.932  7 57330.74826852 31.082
 271 300.384974 -29.897817    26.895    26.845  7 57340.66390918 35.449
 272 300.384535 -29.896007    27.470    27.496  7 57350.57956067 36.675
 273 300.384125 -29.895552    28.142    28.172  8 57360.49520640 47.138
 274 300.384055 -29.894270    28.379    28.395  7 57370.41084898 39.494
 275 300.384166 -29.895436    28.667    28.653  7 57380.32648855 37.782
 276 300.386469 -29.897872    29.049    29.094  7 57390.24212686 40.795
 277 300.388159 -29.904699    28.773    28.732  7 57400.15776320 41.585
 278 300.390549 -29.906408    28.742    28.784  7 57410.07340224 40.972
 279 300.387807 -29.903905    28.663    28.655  7 57419.98905493 49.085
 280 300.386105 -29.898344    28.500    28.449  7 57429.90470601 46.829
 281 300.384380 -29.896776    28.371    28.370  7 57439.82035430 50.587
 282 300.384705 -29.897654    28.132    28.077  7 57449.73600129 35.719
 283 300.385682 -29.899365    28.290    28.316  7 57459.65164673 40.446
 284 300.386937 -29.901222    28.531    28.529  7 57469.56728884 47.528
 285 300.387176 -29.903171    28.259    28.284  7 57479.48292660 39.315
 286 300.388004 -29.902321    28.169    28.237  7 57489.39856154 33.844
 287 300.389360 -29.903642    28.382    28.365  7 57499.31419387 41.592
 288 300.389210 -29.905188    27.960    27.981  7 57509.22983633 36.053
 289 300.387508 -29.903101    27.560    27.523  7 57519.14549183 33.872
 290 300.387330 -29.900378    27.477    27.378  7 57529.06114487 33.381
 291 300.386147 -29.898850    27.360    27.344  7 57538.97679458 48.151
 292 300.384959 -29.896706    27.675    27.668  8 57548.89244194 48.456
 293 300.384631 -29.894479    27.905    27.914  7 57558.80808827 48.042
 294 300.384648 -29.896056    27.636    27.656  8 57568.72373324 47.653
 295 300.386142 -29.897697    27.616    27.616  7 57578.63937786 43.822
 296 300.386994 -29.900331    27.157    27.114  7 57588.55502063 30.754
 297 300.387092 -29.900701    26.837    26.873  7 57598.47066111 31.143
