#    8.544  -0.042   1.409 ;Mean Elev.(m), Avg Gradient(m/km), RMS Gradient(m/km) - SRTM1     
#   -0.369   0.064   5.364 ;Mean Elev.(m), Avg Gradient(m/km), RMS Gradient(m/km) - ASTER GDEM
#    8.978  -0.061   1.558 ;Mean Elev.(m), Avg Gradient(m/km), RMS Gradient(m/km) - GMTED2010 
  25    11.313 54901.41524850 44.68 299.348673 -31.829188  3.840  249.99  258.89  247.77
  25    11.347 54901.41524909 44.74 299.349986 -31.826791   -100  249.99  258.89  247.77
  25    11.328 54901.41524968 43.25 299.351298 -31.824393  1.202  249.99  258.89  247.77
  25    11.438 54901.41525027 41.12 299.352611 -31.821995   -100  249.99  258.89  247.77
  25    11.518 54901.41525086 37.80 299.353924 -31.819597 29.064  249.99  258.89  247.77
  25    11.706 54901.41525145 40.66 299.355237 -31.817199   -100  249.99  258.89  247.77
  25    11.692 54901.41525205 39.85 299.356549 -31.814801   -100  249.99  258.89  247.77
  25    11.797 54901.41525264 39.52 299.357862 -31.812404   -100  249.99  258.89  247.77
  26    11.136 54911.33088719 52.90 299.348160 -31.828914   -100  251.49  255.24  246.64
  26    11.152 54911.33088778 49.55 299.349473 -31.826516 29.802  251.49  255.24  246.64
  26    11.183 54911.33088837 51.20 299.350785 -31.824118 28.362  251.49  255.24  246.64
  26    11.208 54911.33088896 50.81 299.352098 -31.821720 24.450  251.49  255.24  246.64
  26    11.241 54911.33088955 51.71 299.353411 -31.819323 22.952  251.49  255.24  246.64
  26    11.282 54911.33089014 49.15 299.354724 -31.816925 16.001  251.49  255.24  246.64
  26    11.280 54911.33089073 48.91 299.356036 -31.814527 16.384  251.49  255.24  246.64
  26    11.307 54911.33089132 49.48 299.357349 -31.812129 17.703  251.49  255.24  246.64
  26    11.307 54911.33089191 50.27 299.358661 -31.809731 21.965  251.49  255.24  246.64
  27    10.146 54921.24652427 32.14 299.348735 -31.830472 27.129  259.49  265.86  255.29
  27    10.927 54921.24652486 30.63 299.350048 -31.828074 20.526  259.49  265.86  255.29
  27    11.317 54921.24652545 30.32 299.351361 -31.825676 21.218  259.49  265.86  255.29
  27    11.362 54921.24652604 30.09 299.352673 -31.823278 19.036  259.49  265.86  255.29
  27    11.551 54921.24652663 28.39 299.353986 -31.820881 15.070  259.49  265.86  255.29
  27    11.355 54921.24652722 28.76 299.355299 -31.818483 17.043  259.49  265.86  255.29
  27    11.493 54921.24652781 32.52 299.356611 -31.816085 30.626  259.49  265.86  255.29
  27    11.577 54921.24652840 27.71 299.357924 -31.813687 12.880  260.98  266.68  256.29
  61    14.366 55258.37839368 35.50 299.348988 -31.828077 20.896  225.43  237.26  220.58
  61    14.302 55258.37839427 35.90 299.350301 -31.825679 22.247  225.43  237.26  220.58
  61    14.207 55258.37839486 37.57 299.351614 -31.823281 30.569  225.43  237.26  220.58
  61    14.280 55258.37839545 39.55 299.352927 -31.820884   -100  225.43  237.26  220.58
  61    14.404 55258.37839604 39.30 299.354240 -31.818486   -100  227.25  238.50  221.92
  61    14.542 55258.37839663 36.71 299.355552 -31.816088 24.545  227.25  238.50  221.92
  61    14.265 55258.37839722 39.93 299.356865 -31.813690   -100  227.25  238.50  221.92
  61    14.346 55258.37839781 40.43 299.358177 -31.811292   -100  227.25  238.50  221.92
  62    13.899 55268.29403164 48.09 299.348552 -31.829237 22.075  227.93  236.70  223.24
  62    13.934 55268.29403223 47.78 299.349865 -31.826839 15.765  227.93  236.70  223.24
  62    13.934 55268.29403282 46.70 299.351178 -31.824441  5.965  227.93  236.70  223.24
  62    13.983 55268.29403341 42.45 299.352491 -31.822043   -100  227.93  236.70  223.24
  62    13.997 55268.29403400 40.43 299.353804 -31.819646   -100  227.93  236.70  223.24
  62    13.952 55268.29403459 43.43 299.355117 -31.817248   -100  227.93  236.70  223.24
  62    13.968 55268.29403518 39.00 299.356430 -31.814850 29.228  227.93  236.70  223.24
  62    14.147 55268.29403577 38.79 299.357742 -31.812452 28.110  227.93  236.70  223.24
 217    12.755 56805.21867251 55.54 299.349285 -31.829272   -100  228.38  233.35  226.55
 217    12.770 56805.21867310 57.51 299.350598 -31.826874   -100  228.38  233.35  226.55
 217    12.782 56805.21867369 54.30 299.351911 -31.824476   -100  228.38  233.35  226.55
 217    12.788 56805.21867428 55.53 299.353224 -31.822078   -100  228.38  233.35  226.55
 217    12.807 56805.21867487 54.02 299.354536 -31.819680   -100  228.38  233.35  226.55
 217    12.849 56805.21867546 55.00 299.355849 -31.817282 30.543  228.38  233.35  226.55
 217    12.845 56805.21867605 54.81 299.357161 -31.814884   -100  228.38  233.35  226.55
 217    12.845 56805.21867664 55.30 299.358473 -31.812486   -100  228.38  233.35  226.55
