#    8.729  -1.469   2.515 ;Mean Elev.(m), Avg Gradient(m/km), RMS Gradient(m/km) - SRTM1     
#   10.922  -1.629   3.272 ;Mean Elev.(m), Avg Gradient(m/km), RMS Gradient(m/km) - ASTER GDEM
#    8.566  -1.519   2.871 ;Mean Elev.(m), Avg Gradient(m/km), RMS Gradient(m/km) - GMTED2010 
   1 299.323154 -32.832473     5.322     5.298 13 54660.05893660 22.579
   2 299.320813 -32.831827     6.998     6.882 13 54669.97458140 40.593
   3 299.319549 -32.832823     6.651     6.799 12 54679.89022502 43.424
   4 299.320124 -32.832862     8.177     6.733 12 54689.80586775 38.263
   5 299.323165 -32.832738     6.990     6.940 13 54699.72150871 37.832
   6 299.324128 -32.830792     7.304     7.307 13 54709.63715331 42.697
   7 299.323099 -32.832119     7.032     7.015 12 54719.55280515 41.993
   8 299.320619 -32.832862     7.098     6.939 12 54729.46845409 42.152
   9 299.317665 -32.833225     8.845     7.138 12 54739.38410126 37.316
  10 299.316741 -32.834913     6.662     6.704 13 54749.29974859 35.915
  11 299.315554 -32.833952     8.264     6.791 13 54759.21539502 33.355
  12 299.317193 -32.834632     6.888     6.829 13 54769.13103968 33.913
  13 299.318832 -32.833228     7.382     7.338 13 54779.04668059 43.081
  14 299.321014 -32.833262     7.799     7.618 13 54788.96231947 50.630
  15 299.321288 -32.832061     7.870     7.737 13 54798.87795722 48.847
  16 299.322513 -32.832540     7.385     7.302 13 54808.79359574 41.525
  17 299.323902 -32.831487     6.849     6.788 12 54818.70923364 41.502
  18 299.321996 -32.832077     7.114     7.131 12 54828.62488610 37.837
  19 299.319338 -32.833637    10.128     7.065 13 54838.54052583 36.199
  20 299.315033 -32.834180     6.387     6.562 13 54848.45617539 33.531
  21 299.313131 -32.836814    12.969     6.677 14 54858.37182484 27.226
  22 299.311610 -32.836630    18.245    19.248 14 54868.28747362 29.557
  23 299.312108 -32.835696     6.084     6.175 14 54878.20312144 40.284
  24 299.314331 -32.834762     6.488     6.814 13 54888.11876620 31.221
  25 299.315642 -32.834993     6.969     7.020 13 54898.03440767 35.256
  26 299.314887 -32.835094     6.621     6.661 13 54907.95004651 34.435
  27 299.314430 -32.835041     6.686     6.784 13 54917.86568423 30.090
  28 299.316068 -32.835217     6.743     6.842 13 54927.78132228 32.097
  29 299.318888 -32.833407    11.146     7.435 13 54937.69695947 30.828
  30 299.323122 -32.832553     6.490     6.522 13 54947.61259523 36.292
  31 299.326501 -32.831621     6.521     6.391 13 54957.52823047 45.498
  32 299.323610 -32.830948     7.630     6.450 13 54967.44387868 35.451
  33 299.321702 -32.832701    11.469     6.580 13 54977.35952613 30.829
  34 299.319315 -32.832299    10.915     6.423 13 54987.27517290 28.702
  35 299.319488 -32.833572     6.166     6.134 13 54997.19082028 29.480
  36 299.318600 -32.832387     5.564     5.561 13 55007.10646527 33.702
  37 299.318470 -32.833401     6.017     6.028 13 55017.02210859 30.484
  38 299.317061 -32.833667     5.503     5.674 12 55026.93775038 33.639
  39 299.316557 -32.835172     6.782     6.806 13 55036.85339223 34.941
  40 299.316762 -32.832822     6.938     6.868 13 55046.76903270 38.221
  41 299.320960 -32.832072     7.072     7.027 12 55056.68467211 43.075
  42 299.325451 -32.831409     7.355     7.268 13 55066.60030936 50.331
  43 299.323647 -32.831770     7.165     7.180 12 55076.51595947 42.365
  44 299.319893 -32.832906     7.275     7.127 12 55086.43160724 46.218
  45 299.316089 -32.833072     7.169     7.112 13 55096.34725306 38.880
  46 299.315561 -32.833984     7.256     7.265 13 55106.26289880 40.631
  47 299.317394 -32.834662     7.719     7.706 13 55116.17854423 46.283
  48 299.318682 -32.832539     7.638     7.615 13 55126.09418670 51.233
  49 299.320291 -32.832514     7.887     7.861 12 55136.00982720 50.033
  50 299.320964 -32.833072     8.151     8.106 13 55145.92546589 54.015
  51 299.320558 -32.832912     8.623     8.639 13 55155.84110393 51.624
  52 299.320527 -32.831960     8.793     8.775 13 55165.75674227 54.499
  53 299.322714 -32.832561     8.979     8.963 13 55175.67238099 53.070
  54 299.323695 -32.831392     9.120     9.119 12 55185.58802287 49.319
  55 299.320418 -32.831705     9.370     9.339 13 55195.50367447 48.386
  56 299.316677 -32.833638     9.362     9.366 13 55205.41932486 47.821
  57 299.314491 -32.836274     9.491     9.485 14 55215.33497470 46.399
  58 299.313397 -32.836599     9.424     9.435 14 55225.25062338 45.802
  59 299.314117 -32.835179     9.665     9.653 14 55235.16626972 46.747
  60 299.316599 -32.833849     9.848     9.794 13 55245.08191278 43.830
  61 299.317493 -32.833438     9.878     9.885 12 55254.99755303 47.092
  62 299.316579 -32.834626     9.675     9.660 13 55264.91319198 44.217
  63 299.314911 -32.834083     9.416     9.380 13 55274.82882981 45.786
  64 299.316931 -32.834463     9.114     9.098 13 55284.74446764 43.655
  65 299.320494 -32.831872     8.909     8.907 13 55294.66010340 47.424
  66 299.324338 -32.831662     8.776     8.772 12 55304.57574232 47.533
  67 299.323309 -32.832369     8.720     8.703 13 55314.49138994 50.105
  68 299.320826 -32.832750     8.604     8.525 12 55324.40703525 48.786
  69 299.318216 -32.832361     8.731     8.701 13 55334.32267883 46.245
  70 299.317112 -32.832476     8.717     8.713 13 55344.23832215 46.215
  71 299.317784 -32.832619     8.692     8.668 13 55354.15396489 46.777
  72 299.319160 -32.832871     8.370     8.348 12 55364.06960556 42.661
  73 299.319917 -32.832538     8.039     8.033 12 55373.98524437 43.174
  74 299.320688 -32.832793     7.736     7.763 12 55383.90088225 44.331
  75 299.321538 -32.832697     7.368     7.329 13 55393.81651944 40.356
  76 299.323495 -32.831561     7.151     7.137 13 55403.73215657 34.967
  77 299.322994 -32.832170     7.321     7.229 12 55413.64780842 43.004
  78 299.322075 -32.831198     7.295     7.265 13 55423.56345715 40.670
  79 299.322135 -32.832787     7.186     7.185 13 55433.47910379 42.956
  80 299.319352 -32.832870     7.530     7.494 12 55443.39474801 38.487
  81 299.317041 -32.833036     9.031     7.383 13 55453.31039076 37.708
  82 299.317166 -32.833329     9.060     7.555 12 55463.22603279 36.266
  83 299.320414 -32.833384     7.072     7.004 13 55473.14167288 43.796
  84 299.323231 -32.831183    10.245     7.143 13 55483.05730968 38.048
  85 299.325759 -32.830809     6.854     6.768 12 55492.97294475 38.815
  86 299.327007 -32.831183     6.660     6.642 13 55502.88857868 39.646
  87 299.324225 -32.832450     6.754     6.739 13 55512.80422551 38.043
  88 299.321093 -32.832774     8.613     6.816 13 55522.71987540 40.293
  89 299.318797 -32.832140    12.062     7.070 13 55532.63552381 35.149
  90 299.318869 -32.834029    10.374     6.734 13 55542.55117130 37.199
  91 299.317029 -32.832672     7.023     7.037 13 55552.46681591 35.444
  92 299.315806 -32.833398     7.369     7.371 13 55562.38245950 34.024
  93 299.316778 -32.835227     7.222     7.179 13 55572.29810259 33.055
  94 299.317673 -32.833664     8.838     7.458 13 55582.21374356 35.328
  95 299.320604 -32.832672     7.269     7.098 12 55592.12938149 38.593
  96 299.324018 -32.831273     7.755     7.703 12 55602.04501597 46.392
  97 299.326935 -32.831142     7.716     7.644 13 55611.96064867 42.502
  98 299.327709 -32.830585     8.085     8.035 13 55621.87628259 43.908
  99 299.323405 -32.832026     8.202     8.184 12 55631.79193571 46.666
 100 299.321137 -32.832182     8.267     8.222 13 55641.70758671 49.147
 101 299.321180 -32.832386     8.514     8.492 13 55651.62323516 50.683
 102 299.321775 -32.832345     8.637     8.611 13 55661.53887969 50.624
 103 299.321231 -32.832396     8.917     8.969 12 55671.45452074 50.580
 104 299.320063 -32.831811     8.978     8.960 13 55681.37015973 51.092
 105 299.321112 -32.832445     8.909     8.884 12 55691.28579713 52.828
 106 299.322986 -32.831794     8.776     8.752 13 55701.20143252 48.583
 107 299.324211 -32.831832     8.285     8.280 13 55711.11707299 46.330
 108 299.321804 -32.831939     7.738     7.745 12 55721.03272197 44.732
 109 299.319510 -32.832476     7.472     7.480 13 55730.94836902 43.856
 110 299.318575 -32.833309     7.596     7.563 13 55740.86401515 41.268
 111 299.317892 -32.832596     7.361     7.400 13 55750.77965998 39.919
 112 299.319573 -32.832880     7.497     7.391 13 55760.69530304 42.498
 113 299.321056 -32.831621     7.386     7.287 13 55770.61094296 42.367
 114 299.323560 -32.832096     7.634     7.674 13 55780.52658002 46.473
 115 299.325194 -32.831164     7.851     7.756 12 55790.44221395 48.617
 116 299.327509 -32.830998     8.168     8.072 13 55800.35784676 47.952
 117 299.324874 -32.830560     8.268     8.282 13 55810.27349441 49.369
 118 299.323915 -32.830941     8.241     8.200 13 55820.18914280 49.688
 119 299.325263 -32.831365     8.244     8.246 13 55830.10478678 51.194
 120 299.326878 -32.831168     7.893     7.908 12 55840.02042613 48.424
 121 299.327590 -32.831303     7.788     7.761 13 55849.93606262 46.897
 122 299.327730 -32.831173     7.803     7.715 13 55859.85169731 42.549
 123 299.324132 -32.831801     7.927     7.875 12 55869.76734773 48.218
 124 299.321776 -32.831462     7.986     7.982 13 55879.68299907 45.638
 125 299.321609 -32.831456     7.854     7.785 13 55889.59864405 46.577
 126 299.322371 -32.831383     7.750     7.759 13 55899.51428334 43.296
 127 299.324193 -32.831582     7.392     7.410 13 55909.42991781 38.480
 128 299.320497 -32.832229     7.459     7.437 13 55919.34556885 38.053
 129 299.319120 -32.833735     7.352     7.374 13 55929.26122188 34.410
 130 299.319339 -32.833243    10.458     7.134 12 55939.17687088 35.585
 131 299.320167 -32.832826     8.175     6.870 13 55949.09251509 37.097
 132 299.320289 -32.832404    12.055     8.516 12 55959.00815477 34.518
 133 299.320467 -32.832923     8.727     7.167 12 55968.92379247 37.930
 134 299.320613 -32.831611    11.409     7.138 13 55978.83942908 30.891
 135 299.323866 -32.832042     6.901     6.913 13 55988.75506577 36.062
 136 299.325326 -32.831049     6.844     6.898 13 55998.67070768 32.755
 137 299.324013 -32.831872     6.968     6.997 12 56008.58635929 31.519
 138 299.322229 -32.832647     7.028     6.903 13 56018.50200662 39.627
 139 299.319430 -32.833145     6.691     6.761 12 56028.41765057 35.493
 140 299.317935 -32.834186    13.228    14.040 13 56038.33329272 26.825
 141 299.318481 -32.833526     6.855     6.876 13 56048.24893250 33.545
 142 299.321020 -32.832961     6.894     6.906 13 56058.16456957 41.235
 143 299.324801 -32.830909     7.217     7.168 12 56068.08020204 46.787
 144 299.322476 -32.832180     7.099     7.091 12 56077.99585213 41.917
 145 299.319732 -32.833820     7.046     6.907 13 56087.91150037 40.491
 146 299.317855 -32.833650     7.091     7.080 13 56097.82714602 38.527
 147 299.318274 -32.832525     7.416     7.333 13 56107.74278970 45.462
 148 299.320864 -32.831524     7.821     7.788 13 56117.65841927 51.115
 149 299.324330 -32.831100     7.933     7.845 12 56127.57405700 47.872
 150 299.326383 -32.830521     7.685     7.686 13 56137.48969087 43.293
 151 299.323902 -32.831577     7.524     7.517 12 56147.40533637 48.095
 152 299.321171 -32.832274     7.778     7.695 13 56157.32098515 50.127
 153 299.320405 -32.832312     7.471     7.403 13 56167.23663290 48.450
 154 299.321684 -32.832252     7.583     7.580 12 56177.15227819 45.817
 155 299.323285 -32.831352     7.167     7.176 13 56187.06791857 39.974
 156 299.324610 -32.831722     7.005     7.009 12 56196.98355556 40.481
 157 299.324715 -32.831621     7.312     7.231 13 56206.89918966 45.316
 158 299.325309 -32.831418     7.178     7.189 13 56216.81482256 44.244
 159 299.324909 -32.830888     7.387     7.312 12 56226.73046453 46.073
 160 299.323534 -32.831994     7.265     7.233 13 56236.64612002 41.576
 161 299.322144 -32.832244     7.220     7.213 13 56246.56177155 43.275
 162 299.320694 -32.832527     7.456     7.347 12 56256.47741804 38.902
 163 299.319352 -32.833173     6.989     7.146 12 56266.39306075 40.872
 164 299.318278 -32.832450    11.795     7.501 13 56276.30870138 34.837
 165 299.319000 -32.833882     7.654     7.529 13 56286.22434854 40.589
 166 299.319591 -32.833208     7.271     7.139 13 56296.13999848 39.261
 167 299.320307 -32.832807     7.159     7.043 13 56306.05564436 35.920
 168 299.319586 -32.832650     7.107     6.986 13 56315.97128701 38.788
 169 299.318085 -32.833206    10.384     7.046 12 56325.88692820 30.099
 170 299.317880 -32.833006    11.676     7.100 13 56335.80256861 32.374
 171 299.320667 -32.833211    11.544     7.035 13 56345.71820829 37.003
 172 299.323997 -32.831508     6.997     6.957 13 56355.63384527 40.020
 173 299.323768 -32.832069     7.299     7.300 12 56365.54949221 42.459
 174 299.320334 -32.832300     7.605     7.523 12 56375.46514118 47.497
 176 299.315549 -32.835021     7.545     7.453 14 56395.29643078 39.464
 177 299.316188 -32.834448     7.597     7.560 13 56405.21207199 44.262
 178 299.318731 -32.833031     8.117     8.002 12 56415.12770990 48.796
 179 299.322984 -32.831046     8.020     7.976 13 56425.04334296 49.664
 180 299.322496 -32.832429     7.725     7.763 12 56434.95899013 45.994
 181 299.318538 -32.833587     7.681     7.684 13 56444.87464164 47.909
 182 299.315477 -32.833784     7.646     7.582 13 56454.79029072 40.157
 183 299.315511 -32.834302     7.777     7.721 14 56464.70593745 43.498
 184 299.317962 -32.834272     7.754     7.681 13 56474.62158071 48.978
 185 299.320849 -32.833072     8.267     8.212 13 56484.53722041 52.000
 186 299.322373 -32.832088     8.555     8.522 12 56494.45285677 46.554
 187 299.323089 -32.831072     9.094     9.120 13 56504.36849080 53.580
 188 299.325584 -32.830517     8.776     8.625 13 56514.28412335 50.526
 189 299.324432 -32.831200     8.518     8.545 13 56524.19977421 51.913
 190 299.323868 -32.831667     7.844     7.846 12 56534.11542513 47.319
 192 299.321310 -32.832237     7.269     7.273 12 56553.94671626 45.194
 193 299.319262 -32.832612     7.371     7.294 13 56563.86235876 40.998
 194 299.318598 -32.833303     7.352     7.202 12 56573.77800043 38.763
 195 299.319766 -32.832445     8.424     7.160 13 56583.69363977 42.265
 196 299.324210 -32.831477     6.965     6.937 12 56593.60927488 43.001
 197 299.322184 -32.831919     7.374     7.348 13 56603.52492828 42.973
 198 299.320380 -32.832875     7.514     7.500 12 56613.44057763 46.031
 199 299.319198 -32.833473     7.686     7.637 13 56623.35622268 43.411
 200 299.318735 -32.833089     7.375     7.307 12 56633.27186459 42.110
 201 299.321620 -32.832934     7.099     7.107 13 56643.18750200 42.299
 202 299.320873 -32.832332     8.847     7.203 12 56653.10315292 37.517
 203 299.320586 -32.832803     6.977     7.012 13 56663.01880220 40.521
 204 299.319409 -32.832744     6.759     6.820 13 56672.93444872 38.543
 205 299.317712 -32.833158    11.874    13.415 12 56682.85009407 33.950
 206 299.317854 -32.833833     7.553     7.410 13 56692.76573770 39.988
 207 299.320037 -32.833271     7.829     7.729 13 56702.68137725 44.454
 208 299.323384 -32.831585     7.392     7.338 13 56712.59701156 41.110
 209 299.321816 -32.832570     7.147     7.140 13 56722.51265923 41.327
 210 299.317665 -32.833473     7.218     7.215 13 56732.42831060 39.208
 211 299.315027 -32.835027    11.668     7.349 14 56742.34395834 32.551
 212 299.314465 -32.834768     7.407     7.444 13 56752.25960131 36.723
 213 299.317611 -32.834475     8.038     7.945 13 56762.17523913 48.917
 214 299.321988 -32.831903     8.123     8.163 13 56772.09086970 52.450
 215 299.318813 -32.833312     7.987     7.933 13 56782.00652624 49.213
 216 299.315645 -32.834602     8.032     7.991 14 56791.92218016 49.990
 217 299.313604 -32.837058     8.406     8.340 14 56801.83783165 47.755
 218 299.312667 -32.834995     8.328     8.232 14 56811.75347515 46.280
 219 299.315143 -32.835126     8.331     8.232 13 56821.66911535 49.751
 220 299.318556 -32.833684     8.575     8.544 13 56831.58475112 50.693
 221 299.322228 -32.831431     8.672     8.630 13 56841.50038342 48.566
 222 299.324095 -32.831230     9.084     9.064 13 56851.41602088 52.732
 223 299.320798 -32.832785     9.136     9.131 12 56861.33167484 43.143
 224 299.317884 -32.832844     9.312     9.266 13 56871.24732774 52.770
 225 299.317174 -32.833585     9.129     9.026 12 56881.16297798 53.079
 226 299.317153 -32.834239     9.000     8.916 13 56891.07862462 51.300
 227 299.315567 -32.833243     8.648     8.653 13 56900.99426784 47.999
 228 299.314827 -32.835634     8.344     8.263 14 56910.90991000 48.489
 229 299.314151 -32.834719     8.053     8.010 14 56920.82555024 43.978
 230 299.316334 -32.834190     7.858     7.841 14 56930.74118893 41.401
 231 299.320351 -32.832381     8.036     7.949 12 56940.65682279 47.147
 232 299.323084 -32.832057     8.257     8.256 13 56950.57246266 50.408
 233 299.319943 -32.832117     8.362     8.363 13 56960.48811468 48.122
 234 299.317472 -32.832431     8.095     8.039 13 56970.40376164 46.458
 235 299.317824 -32.833121     7.797     7.792 13 56980.31940482 44.853
 236 299.320503 -32.832947     7.624     7.504 13 56990.23504341 46.028
 237 299.325415 -32.831273     7.539     7.485 13 57000.15067550 51.098
 238 299.323075 -32.831532     7.616     7.637 12 57010.06632986 45.322
 239 299.320543 -32.831740     7.692     7.660 13 57019.98198185 44.894
 240 299.318376 -32.832432     8.147     8.131 13 57029.89763124 44.445
 241 299.317842 -32.834269     8.570     8.622 13 57039.81327951 48.305
 242 299.317283 -32.833286     8.656     8.626 12 57049.72892515 46.526
 243 299.319120 -32.832719     8.636     8.547 13 57059.64456712 46.137
 244 299.321801 -32.832615     8.227     8.223 13 57069.56020354 45.711
 245 299.323190 -32.831605     7.972     7.925 12 57079.47583534 43.266
 246 299.323021 -32.832428     8.290     8.250 13 57089.39147350 51.942
 247 299.317705 -32.833629     8.149     8.116 13 57099.30713138 45.470
 248 299.315562 -32.834403     8.024     8.025 13 57109.22278620 41.013
 249 299.317014 -32.834962     7.808     7.808 13 57119.13843580 39.145
 250 299.317844 -32.833804     7.352     7.283 13 57129.05407896 41.082
 251 299.318698 -32.833574     7.405     7.229 13 57138.96971675 45.503
 252 299.319915 -32.833260     7.670     7.586 13 57148.88535110 41.390
 253 299.322953 -32.832238     7.145     7.120 12 57158.80098289 43.082
 254 299.322547 -32.831590     7.218     7.164 13 57168.71663211 40.000
 255 299.320913 -32.831654     7.462     7.377 13 57178.63228804 42.131
 256 299.319844 -32.832486     7.508     7.462 12 57188.54794006 42.611
 257 299.318454 -32.833314     7.549     7.526 13 57198.46358799 44.332
 258 299.316762 -32.833121     7.694     7.598 13 57208.37922176 43.191
 259 299.316946 -32.833734     7.700     7.682 13 57218.29486583 44.801
 260 299.318187 -32.832914     8.042     7.938 13 57228.21050859 49.630
 261 299.319981 -32.831743     8.433     8.393 13 57238.12614914 44.550
 262 299.322254 -32.831648     8.784     8.745 13 57248.04178668 44.970
 263 299.323250 -32.831387     8.702     8.654 12 57257.95742158 54.998
 264 299.324077 -32.831977     8.579     8.520 13 57267.87305572 50.926
 265 299.322133 -32.832393     8.082     8.003 12 57277.78870361 52.820
 266 299.320637 -32.833508     7.559     7.460 13 57287.70436021 45.130
 267 299.318968 -32.832006     7.452     7.344 13 57297.62001354 43.471
 268 299.318999 -32.832734     7.121     7.039 12 57307.53566393 44.904
 269 299.317793 -32.834483     7.301     7.276 13 57317.45131074 39.940
 270 299.315366 -32.834346     7.459     7.437 13 57327.36695358 40.132
 271 299.315641 -32.834664     7.593     7.438 13 57337.28259450 38.372
 272 299.316216 -32.834535     7.795     7.811 13 57347.19824218 44.620
 273 299.317575 -32.833641     8.215     8.214 12 57357.11388882 50.915
 274 299.318827 -32.832426     8.459     8.374 13 57367.02953193 49.394
 275 299.320016 -32.833350     8.877     8.850 13 57376.94517247 49.336
 276 299.320273 -32.833149     9.433     9.319 13 57386.86081119 50.194
 277 299.321659 -32.832640     9.870     9.869 13 57396.77644945 44.439
 278 299.324156 -32.831150     9.888     9.794 12 57406.69208655 46.212
 279 299.323239 -32.831585     9.786     9.718 12 57416.60773814 47.067
 280 299.320892 -32.832309     9.732     9.707 12 57426.52338985 41.551
 281 299.317161 -32.833017     9.666     9.688 13 57436.43903842 45.628
 282 299.314863 -32.834941     9.588     9.585 13 57446.35468538 45.543
 283 299.314298 -32.835893     9.366     9.298 13 57456.27033118 46.353
 284 299.315784 -32.834462     9.177     9.165 13 57466.18597421 41.912
 285 299.319591 -32.832238     9.463     9.462 13 57476.10161334 52.457
 286 299.323190 -32.831384     9.555     9.539 13 57486.01724928 46.675
 287 299.325527 -32.831983     9.486     9.527 13 57495.93288293 37.790
 288 299.325499 -32.830756     9.557     9.497 13 57505.84851718 43.573
 289 299.321099 -32.832160     9.333     9.375 13 57515.76417343 40.801
 290 299.319792 -32.832507     9.079     9.026 13 57525.67982737 47.398
 291 299.320428 -32.832708     8.685     8.607 13 57535.59547903 40.777
 292 299.320486 -32.833298     8.588     8.617 13 57545.51112785 46.679
 293 299.319226 -32.833933     8.540     8.489 13 57555.42677433 47.484
 294 299.317182 -32.833360     8.572     8.568 13 57565.34241879 41.765
 295 299.317494 -32.834655     8.700     8.614 13 57575.25806301 48.724
 296 299.317919 -32.833455     8.657     8.653 12 57585.17370590 43.305
 297 299.319788 -32.833626     8.491     8.477 13 57595.08934710 41.012
