-249791.306    94.068     0.00    1.06
-249502.326    94.118     0.17    1.03
-249213.331    94.110    -0.03    0.98
-248924.321    94.132     0.08    0.94
-248635.296    94.247     0.40    0.95
-248346.254    94.501     0.88    1.10
-248057.198    94.808     1.06    1.16
-247768.126    95.059     0.87    1.23
-247479.038    95.118     0.20    1.24
-247189.935    95.208     0.31    1.20
-246900.817    95.332     0.43    1.22
-246611.683    95.412     0.28    1.20
-246322.533    95.421     0.03    1.15
-246033.369    95.410    -0.04    1.10
-245744.188    95.435     0.09    0.99
-245454.992    95.566     0.45    0.98
-245165.781    95.662     0.33    1.11
-244876.554    95.716     0.19    1.13
-244587.312    95.820     0.36    1.13
-244298.054    96.044     0.77    1.12
-244008.781    96.276     0.80    1.16
-243719.492    96.424     0.51    1.13
-243430.188    96.595     0.59    1.12
-243140.868    96.580    -0.05    1.01
-242851.533    96.618     0.13    1.04
-242562.182    96.779     0.56    1.24
-242272.816    96.740    -0.14    1.24
-241983.434    96.858     0.41    1.21
-241694.036    96.830    -0.10    1.24
-241404.623    96.830     0.00    1.15
-241115.195    96.969     0.48    1.17
-240825.751    97.015     0.16    1.20
-240536.291    96.983    -0.11    1.04
-240246.816    96.940    -0.15    1.00
-239957.326    96.926    -0.05    1.11
-239667.820    97.030     0.36    1.01
-239378.298    97.129     0.34    0.95
-239088.761    97.158     0.10    1.04
-238799.208    97.134    -0.09    1.07
-238509.640    97.191     0.20    0.98
-238220.056    97.119    -0.25    0.96
-237930.456    97.073    -0.16    0.95
-237640.841    97.101     0.10    0.96
-237351.211    97.073    -0.10    0.98
-237061.564    97.029    -0.15    1.00
-236771.903    96.853    -0.61    1.00
-236482.225    96.765    -0.30    0.93
-236192.532    96.750    -0.05    0.86
-235902.824    96.581    -0.58    0.86
-235613.100    96.464    -0.40    0.88
-235323.360    96.344    -0.42    1.12
-235033.605    96.368     0.08    1.16
-234743.834    96.343    -0.09    1.28
-234454.047    96.338    -0.02    1.31
-234164.245    96.235    -0.36    1.32
-233874.428    96.250     0.05    1.25
-233584.594    96.199    -0.18    1.28
-233294.745    96.086    -0.39    1.14
-233004.881    96.030    -0.20    1.09
-232715.001    95.870    -0.55    1.06
-232425.105    95.829    -0.14    1.02
-232135.194    95.817    -0.04    1.02
-231845.267    95.868     0.18    1.04
-231555.324    95.740    -0.44    1.05
-231265.366    95.593    -0.50    1.12
-230978.010    95.522    -0.25    1.16
-230691.361    95.551     0.10    1.22
-230404.697    95.706     0.54    1.40
-230118.017    95.665    -0.14    1.39
-229831.323    95.779     0.40    1.51
-229544.613    95.880     0.35    1.34
-229257.887    95.812    -0.24    1.29
-228971.147    95.650    -0.57    1.30
-228684.391    95.566    -0.29    1.38
-228397.620    95.530    -0.13    1.48
-228110.834    95.423    -0.37    1.38
-227824.033    95.402    -0.07    1.39
-227537.216    95.368    -0.12    1.41
-227250.384    95.397     0.10    1.45
-226963.537    95.382    -0.05    1.40
-226676.674    95.227    -0.54    1.33
-226389.797    95.160    -0.23    1.16
-226102.904    94.999    -0.56    1.11
-225815.995    95.030     0.11    1.29
-225529.072    95.090     0.21    1.32
-225242.133    95.029    -0.21    1.33
-224955.179    95.118     0.31    1.43
-224668.210    95.247     0.45    1.53
-224381.225    95.493     0.86    1.55
-224094.225    95.551     0.20    1.55
-223807.210    95.618     0.23    1.67
-223520.179    95.691     0.26    1.49
-223233.133    96.103     1.43    1.55
-222946.072    96.014    -0.31    1.57
-222658.996    96.426     1.44    1.66
-222371.904    96.559     0.46    1.63
-222084.797    96.537    -0.08    1.53
-221797.675    96.740     0.71    1.47
-221510.537    96.887     0.51    1.63
-221223.384    97.250     1.26    1.74
-220936.216    97.529     0.97    1.64
-220649.032    97.805     0.96    1.55
-220361.833    98.160     1.23    1.55
-220074.619    98.412     0.88    1.56
-219787.390    98.638     0.79    1.60
-219500.145    98.917     0.97    1.42
-219212.884    99.073     0.54    1.35
-218925.609    99.074     0.00    1.36
-218638.318    99.294     0.77    1.44
-218351.011    99.500     0.72    1.44
-218063.690    99.596     0.34    1.37
-217776.353    99.481    -0.40    1.16
-217489.000    99.479    -0.01    1.17
-217201.633    99.516     0.13    1.20
-216914.250    99.667     0.53    1.10
-216626.851    99.787     0.41    1.06
-216339.437    99.823     0.13    1.12
-216052.008   100.014     0.66    1.17
-215764.564   100.130     0.40    1.11
-215477.104   100.130     0.00    1.19
-215189.628    99.587    -1.89    1.84
-214902.138    99.087    -1.74    2.15
-214614.632    98.730    -1.24    2.29
-214327.110    98.382    -1.21    2.42
-214039.573    98.241    -0.49    2.63
-213752.021    98.275     0.12    2.64
-213464.453    98.406     0.46    2.58
-213176.870    98.421     0.05    2.49
-212889.272    97.776    -2.24    2.94
-212601.658    96.885    -3.10    3.20
-212314.029    95.856    -3.58    2.91
-212026.384    94.926    -3.23    2.60
-211738.724    94.471    -1.58    2.45
-211451.048    94.529     0.20    2.82
-211163.357    94.930     1.39    2.99
-210875.651    95.030     0.35    2.86
-210587.929    94.973    -0.20    2.79
-210300.192    94.508    -1.62    2.70
-210012.439    93.916    -2.06    2.73
-209724.671    92.706    -4.20    2.79
-209436.887    91.880    -2.87    2.69
-209149.088    90.912    -3.36    2.46
-208861.274    89.673    -4.30    2.25
-208573.444    88.783    -3.09    2.22
-208285.599    87.931    -2.96    2.29
-207997.738    86.740    -4.14    2.23
-207709.861    85.691    -3.64    2.39
-207421.970    84.483    -4.19    2.38
-207134.062    83.641    -2.93    2.34
-206846.140    82.456    -4.12    2.36
-206558.202    81.030    -4.95    2.56
-206270.248    79.974    -3.67    2.52
-205982.279    78.957    -3.53    2.50
-205694.294    77.914    -3.62    2.22
-205406.294    76.794    -3.89    2.06
-205118.279    76.014    -2.71    1.92
-204830.248    75.507    -1.76    1.99
-204542.201    74.626    -3.06    1.79
-204254.139    73.887    -2.57    1.81
-203966.061    73.058    -2.88    1.67
-203677.968    72.658    -1.39    1.60
-203389.860    72.258    -1.39    1.54
-203101.736    71.853    -1.41    1.49
-202813.596    71.676    -0.61    1.27
-202525.441    71.676     0.00    1.24
-202237.270    71.544    -0.46    1.15
-201949.084    71.373    -0.59    1.25
-201660.883    71.183    -0.66    1.15
-201372.665    70.783    -1.39    1.11
-201084.433    70.897     0.39    1.96
-200796.184    70.641    -0.89    1.95
-200507.921    70.537    -0.36    1.93
-200219.641    70.500    -0.13    1.92
-199931.346    70.450    -0.17    1.94
-199643.036    70.218    -0.80    1.04
-199354.710    70.157    -0.21    1.10
-199066.368    70.130    -0.09    1.11
-198778.011    70.073    -0.20    1.13
-198489.639    70.105     0.11    1.16
-198201.251    70.090    -0.05    1.18
-197912.847    70.191     0.35    1.12
-197624.427    70.319     0.44    1.12
-197335.993    70.382     0.22    1.04
-197047.542    70.392     0.03    1.00
-196759.076    70.444     0.18    0.92
-196470.594    70.500     0.19    0.89
-196182.097    70.662     0.56    0.96
-195893.584    70.765     0.36    0.99
-195605.056    70.816     0.18    0.98
-195316.512    70.943     0.44    1.02
-195027.952    71.115     0.60    1.09
-194739.377    71.258     0.50    1.25
-194450.786    71.334     0.26    1.27
-194162.180    71.206    -0.44    1.24
-193873.558    71.305     0.34    1.32
-193584.920    71.353     0.17    1.30
-193296.267    71.157    -0.68    1.39
-193007.598    71.030    -0.44    1.37
-192718.914    70.819    -0.73    1.48
-192430.214    70.630    -0.65    1.58
-192141.498    70.485    -0.50    1.59
-191852.767    70.074    -1.42    1.70
-191564.020    69.880    -0.67    1.78
-191275.257    69.473    -1.41    1.96
-190986.479    69.044    -1.48    2.06
-190697.685    68.444    -2.08    2.14
-190408.875    67.901    -1.88    2.18
-190120.050    67.387    -1.78    2.21
-189831.209    66.794    -2.05    2.11
-189542.353    66.074    -2.49    2.07
-189253.481    65.823    -0.87    2.14
-188964.593    65.189    -2.20    2.06
-188675.689    64.609    -2.01    1.87
-188386.770    64.100    -1.76    1.93
-188097.835    63.616    -1.68    1.94
-187808.885    63.223    -1.36    1.91
-187519.919    62.926    -1.03    1.71
-187230.937    62.596    -1.14    1.61
-186941.939    62.426    -0.59    1.51
-186652.926    62.158    -0.93    1.03
-186363.897    62.189     0.11    0.93
-186074.852    62.088    -0.35    0.95
-185785.792    62.029    -0.20    1.04
-185496.716    61.880    -0.52    1.10
-185207.624    61.809    -0.25    1.05
-184918.517    61.721    -0.31    1.04
-184629.394    61.735     0.05    1.24
-184340.255    61.725    -0.03    1.10
-184051.100    61.653    -0.25    1.13
-183761.930    61.456    -0.68    1.22
-183472.744    61.265    -0.66    1.02
-183183.542    61.221    -0.15    1.04
-182894.325    60.984    -0.82    1.00
-182605.092    60.853    -0.45    0.92
-182315.843    60.734    -0.41    0.90
-182026.578    60.508    -0.78    0.98
-181737.298    60.284    -0.78    1.06
-181448.002    60.176    -0.37    1.06
-181158.690    60.015    -0.56    1.03
-180869.362    60.000    -0.05    1.14
-180580.019    60.334     1.15    2.30
-180290.660    60.438     0.36    2.24
-180001.285    60.447     0.03    2.21
-179711.894    60.508     0.21    2.17
-179422.488    60.450    -0.20    2.18
-179133.065    60.362    -0.30    2.26
-178843.627    60.044    -1.10    1.77
-178554.174    59.779    -0.91    0.99
-178264.704    59.412    -1.27    1.17
-177975.219    59.316    -0.33    1.09
-177685.718    59.129    -0.65    1.16
-177396.201    58.973    -0.54    1.20
-177106.668    58.823    -0.52    1.10
-176817.120    58.641    -0.63    1.06
-176527.555    58.387    -0.88    1.08
-176237.975    58.175    -0.73    1.12
-175948.380    57.812    -1.25    1.27
-175658.768    57.294    -1.79    1.30
-175369.140    56.730    -1.95    1.48
-175079.497    56.029    -2.42    1.53
-174789.838    55.221    -2.79    1.61
-174500.163    54.500    -2.49    1.61
-174210.472    53.953    -1.89    1.39
-173920.766    53.673    -0.97    1.54
-173631.043    53.387    -0.99    1.51
-173341.305    53.241    -0.50    1.44
-173051.551    53.101    -0.48    1.51
-172761.781    53.238     0.47    1.47
-172471.995    53.044    -0.67    1.20
-172182.194    52.930    -0.39    1.21
-171892.376    53.030     0.34    1.25
-171602.543    53.016    -0.05    1.27
-171312.694    53.102     0.30    1.17
-171022.829    53.015    -0.30    1.11
-170732.948    52.868    -0.51    1.04
-170443.051    52.823    -0.15    1.02
-170153.139    52.559    -0.91    0.80
-169863.210    52.529    -0.10    0.86
-169573.266    52.276    -0.87    1.05
-169283.306    52.116    -0.55    1.01
-168994.421    51.805    -1.08    1.44
-168707.816    51.218    -2.05    1.72
-168421.194    50.758    -1.60    1.77
-168134.558    50.235    -1.82    1.66
-167847.906    49.611    -2.18    1.50
-167561.238    49.132    -1.67    1.54
-167274.555    48.624    -1.77    1.42
-166987.857    48.088    -1.87    1.52
-166701.143    47.673    -1.45    1.46
-166414.413    47.230    -1.54    1.41
-166127.668    46.969    -0.91    1.25
-165840.908    46.559    -1.43    1.20
-165554.132    46.226    -1.16    1.18
-165267.341    46.059    -0.58    1.16
-164980.534    45.853    -0.72    1.24
-164693.712    45.711    -0.50    1.13
-164406.874    45.467    -0.85    1.18
-164120.021    45.316    -0.53    1.14
-163833.152    45.149    -0.58    1.09
-163546.268    45.073    -0.26    1.08
-163259.368    45.014    -0.21    1.04
-162972.453    44.838    -0.61    1.04
-162685.522    44.787    -0.18    1.07
-162398.576    44.701    -0.30    1.17
-162111.614    44.669    -0.11    1.28
-161824.637    44.424    -0.85    1.49
-161537.644    44.102    -1.12    1.55
-161250.635    43.603    -1.74    1.64
-160963.611    43.316    -1.00    1.86
-160676.572    42.897    -1.46    1.93
-160389.517    41.944    -3.32    2.10
-160102.447    41.015    -3.24    2.08
-159815.360    40.086    -3.24    2.00
-159528.259    39.501    -2.04    1.82
-159241.142    38.885    -2.15    1.61
-158954.009    38.338    -1.90    1.39
-158666.861    38.001    -1.17    1.40
-158379.697    37.588    -1.44    1.39
-158092.518    37.458    -0.45    1.50
-157805.323    37.508     0.17    1.78
-157518.112    37.794     1.00    2.53
-157230.886    38.073     0.97    2.86
-156943.645    38.492     1.46    3.08
-156656.387    38.426    -0.23    3.30
-156369.115    38.471     0.15    3.39
-156081.826    37.794    -2.35    3.40
-155794.522    36.573    -4.25    3.03
-155507.203    35.812    -2.65    2.72
-155219.868    34.819    -3.46    2.33
-154932.517    34.001    -2.85    1.65
-154645.151    33.551    -1.56    1.21
-154357.769    33.268    -0.99    1.03
-154070.371    33.313     0.16    1.07
-153782.958    33.485     0.60    1.44
-153495.529    34.348     3.00    2.42
-153208.085    35.058     2.47    2.82
-152920.625    36.410     4.70    3.55
-152633.150    37.644     4.29    4.03
-152345.658    39.230     5.51    4.20
-152058.152    40.393     4.04    3.72
-151770.629    41.559     4.06    3.16
-151483.091    41.897     1.17    2.70
-151195.537    42.501     2.10    2.39
-150907.968    42.565     0.22    2.24
-150620.383    42.444    -0.42    2.17
-150332.782    42.216    -0.79    2.18
-150045.166    41.587    -2.19    2.34
-149757.534    40.865    -2.51    2.50
-149469.887    40.471    -1.37    2.54
-149182.224    39.735    -2.56    2.44
-148894.545    39.873     0.48    2.32
-148606.850    39.692    -0.63    2.32
-148319.140    39.783     0.32    2.52
-148031.414    39.593    -0.66    2.57
-147743.672    38.986    -2.11    2.62
-147455.915    38.928    -0.20    2.92
-147168.142    38.897    -0.11    2.89
-146880.354    38.590    -1.07    3.05
-146592.550    38.638     0.17    3.03
-146304.730    38.419    -0.76    3.04
-146016.894    38.189    -0.80    3.29
-145729.043    37.706    -1.68    3.41
-145441.176    36.676    -3.58    3.50
-145153.293    35.530    -3.98    3.59
-144865.394    34.132    -4.85    3.55
-144577.480    32.450    -5.84    3.26
-144289.551    31.201    -4.34    2.96
-144001.605    30.155    -3.63    2.46
-143713.644    29.244    -3.16    2.32
-143425.667    28.601    -2.23    2.20
-143137.674    28.162    -1.53    1.87
-142849.666    28.276     0.40    2.01
-142561.641    28.573     1.03    2.17
-142273.602    29.044     1.63    2.11
-141985.546    29.368     1.12    2.20
-141697.475    30.058     2.39    2.41
-141409.388    30.558     1.74    2.31
-141121.285    31.058     1.74    2.58
-140833.166    31.665     2.11    2.73
-140545.032    32.441     2.69    3.41
-140256.882    33.309     3.01    4.11
-139968.716    34.870     5.42    4.95
-139680.534    36.650     6.17    5.58
-139392.337    38.516     6.48    6.01
-139104.124    40.261     6.05    6.08
-138815.895    42.435     7.54    6.06
-138527.650    44.088     5.73    6.07
-138239.390    45.882     6.22    6.18
-137951.114    46.897     3.52    6.17
-137662.822    48.146     4.33    6.48
-137374.514    48.858     2.47    6.36
-137086.190    48.791    -0.24    6.53
-136797.851    48.416    -1.30    6.56
-136509.496    48.059    -1.24    5.96
-136221.125    47.000    -3.67    5.16
-135932.738    46.711    -1.00    4.55
-135644.336    45.632    -3.74    4.30
-135355.917    44.873    -2.63    4.30
-135067.483    44.073    -2.77    3.93
-134779.033    43.340    -2.54    3.49
-134490.567    42.986    -1.23    3.01
-134202.086    42.882    -0.36    2.70
-133913.588    42.805    -0.27    2.72
-133625.075    43.313     1.76    2.85
-133336.546    42.957    -1.23    3.16
-133048.001    42.844    -0.39    3.65
-132759.440    42.410    -1.50    3.81
-132470.864    41.916    -1.71    3.72
-132182.271    41.658    -0.89    3.64
-131893.663    41.265    -1.36    3.21
-131605.039    40.794    -1.63    2.92
-131316.399    40.522    -0.94    2.45
-131027.743    40.030    -1.70    2.25
-130739.071    39.673    -1.24    2.26
-130450.384    39.225    -1.55    1.98
-130161.680    38.762    -1.60    1.73
-129872.961    38.387    -1.30    1.85
-129584.226    37.956    -1.49    1.73
-129295.475    37.397    -1.94    1.72
-129006.708    37.132    -0.92    1.75
-128717.925    36.516    -2.14    1.82
-128429.127    35.801    -2.47    1.88
-128140.312    35.100    -2.43    1.72
-127851.482    34.706    -1.36    1.59
-127562.635    34.232    -1.64    1.54
-127273.773    33.794    -1.52    1.51
-126984.895    33.473    -1.11    1.75
-126696.001    33.147    -1.13    1.72
-126407.091    32.706    -1.53    2.06
-126118.165    32.363    -1.19    2.19
-125829.224    31.919    -1.54    2.33
-125540.266    31.201    -2.48    2.42
-125251.293    31.029    -0.60    2.45
-124962.303    30.426    -2.09    2.38
-124673.298    29.973    -1.57    2.26
-124384.276    29.856    -0.40    2.14
-124095.239    29.387    -1.62    2.15
-123806.186    29.387     0.00    2.06
-123517.117    29.059    -1.14    2.05
-123228.032    28.956    -0.36    2.18
-122938.931    28.865    -0.31    2.26
-122649.814    28.265    -2.08    2.25
-122360.681    28.030    -0.81    2.17
-122071.532    27.601    -1.48    2.05
-121782.367    27.102    -1.73    1.71
-121493.186    26.957    -0.50    1.70
-121203.990    26.573    -1.33    1.87
-120914.777    26.492    -0.28    1.96
-120625.548    26.603     0.38    2.07
-120336.304    26.029    -1.98    2.03
-120047.043    26.059     0.10    1.89
-119757.766    25.861    -0.68    1.87
-119468.474    25.844    -0.06    2.08
-119179.165    26.058     0.74    2.41
-118889.841    26.798     2.56    3.38
-118600.500    26.882     0.29    3.34
-118311.144    27.221     1.17    3.75
-118021.771    26.765    -1.58    2.99
-117732.383    26.544    -0.76    2.74
-117442.978    26.304    -0.83    2.63
-117153.558    26.218    -0.30    2.73
-116864.121    25.776    -1.53    1.41
-116574.668    25.721    -0.19    1.47
-116285.200    25.473    -0.86    1.42
-115995.715    25.441    -0.11    1.39
-115706.215    25.258    -0.63    1.26
-115416.698    25.241    -0.06    1.28
-115127.165    24.989    -0.87    1.19
-114837.617    24.987    -0.01    1.26
-114548.052    24.858    -0.44    1.25
-114258.471    24.838    -0.07    1.23
-113968.874    24.858     0.07    1.21
-113679.261    24.779    -0.27    1.23
-113389.632    24.844     0.22    1.35
-113099.987    24.798    -0.16    1.35
-112810.326    24.683    -0.40    1.36
-112520.649    24.664    -0.07    1.37
-112230.956    24.537    -0.44    1.31
-111941.247    24.250    -0.99    1.52
-111651.522    24.058    -0.66    1.43
-111361.780    23.928    -0.45    1.44
-111072.023    23.889    -0.13    1.44
-110782.249    23.744    -0.50    1.41
-110492.460    23.522    -0.77    1.43
-110202.654    23.529     0.02    1.40
-109912.832    23.515    -0.05    1.30
-109622.994    23.441    -0.25    1.38
-109333.140    23.130    -1.07    1.34
-109043.270    22.816    -1.08    1.42
-108753.384    22.730    -0.30    1.35
-108463.482    22.387    -1.18    1.49
-108173.564    22.059    -1.13    1.37
-107883.629    21.775    -0.98    1.26
-107593.679    21.485    -1.00    1.21
-107303.712    21.456    -0.10    1.22
-107013.729    21.348    -0.37    1.20
-106726.674    21.358     0.03    1.19
-106440.102    21.530     0.60    1.18
-106153.514    21.516    -0.05    1.21
-105866.911    21.754     0.83    1.23
-105580.292    21.835     0.28    1.17
-105293.657    21.809    -0.09    1.28
-105007.006    21.897     0.31    1.26
-104720.340    21.956     0.21    1.25
-104433.658    22.116     0.56    1.35
-104146.961    22.387     0.95    1.39
-103860.248    22.479     0.32    1.43
-103573.519    22.735     0.89    1.38
-103286.774    22.779     0.15    1.38
-103000.014    22.897     0.41    1.26
-102713.238    23.088     0.67    1.27
-102426.446    23.218     0.45    1.37
-102139.638    23.319     0.35    1.40
-101852.815    23.348     0.10    1.34
-101565.976    23.319    -0.10    1.33
-101279.121    23.421     0.35    1.35
-100992.251    23.232    -0.66    1.33
-100705.365    23.132    -0.35    1.38
-100418.463    23.162     0.10    1.38
-100131.545    23.147    -0.05    1.32
 -99844.612    23.204     0.20    1.42
 -99557.663    23.401     0.69    1.34
 -99270.698    23.501     0.35    1.32
 -98983.717    23.358    -0.50    1.40
 -98696.721    23.377     0.07    1.44
 -98409.708    23.559     0.63    1.49
 -98122.681    23.573     0.05    1.52
 -97835.637    23.823     0.87    1.44
 -97548.577    23.972     0.52    1.47
 -97261.502    24.143     0.60    1.43
 -96974.411    24.244     0.35    1.34
 -96687.304    24.169    -0.26    1.36
 -96400.182    24.204     0.12    1.29
 -96113.043    24.206     0.01    1.42
 -95825.889    24.103    -0.36    1.39
 -95538.719    24.276     0.60    1.53
 -95251.533    24.358     0.29    1.77
 -94964.332    24.453     0.33    2.02
 -94677.115    24.682     0.80    2.09
 -94389.881    24.688     0.02    2.10
 -94102.632    24.987     1.04    1.93
 -93815.368    25.088     0.35    1.86
 -93528.087    24.956    -0.46    1.75
 -93240.791    24.958     0.01    1.59
 -92953.478    24.956    -0.01    1.48
 -92666.150    24.861    -0.33    1.89
 -92378.806    24.972     0.38    1.96
 -92091.447    25.003     0.11    2.00
 -91804.071    25.044     0.14    1.93
 -91516.680    25.044     0.00    2.33
 -91229.273    24.809    -0.82    2.19
 -90941.849    25.058     0.87    2.88
 -90654.411    25.323     0.92    2.96
 -90366.956    25.607     0.99    2.81
 -90079.485    25.769     0.56    2.78
 -89791.999    25.441    -1.14    1.80
 -89504.496    25.416    -0.09    1.66
 -89216.978    25.544     0.45    1.58
 -88929.444    25.618     0.26    1.56
 -88641.894    25.716     0.34    1.51
 -88354.328    25.853     0.48    1.47
 -88066.747    25.830    -0.08    1.40
 -87779.149    26.175     1.20    1.42
 -87491.536    26.373     0.69    1.54
 -87203.906    26.444     0.25    1.49
 -86916.261    26.377    -0.23    1.56
 -86628.600    26.485     0.37    1.80
 -86340.923    26.258    -0.79    1.82
 -86053.230    26.191    -0.23    1.86
 -85765.521    25.930    -0.91    2.09
 -85477.797    25.758    -0.60    2.01
 -85190.056    25.661    -0.34    1.94
 -84902.300    25.481    -0.62    1.79
 -84614.527    25.508     0.09    1.57
 -84326.739    25.632     0.43    1.64
 -84038.934    25.758     0.44    1.65
 -83751.114    25.926     0.58    1.60
 -83463.278    26.073     0.51    1.87
 -83175.426    26.016    -0.20    1.88
 -82887.558    26.003    -0.04    1.79
 -82599.674    26.058     0.19    1.77
 -82311.774    25.899    -0.55    1.52
 -82023.859    25.956     0.20    1.44
 -81735.927    25.744    -0.74    1.56
 -81447.979    25.353    -1.36    1.82
 -81160.016    24.301    -3.65    2.80
 -80872.036    23.116    -4.12    3.56
 -80584.040    21.428    -5.86    4.18
 -80296.029    19.501    -6.69    4.27
 -80008.001    17.798    -5.91    3.77
 -79719.958    16.309    -5.17    2.91
 -79431.899    15.358    -3.30    1.99
 -79143.823    14.823    -1.86    1.55
 -78855.732    14.844     0.07    1.86
 -78567.625    15.330     1.69    2.22
 -78279.501    15.787     1.59    2.45
 -77991.362    16.830     3.62    2.46
 -77703.207    17.856     3.56    2.68
 -77415.035    19.323     5.09    2.74
 -77126.848    20.444     3.89    2.39
 -76838.645    21.118     2.34    2.13
 -76550.425    22.044     3.21    1.86
 -76262.190    22.776     2.54    1.50
 -75973.939    23.208     1.50    1.37
 -75685.671    23.565     1.24    1.17
 -75397.388    23.740     0.61    0.94
 -75109.089    23.823     0.29    1.05
 -74820.773    23.858     0.12    1.08
 -74532.442    23.662    -0.68    1.29
 -74244.095    23.430    -0.80    1.40
 -73955.731    23.269    -0.56    1.55
 -73667.352    23.003    -0.92    1.65
 -73378.956    22.636    -1.27    1.78
 -73090.544    22.566    -0.24    1.75
 -72802.117    22.309    -0.89    1.83
 -72513.673    21.830    -1.66    1.88
 -72225.213    21.204    -2.17    1.75
 -71936.738    20.930    -0.95    1.75
 -71648.246    20.537    -1.36    1.65
 -71359.738    20.058    -1.66    1.72
 -71071.214    19.487    -1.98    1.51
 -70782.674    19.250    -0.82    1.61
 -70494.118    19.132    -0.41    1.82
 -70205.546    19.305     0.60    1.98
 -69916.957    19.595     1.00    1.99
 -69628.353    20.144     1.90    1.94
 -69339.733    20.530     1.34    1.86
 -69051.096    20.877     1.20    1.91
 -68762.444    21.116     0.82    1.83
 -68473.775    21.338     0.77    1.80
 -68185.090    21.323    -0.05    1.94
 -67896.389    21.477     0.53    1.78
 -67607.672    21.516     0.13    1.76
 -67318.939    21.616     0.35    1.72
 -67030.190    21.477    -0.48    1.73
 -66741.425    21.158    -1.10    2.05
 -66452.643    21.030    -0.45    2.02
 -66163.846    20.820    -0.73    2.17
 -65875.032    20.265    -1.92    2.26
 -65586.202    19.566    -2.42    2.32
 -65297.356    19.158    -1.41    2.23
 -65008.494    18.901    -0.89    2.14
 -64719.616    18.537    -1.26    2.08
 -64430.722    18.616     0.27    2.26
 -64141.811    18.421    -0.67    2.52
 -63852.885    18.305    -0.40    2.61
 -63563.942    18.412     0.37    2.43
 -63274.983    18.426     0.05    2.39
 -62986.008    18.734     1.07    2.30
 -62697.017    19.086     1.22    2.71
 -62408.009    19.692     2.10    2.77
 -62118.986    20.030     1.17    2.75
 -61829.946    21.206     4.07    4.83
 -61540.890    21.987     2.70    5.48
 -61251.818    22.132     0.50    5.54
 -60962.730    23.044     3.15    6.30
 -60673.626    23.974     3.22    7.57
 -60384.505    25.030     3.65    8.11
 -60095.368    25.776     2.58    8.46
 -59806.215    26.558     2.70    8.12
 -59517.046    27.618     3.66    7.70
 -59227.861    28.130     1.77    7.33
 -58938.659    29.029     3.11    6.60
 -58649.441    28.844    -0.64    5.09
 -58360.207    27.730    -3.85    4.24
 -58070.957    26.922    -2.79    4.07
 -57781.691    26.358    -1.95    4.23
 -57492.408    25.204    -3.99    3.42
 -57203.109    24.971    -0.81    3.38
 -56913.794    24.916    -0.19    3.44
 -56624.463    24.941     0.09    3.05
 -56335.115    25.230     1.00    2.88
 -56045.752    25.255     0.09    2.62
 -55756.372    24.907    -1.20    1.97
 -55466.975    25.396     1.69    2.30
 -55177.563    25.353    -0.15    2.42
 -54888.134    25.309    -0.15    2.59
 -54598.689    25.001    -1.06    2.26
 -54309.228    24.551    -1.55    2.01
 -54019.750    24.216    -1.16    1.62
 -53730.257    24.130    -0.30    1.55
 -53440.747    24.227     0.34    1.58
 -53151.220    24.387     0.55    1.54
 -52861.678    24.368    -0.07    1.58
 -52572.119    24.691     1.12    1.36
 -52282.544    24.573    -0.41    1.41
 -51992.953    24.573    -0.00    1.40
 -51703.345    24.453    -0.41    1.62
 -51413.721    24.416    -0.13    1.58
 -51124.081    24.530     0.39    1.28
 -50834.424    24.624     0.32    1.24
 -50544.751    24.456    -0.58    1.15
 -50255.062    24.515     0.20    1.11
 -49965.357    24.682     0.58    1.07
 -49675.635    24.748     0.23    0.99
 -49385.897    24.919     0.59    0.98
 -49096.143    24.973     0.18    0.95
 -48806.372    24.988     0.05    0.88
 -48516.585    25.132     0.50    0.91
 -48226.782    25.273     0.48    0.97
 -47936.962    25.265    -0.03    0.97
 -47647.126    25.244    -0.07    1.06
 -47357.274    25.244     0.00    1.15
 -47067.405    25.167    -0.26    1.26
 -46777.520    25.115    -0.18    1.35
 -46487.619    25.201     0.30    1.50
 -46197.701    25.132    -0.24    1.56
 -45907.767    25.187     0.19    1.52
 -45617.817    25.334     0.51    1.66
 -45327.850    25.354     0.07    1.70
 -45037.867    25.644     1.00    1.77
 -44749.185    25.627    -0.06    1.73
 -44462.650    25.344    -0.99    1.66
 -44176.099    25.412     0.24    1.70
 -43889.533    25.323    -0.31    1.63
 -43602.951    25.373     0.17    1.67
 -43316.352    25.353    -0.07    1.75
 -43029.738    25.501     0.52    1.77
 -42743.108    25.523     0.08    1.77
 -42456.462    25.345    -0.62    1.78
 -42169.800    25.072    -0.95    1.68
 -41883.122    24.943    -0.45    1.64
 -41596.428    24.735    -0.72    1.35
 -41309.718    24.587    -0.52    1.27
 -41022.993    24.261    -1.14    1.54
 -40736.251    23.593    -2.33    1.98
 -40449.493    22.762    -2.90    2.55
 -40162.720    21.516    -4.35    3.25
 -39875.930    20.401    -3.89    3.23
 -39589.125    19.875    -1.83    2.93
 -39302.304    19.059    -2.85    2.26
 -39015.466    18.897    -0.56    2.30
 -38728.613    19.102     0.71    2.52
 -38441.744    19.676     2.00    3.02
 -38154.858    21.199     5.31    2.58
 -37867.957    21.974     2.70    2.50
 -37581.040    22.861     3.09    2.30
 -37294.107    23.636     2.70    2.12
 -37007.158    24.344     2.47    1.68
 -36720.192    25.059     2.49    2.08
 -36433.211    25.581     1.82    2.15
 -36146.214    24.441    -3.97    5.95
 -35859.201    22.889    -5.41    8.76
 -35572.172    21.830    -3.69   10.15
 -35285.127    19.975    -6.46   11.60
 -34998.066    18.424    -5.40   12.24
 -34710.989    16.453    -6.87   12.75
 -34423.895    14.276    -7.58   12.93
 -34136.786    13.838    -1.52   12.82
 -33849.661    12.485    -4.71   12.43
 -33562.520    11.204    -4.46   11.95
 -33275.363    11.269     0.23   11.90
 -32988.189    10.770    -1.74   11.83
 -32701.000     9.805    -3.36   11.71
 -32413.795     9.016    -2.75   11.62
 -32126.574     8.653    -1.26   11.59
 -31839.336     8.330    -1.12   11.73
 -31552.083     7.779    -1.92   11.47
 -31264.813     6.544    -4.30   10.73
 -30977.528     6.467    -0.27   10.55
 -30690.226     6.537     0.25   10.93
 -30402.909     5.844    -2.41   10.75
 -30115.575     5.917     0.25   10.85
 -29828.225     5.487    -1.50   11.13
 -29540.859     5.473    -0.05   11.44
 -29253.477     4.662    -2.82   10.91
 -28966.079     2.856    -6.28    9.05
 -28678.665     2.430    -1.48    8.25
 -28391.235     1.655    -2.69    7.17
 -28103.789     1.130    -1.83    6.58
 -27816.327     1.748     2.15    7.65
 -27528.849     1.230    -1.80    6.71
 -27241.354     0.853    -1.31    5.41
 -26953.844     1.676     2.86    6.72
 -26666.317     1.103    -1.99    3.53
 -26378.774     1.812     2.47    3.71
 -26091.215     2.636     2.86    3.83
 -25803.640     3.430     2.76    3.93
 -25516.049     3.720     1.01    3.76
 -25228.442     3.783     0.22    3.32
 -24940.819     4.000     0.75    3.13
 -24653.179     4.117     0.41    2.99
 -24365.524     4.412     1.03    2.70
 -24077.852     4.522     0.38    2.42
 -23790.164     4.748     0.79    2.01
 -23502.460     4.453    -1.03    1.81
 -23214.740     3.734    -2.50    2.33
 -22927.004     3.002    -2.55    2.67
 -22639.252     2.279    -2.51    2.96
 -22351.483     1.250    -3.58    2.61
 -22063.699     0.971    -0.97    2.85
 -21775.898     1.001     0.10    3.29
 -21488.081     1.410     1.42    3.65
 -21200.248     2.400     3.44    3.95
 -20912.398     3.185     2.73    3.94
 -20624.533     4.116     3.23    3.75
 -20336.651     5.059     3.28    3.13
 -20048.754     5.330     0.94    2.81
 -19760.840     5.573     0.85    2.40
 -19472.910     5.412    -0.56    2.42
 -19184.963     5.115    -1.03    2.50
 -18897.001     4.882    -0.81    2.67
 -18609.022     4.673    -0.73    2.51
 -18321.027     4.636    -0.13    2.38
 -18033.016     4.290    -1.20    2.12
 -17744.989     4.287    -0.01    2.11
 -17456.945     4.456     0.59    2.01
 -17168.886     4.117    -1.18    2.52
 -16880.810     3.730    -1.34    2.86
 -16592.718     3.606    -0.43    2.79
 -16304.609     3.487    -0.41    2.99
 -16016.485     3.269    -0.75    2.78
 -15728.344     3.258    -0.04    2.76
 -15440.187     3.912     2.27    2.80
 -15152.014     4.309     1.38    2.37
 -14863.824     4.368     0.20    2.09
 -14575.619     4.213    -0.54    2.24
 -14287.397     4.044    -0.59    2.25
 -13999.159     3.861    -0.64    2.31
 -13710.904     3.650    -0.73    2.33
 -13422.633     3.201    -1.56    2.52
 -13134.347     2.794    -1.41    2.70
 -12846.043     2.191    -2.09    2.81
 -12557.724     1.676    -1.79    2.79
 -12269.388     1.241    -1.51    2.94
 -11981.036     0.987    -0.88    3.11
 -11692.668     1.447     1.59    4.44
 -11404.284     1.622     0.61    4.72
 -11115.883     1.945     1.12    6.13
 -10827.466     1.941    -0.02    7.39
 -10539.033     2.530     2.04    8.65
 -10250.583     2.235    -1.02    8.83
  -9962.117     1.644    -2.05    7.97
  -9673.635     1.673     0.10    8.00
  -9385.137     0.868    -2.79    5.62
  -9096.622     0.622    -0.86    4.94
  -8808.091     0.725     0.36    4.47
  -8519.543     0.941     0.75    4.40
  -8230.980     1.144     0.70    4.21
  -7942.400     0.897    -0.86    3.27
  -7653.803     1.316     1.45    3.55
  -7365.191     1.171    -0.50    3.35
  -7076.562     0.811    -1.25    3.15
  -6787.917     0.692    -0.41    3.06
  -6499.255     0.972     0.97    3.40
  -6210.577     1.368     1.37    3.41
  -5921.883     1.667     1.04    3.31
  -5633.172     1.899     0.80    3.17
  -5344.445     2.410     1.77    3.09
  -5055.702     2.627     0.75    2.78
  -4766.943     2.875     0.86    2.63
  -4478.167     2.791    -0.29    2.39
  -4189.374     2.830     0.14    2.18
  -3900.566     2.706    -0.43    2.06
  -3611.741     2.711     0.02    1.98
  -3322.899     2.573    -0.48    1.98
  -3034.042     2.544    -0.10    1.80
  -2745.167     2.424    -0.41    2.10
  -2456.277     2.501     0.27    2.38
  -2167.370     2.354    -0.51    2.56
  -1878.447     2.382     0.10    2.71
  -1589.507     2.118    -0.92    2.84
  -1300.551     1.985    -0.46    2.87
  -1011.579     1.630    -1.23    2.91
   -722.590     1.173    -1.58    2.81
   -433.585     0.787    -1.33    2.55
   -144.563     0.473    -1.09    2.45
    144.475     0.029    -1.53    1.88
    433.529    -0.289    -1.10    1.69
    722.600    -0.632    -1.19    1.24
   1011.687    -0.735    -0.36    1.10
   1300.791    -0.827    -0.32    0.96
   1589.911    -0.956    -0.44    0.00
   1879.047    -0.956     0.00    0.00
   2168.200    -0.956     0.00    0.00
   2457.370    -0.956     0.00    0.00
   2746.555    -0.956     0.00    0.00
   3035.758    -0.956     0.00    0.00
   3324.976    -0.956     0.00    0.00
   3614.211    -0.505     1.56    1.68
   3903.463    -0.252     0.88    2.10
   4192.731     0.530     2.70    3.93
   4482.015     0.974     1.53    4.53
   4771.316     1.988     3.51    6.18
   5060.634     2.279     1.01    6.16
   5349.967     3.326     3.62    7.57
   5639.318     3.662     1.16    7.96
   5928.684     4.487     2.85    8.64
   6218.068     5.903     4.89    9.69
   6507.467     7.098     4.13   10.73
   6796.884     7.227     0.45   10.46
   7086.316     8.363     3.92   10.48
   7375.765     8.603     0.83    9.94
   7665.231     9.157     1.91    9.57
   7954.713     9.305     0.51    9.35
   8244.212     9.298    -0.03    8.65
   8533.727     9.808     1.76    8.75
   8823.258    10.396     2.03    9.02
   9112.807    11.844     5.00    9.27
   9402.371    13.088     4.29    9.76
   9691.952    14.323     4.27    9.76
   9981.550    15.088     2.64    9.92
  10271.164    16.725     5.65    9.07
  10560.795    17.001     0.95    8.60
  10850.442    16.115    -3.06    8.25
  11140.106    15.587    -1.82    7.50
  11429.786    14.917    -2.31    6.14
  11719.483    13.773    -3.95    5.31
  12009.197    13.515    -0.89    3.91
  12298.926    13.537     0.08    3.23
  12588.673    14.572     3.57    2.90
  12878.436    15.688     3.85    3.28
  13168.215    16.830     3.94    3.02
  13458.012    18.114     4.43    3.17
  13747.824    19.287     4.05    3.07
  14037.654    20.187     3.11    2.80
  14327.499    20.957     2.66    2.78
  14617.362    21.191     0.81    2.53
  14907.241    21.627     1.51    2.17
  15197.136    21.734     0.37    1.90
  15487.048    21.762     0.10    1.81
  15776.977    21.945     0.63    1.71
  16066.922    22.088     0.49    1.64
  16356.884    22.368     0.96    1.72
  16646.863    22.754     1.33    1.78
  16936.858    23.273     1.79    1.74
  17226.869    23.889     2.13    1.60
  17513.704    24.173     0.99    1.53
  17800.206    24.619     1.56    1.29
  18086.724    25.002     1.34    1.38
  18373.258    25.232     0.80    1.37
  18659.809    25.559     1.14    1.23
  18946.375    25.644     0.30    1.30
  19232.958    25.711     0.23    1.35
  19519.557    25.801     0.32    1.32
  19806.172    25.819     0.06    1.19
  20092.803    25.839     0.07    1.24
  20379.450    25.776    -0.22    1.16
  20666.113    25.692    -0.29    1.03
  20952.793    25.691    -0.00    1.03
  21239.489    25.779     0.31    1.03
  21526.200    25.754    -0.09    1.04
  21812.928    25.716    -0.14    1.05
  22099.673    25.558    -0.55    1.05
  22386.433    25.481    -0.27    1.12
  22673.210    25.255    -0.79    1.30
  22960.002    24.931    -1.13    1.50
  23246.811    24.580    -1.22    1.68
  23533.637    23.856    -2.53    2.14
  23820.478    23.516    -1.19    2.17
  24107.335    22.926    -2.05    2.38
  24394.209    22.187    -2.58    2.64
  24681.099    21.636    -1.92    2.72
  24968.005    20.679    -3.33    2.74
  25254.927    20.016    -2.31    2.51
  25541.866    19.244    -2.69    2.42
  25828.821    18.691    -1.93    1.91
  26115.792    18.701     0.04    1.78
  26402.779    19.015     1.09    1.86
  26689.782    19.958     3.29    2.39
  26976.802    21.225     4.41    2.87
  27263.838    22.565     4.67    3.00
  27550.890    24.002     5.01    2.90
  27837.958    25.225     4.26    2.65
  28125.043    26.358     3.95    2.02
  28412.144    27.117     2.64    1.44
  28699.261    27.406     1.01    1.11
  28986.394    27.559     0.53    0.87
  29273.544    27.433    -0.44    1.09
  29560.710    27.344    -0.31    1.42
  29847.892    27.225    -0.42    1.46
  30135.090    27.143    -0.29    1.47
  30422.305    27.157     0.05    1.50
  30709.536    27.334     0.62    1.71
  30996.783    27.410     0.27    1.49
  31284.047    27.706     1.03    1.51
  31571.326    28.059     1.23    1.48
  31858.622    28.266     0.72    1.49
  32145.935    28.422     0.54    1.52
  32433.263    28.530     0.37    1.24
  32720.608    28.762     0.81    1.19
  33007.969    28.711    -0.18    1.20
  33295.347    28.873     0.56    1.27
  33582.741    29.088     0.75    1.31
  33870.151    29.206     0.41    1.43
  34157.577    29.931     2.52    1.73
  34445.020    30.396     1.62    1.75
  34732.479    30.903     1.76    1.86
  35019.954    31.284     1.32    1.79
  35307.446    31.773     1.70    1.85
  35594.954    32.000     0.79    1.69
  35882.479    32.377     1.31    1.63
  36170.019    32.618     0.84    1.62
  36457.576    32.873     0.89    1.60
  36745.150    33.269     1.38    1.64
  37032.739    33.661     1.36    1.52
  37320.345    33.833     0.60    1.54
  37607.968    34.115     0.98    1.64
  37895.607    34.088    -0.09    1.50
  38183.262    34.187     0.35    1.63
  38470.933    34.368     0.63    1.63
  38758.621    34.406     0.13    1.58
  39046.325    34.780     1.30    1.64
  39334.046    34.866     0.30    1.60
  39621.783    35.059     0.67    1.48
  39909.536    35.433     1.30    1.71
  40197.306    35.430    -0.01    1.70
  40485.092    35.630     0.69    1.84
  40772.894    35.856     0.78    1.79
  41060.713    35.706    -0.52    1.90
  41348.548    35.641    -0.22    2.07
  41636.400    35.373    -0.93    2.30
  41924.268    35.127    -0.85    2.48
  42212.153    34.752    -1.30    2.68
  42500.054    34.157    -2.07    2.79
  42787.971    33.146    -3.51    3.14
  43075.904    32.730    -1.44    3.69
  43363.855    32.206    -1.82    3.70
  43651.821    32.158    -0.16    3.45
  43939.804    32.669     1.77    3.48
  44227.803    32.693     0.08    3.20
  44515.819    32.889     0.68    3.34
  44803.851    33.187     1.03    3.53
  45091.900    33.073    -0.39    4.34
  45379.965    32.368    -2.45    5.02
  45668.047    31.353    -3.52    5.11
  45956.145    29.358    -6.92    4.92
  46244.259    27.903    -5.05    4.31
  46532.390    26.697    -4.19    3.50
  46820.537    25.658    -3.60    2.36
  47108.701    25.167    -1.70    1.54
  47396.882    25.426     0.90    1.70
  47685.078    26.131     2.44    2.11
  47973.292    26.773     2.23    2.37
  48261.521    27.368     2.06    2.49
  48549.767    28.322     3.31    2.60
  48838.030    29.258     3.25    2.61
  49126.309    30.551     4.48    2.61
  49414.605    31.641     3.78    2.70
  49702.917    32.844     4.17    2.75
  49991.245    34.382     5.34    2.73
  50279.591    35.687     4.52    2.88
  50567.952    36.827     3.95    2.93
  50856.330    38.438     5.59    3.07
  51144.725    39.655     4.22    2.94
  51433.136    40.524     3.01    2.57
  51721.564    41.396     3.03    2.03
  52010.008    42.216     2.84    1.79
  52298.468    42.956     2.57    1.48
  52586.945    43.401     1.54    1.38
  52875.439    43.618     0.75    1.50
  53163.949    44.204     2.03    1.58
  53452.476    44.776     1.99    1.59
  53741.019    45.368     2.05    1.46
  54029.579    45.692     1.12    1.35
  54318.156    46.073     1.32    1.34
  54606.749    46.559     1.68    1.39
  54895.358    46.603     0.15    1.32
  55183.984    46.601    -0.01    1.33
  55472.627    46.579    -0.08    1.39
  55761.286    46.401    -0.62    1.50
  56049.962    46.301    -0.35    1.64
  56338.654    45.919    -1.32    1.63
  56627.363    45.638    -0.97    1.50
  56916.088    45.580    -0.20    1.39
  57204.830    45.750     0.59    1.50
  57493.589    45.957     0.72    1.53
  57782.364    46.201     0.85    1.53
  58071.156    46.565     1.26    1.54
  58359.964    47.044     1.66    1.42
  58648.789    47.607     1.95    1.24
  58937.630    47.945     1.17    1.12
  59226.489    48.073     0.44    1.17
  59515.363    48.162     0.31    1.28
  59804.255    48.102    -0.21    1.32
  60093.163    47.933    -0.59    1.34
  60382.087    47.836    -0.34    1.27
  60671.028    47.730    -0.37    1.30
  60959.986    47.364    -1.27    1.40
  61248.961    46.958    -1.40    1.59
  61537.952    46.682    -0.96    1.64
  61826.959    46.658    -0.08    1.63
  62115.984    46.456    -0.70    1.66
  62405.025    46.467     0.04    1.50
  62694.082    46.487     0.07    1.38
  62983.156    46.400    -0.30    1.17
  63272.247    46.058    -1.18    1.43
  63561.355    45.171    -3.07    2.15
  63850.479    44.015    -4.00    2.59
  64139.620    43.269    -2.58    2.73
  64428.777    42.603    -2.31    2.68
  64717.952    41.593    -3.49    3.16
  65007.143    41.016    -2.00    3.14
  65296.350    40.895    -0.42    3.05
  65585.574    41.115     0.76    2.88
  65874.815    41.530     1.44    2.69
  66164.073    41.765     0.81    2.43
  66453.347    41.901     0.47    2.32
  66742.638    42.162     0.90    2.52
  67031.945    41.847    -1.09    2.91
  67321.270    40.692    -3.99    3.59
  67610.611    39.692    -3.46    3.61
  67899.969    38.607    -3.75    3.48
  68189.343    37.579    -3.55    3.10
  68478.734    36.882    -2.41    3.14
  68768.142    35.515    -4.73    3.61
  69057.566    35.158    -1.23    4.40
  69347.008    34.255    -3.12    4.47
  69636.466    33.255    -3.45    4.32
  69925.940    32.509    -2.58    4.18
  70215.432    32.002    -1.75    3.77
  70504.940    31.500    -1.73    2.97
  70794.465    31.960     1.59    2.70
  71084.007    32.809     2.93    3.26
  71373.565    34.387     5.45    4.16
  71663.140    35.593     4.17    4.44
  71952.732    37.274     5.80    4.36
  72242.341    39.044     6.11    4.16
  72531.966    40.330     4.44    3.89
  72821.608    41.500     4.04    3.46
  73111.267    42.086     2.02    3.57
  73400.943    42.456     1.28    3.52
  73690.636    43.565     3.83    4.05
  73980.345    44.391     2.85    4.09
  74270.071    45.100     2.44    3.87
  74559.814    45.316     0.75    3.45
  74849.573    45.614     1.03    3.13
  75139.350    45.676     0.22    2.60
  75429.143    46.087     1.42    2.73
  75718.953    46.030    -0.20    2.93
  76008.780    46.087     0.20    2.87
  76298.623    45.933    -0.53    2.88
  76588.483    46.087     0.53    2.72
  76878.361    46.410     1.12    2.50
  77168.255    46.481     0.24    2.39
  77458.165    46.305    -0.61    2.60
  77748.093    46.691     1.33    2.75
  78038.037    46.987     1.02    2.81
  78327.999    47.171     0.63    2.60
  78617.977    47.368     0.68    2.30
  78907.972    47.592     0.77    2.27
  79197.984    47.734     0.49    2.25
  79486.524    47.930     0.68    2.13
  79772.982    47.916    -0.05    2.12
  80059.457    48.000     0.29    2.03
  80345.948    48.687     2.40    2.19
  80632.455    48.861     0.61    2.47
  80918.979    48.780    -0.28    2.66
  81205.519    48.678    -0.36    2.77
  81492.076    48.725     0.16    2.77
  81778.649    48.868     0.50    2.54
  82065.238    49.117     0.87    2.26
  82351.844    49.450     1.16    2.22
  82638.466    50.206     2.64    2.30
  82925.104    50.748     1.89    2.01
  83211.759    50.847     0.34    1.79
  83498.430    51.171     1.13    1.56
  83785.118    51.199     0.10    1.40
  84071.822    51.116    -0.29    1.42
  84358.542    51.143     0.09    1.41
  84645.279    50.944    -0.69    1.45
  84932.032    50.882    -0.22    1.50
  85218.801    51.073     0.67    1.69
  85505.587    51.016    -0.20    1.85
  85792.390    51.100     0.29    1.84
  86079.209    51.016    -0.30    1.83
  86366.044    50.901    -0.40    1.94
  86652.896    50.692    -0.73    1.99
  86939.764    50.523    -0.59    1.99
  87226.648    50.073    -1.57    1.85
  87513.549    49.721    -1.23    1.90
  87800.467    49.481    -0.84    1.88
  88087.400    49.319    -0.56    1.88
  88374.351    49.230    -0.31    2.43
  88661.317    49.266     0.13    3.24
  88948.301    48.762    -1.76    3.42
  89235.300    48.213    -1.91    2.80
  89522.316    47.720    -1.72    2.18
  89809.349    47.147    -2.00    1.75
  90096.398    46.868    -0.97    1.93
  90383.463    46.616    -0.88    1.95
  90670.545    46.424    -0.67    1.74
  90957.644    46.157    -0.93    1.79
  91244.759    45.673    -1.69    1.72
  91531.890    45.250    -1.47    1.67
  91819.038    44.844    -1.41    1.75
  92106.202    44.740    -0.36    1.72
  92393.383    44.588    -0.53    1.73
  92680.581    44.298    -1.01    1.82
  92967.794    44.323     0.09    2.01
  93255.025    44.284    -0.14    2.09
  93542.272    44.424     0.49    2.18
  93829.535    44.495     0.25    2.14
  94116.815    44.382    -0.39    2.18
  94404.111    44.298    -0.29    2.12
  94691.424    44.421     0.43    2.01
  94978.754    43.956    -1.62    1.69
  95266.100    43.916    -0.14    1.55
  95553.462    43.720    -0.68    1.49
  95840.841    43.475    -0.85    1.55
  96128.237    43.263    -0.74    1.54
  96415.649    43.373     0.38    1.55
  96703.077    43.373    -0.00    1.58
  96990.523    43.678     1.06    1.72
  97277.984    44.191     1.79    2.06
  97565.463    44.885     2.41    2.83
  97852.957    46.116     4.28    3.47
  98140.469    47.073     3.33    3.88
  98427.997    47.280     0.72    3.82
  98715.541    46.931    -1.21    3.40
  99003.102    46.291    -2.23    3.02
  99290.680    46.030    -0.91    2.57
  99578.274    45.787    -0.85    1.85
  99865.885    45.794     0.02    1.58
 100153.512    46.115     1.11    1.46
 100441.156    46.273     0.55    1.50
 100728.817    46.630     1.24    1.47
 101016.494    46.852     0.77    1.51
 101304.188    47.269     1.45    1.39
 101591.898    47.312     0.15    1.52
 101879.625    47.227    -0.29    1.73
 102167.369    47.162    -0.23    1.82
 102455.129    46.912    -0.87    1.90
 102742.906    47.087     0.61    1.94
 103030.699    47.382     1.03    1.97
 103318.509    47.816     1.51    2.17
 103606.336    48.344     1.84    2.09
 103894.179    48.739     1.37    1.94
 104182.039    48.944     0.71    1.70
 104469.915    49.330     1.34    1.95
 104757.808    49.382     0.18    1.98
 105045.718    49.216    -0.58    2.27
 105333.645    49.158    -0.20    2.63
 105621.588    48.819    -1.18    2.85
 105909.547    48.244    -2.00    2.82
 106197.524    47.873    -1.29    2.65
 106485.517    47.706    -0.58    2.41
 106773.527    47.833     0.44    2.12
 107061.553    48.015     0.63    1.88
 107349.596    48.632     2.14    2.35
 107637.656    49.523     3.09    2.40
 107925.732    50.424     3.13    2.17
 108213.825    51.185     2.64    2.21
 108501.935    51.619     1.51    2.28
 108790.061    51.808     0.65    2.24
 109078.204    51.816     0.03    1.88
 109366.364    51.744    -0.25    1.71
 109654.541    51.956     0.73    1.63
 109942.734    52.058     0.36    1.77
 110230.944    51.975    -0.29    1.76
 110519.170    51.948    -0.09    1.68
 110807.414    51.801    -0.51    1.66
 111095.674    51.614    -0.65    1.91
 111383.950    51.187    -1.48    2.29
 111672.244    50.537    -2.26    2.63
 111960.554    50.258    -0.97    2.54
 112248.881    49.853    -1.41    2.36
 112537.224    50.016     0.57    2.06
 112825.585    50.100     0.29    1.92
 113113.962    50.395     1.02    1.79
 113402.356    50.903     1.76    1.81
 113690.766    51.516     2.12    1.92
 113979.193    52.500     3.41    1.57
 114267.637    53.002     1.74    1.34
 114556.098    53.392     1.35    1.41
 114844.576    53.701     1.07    1.26
 115133.070    53.864     0.56    1.25
 115421.581    53.891     0.10    1.27
 115710.109    53.650    -0.84    1.34
 115998.654    53.350    -1.04    1.53
 116287.215    52.901    -1.55    1.80
 116575.793    52.464    -1.51    1.94
 116864.388    52.227    -0.82    2.02
 117153.000    51.941    -0.99    2.31
 117441.628    51.073    -3.01    2.55
 117730.273    50.396    -2.34    2.93
 118018.936    49.395    -3.47    3.52
 118307.614    48.711    -2.37    3.86
 118596.310    48.044    -2.31    3.99
 118885.023    47.353    -2.39    3.67
 119173.752    46.905    -1.55    3.55
 119462.498    46.580    -1.13    3.57
 119751.261    46.587     0.02    3.43
 120040.040    46.636     0.17    3.23
 120328.837    46.216    -1.45    3.23
 120617.650    45.739    -1.65    3.33
 120906.481    45.284    -1.58    3.62
 121195.328    44.580    -2.43    3.62
 121484.191    43.779    -2.77    3.56
 121773.072    42.801    -3.39    3.61
 122061.970    42.058    -2.57    3.59
 122350.884    41.734    -1.12    3.62
 122639.815    41.875     0.49    3.91
 122928.763    41.692    -0.63    4.21
 123217.728    41.650    -0.15    3.96
 123506.710    41.887     0.82    3.98
 123795.709    42.426     1.87    3.34
 124084.724    42.218    -0.72    3.24
 124373.757    41.636    -2.02    3.61
 124662.806    41.438    -0.68    4.38
 124951.872    40.847    -2.05    4.46
 125240.955    39.947    -3.11    4.77
 125530.055    38.636    -4.54    5.31
 125819.172    36.816    -6.30    5.79
 126108.305    35.086    -5.98    5.46
 126397.456    33.426    -5.74    4.33
 126686.623    31.658    -6.12    4.40
 126975.808    29.752    -6.59    5.12
 127265.009    28.247    -5.21    5.35
 127554.227    26.864    -4.78    5.51
 127843.462    25.368    -5.17    5.43
 128132.714    23.221    -7.43    5.40
 128421.983    21.509    -5.92    5.33
 128711.269    19.841    -5.77    4.59
 129000.571    18.354    -5.14    3.63
 129289.891    17.322    -3.57    2.58
 129579.228    17.115    -0.72    2.55
 129868.581    17.592     1.65    2.83
 130157.952    18.619     3.55    3.10
 130447.339    20.001     4.77    3.41
 130736.743    21.323     4.57    3.65
 131026.165    22.558     4.27    3.79
 131315.603    23.791     4.26    3.78
 131605.058    25.030     4.28    4.08
 131894.530    26.756     5.96    4.53
 132184.020    28.326     5.42    4.72
 132473.526    29.917     5.50    4.70
 132763.049    31.382     5.06    4.49
 133052.589    33.294     6.60    4.09
 133342.146    34.609     4.54    3.38
 133631.720    35.129     1.79    3.27
 133921.311    35.877     2.59    3.25
 134210.919    36.430     1.91    3.37
 134500.544    37.199     2.66    3.80
 134790.185    37.748     1.90    3.88
 135079.844    37.692    -0.19    3.39
 135369.520    37.891     0.69    3.36
 135659.213    37.794    -0.34    2.93
 135948.923    38.227     1.50    3.17
 136238.650    38.294     0.23    3.24
 136528.394    38.449     0.54    3.26
 136818.155    38.822     1.29    2.84
 137107.933    39.273     1.56    2.74
 137397.728    39.603     1.14    2.63
 137687.540    39.430    -0.60    2.94
 137977.369    39.316    -0.39    3.37
 138267.215    38.579    -2.54    4.58
 138557.079    37.780    -2.76    5.46
 138846.959    37.377    -1.39    5.73
 139136.856    36.875    -1.73    5.60
 139426.770    36.537    -1.17    5.18
 139716.702    36.653     0.40    4.85
 140006.650    36.632    -0.07    4.58
 140296.616    37.116     1.67    4.43
 140586.598    38.467     4.66    5.18
 140876.598    39.622     3.98    5.25
 141166.614    41.318     5.85    5.27
 141456.648    42.377     3.65    4.85
 141743.337    43.776     4.88    4.20
 142029.762    44.773     3.48    3.57
 142316.204    45.632     3.00    3.25
 142602.663    46.160     1.84    2.62
 142889.138    46.791     2.20    2.63
 143175.630    47.424     2.21    2.46
 143462.138    47.844     1.47    1.85
 143748.663    48.087     0.85    1.67
 144035.205    48.495     1.42    1.45
 144321.763    48.744     0.87    1.21
 144608.337    48.875     0.46    1.18
 144894.929    49.073     0.69    1.27
 145181.537    49.185     0.39    1.42
 145468.161    49.187     0.01    1.45
 145754.802    49.100    -0.30    1.49
 146041.460    49.030    -0.24    1.54
 146328.135    48.974    -0.20    1.44
 146614.826    49.016     0.15    1.41
 146901.533    49.002    -0.05    1.40
 147188.257    49.044     0.15    1.31
 147474.998    49.323     0.97    1.27
 147761.756    49.284    -0.14    1.36
 148048.530    49.244    -0.14    1.37
 148335.321    49.116    -0.45    1.44
 148622.128    49.002    -0.39    1.57
 148908.952    48.720    -0.98    1.58
 149195.793    48.544    -0.61    1.73
 149482.650    48.185    -1.25    1.73
 149769.524    48.030    -0.54    1.64
 150056.415    47.618    -1.44    1.66
 150343.322    47.130    -1.70    1.70
 150630.247    46.931    -0.69    1.82
 150917.187    46.877    -0.19    1.92
 151204.145    46.633    -0.85    1.96
 151491.119    46.752     0.42    1.87
 151778.109    46.565    -0.65    1.86
 152065.117    46.593     0.10    1.83
 152352.141    46.779     0.65    1.66
 152639.182    46.515    -0.92    1.65
 152926.239    46.530     0.05    1.58
 153213.314    46.326    -0.71    1.45
 153500.404    46.141    -0.64    1.65
 153787.512    46.058    -0.29    1.65
 154074.636    45.907    -0.52    1.62
 154361.777    45.988     0.28    1.64
 154648.935    45.933    -0.19    1.62
 154936.110    45.809    -0.43    1.85
 155223.301    45.479    -1.15    1.95
 155510.509    45.227    -0.88    2.24
 155797.733    45.364     0.47    2.29
 156084.975    45.600     0.82    2.31
 156372.233    45.861     0.91    2.01
 156659.508    46.017     0.54    1.92
 156946.799    46.579     1.96    1.57
 157234.108    46.973     1.37    1.58
 157521.433    46.985     0.04    1.73
 157808.775    46.433    -1.92    2.37
 158096.133    45.856    -2.01    2.82
 158383.509    45.516    -1.18    3.04
 158670.901    44.919    -2.08    3.01
 158958.310    44.382    -1.87    3.19
 159245.735    43.537    -2.94    3.06
 159533.178    42.614    -3.21    3.19
 159820.637    42.244    -1.29    3.49
 160108.113    41.132    -3.87    3.48
 160395.606    40.294    -2.92    3.17
 160683.115    39.744    -1.91    2.86
 160970.642    38.958    -2.73    2.57
 161258.185    38.197    -2.65    2.45
 161545.745    37.692    -1.76    2.48
 161833.321    37.002    -2.40    2.52
 162120.915    36.269    -2.55    2.34
 162408.525    35.798    -1.64    1.93
 162696.153    35.662    -0.47    1.74
 162983.797    36.072     1.43    1.93
 163271.457    36.636     1.96    1.89
 163559.135    37.171     1.86    2.20
 163846.829    37.606     1.51    1.96
 164134.541    37.805     0.69    2.09
 164422.269    38.016     0.73    1.95
 164710.014    38.316     1.04    2.06
 164997.776    38.662     1.20    2.01
 165285.554    39.044     1.33    2.09
 165573.350    39.458     1.44    2.35
 165861.162    39.917     1.59    2.26
 166148.991    40.340     1.47    2.21
 166436.837    40.811     1.64    2.18
 166724.700    41.312     1.74    2.10
 167012.580    41.960     2.25    2.12
 167300.476    42.762     2.79    2.24
 167588.390    43.632     3.02    2.15
 167876.320    44.537     3.14    1.95
 168164.268    44.877     1.18    1.91
 168452.232    45.622     2.58    2.13
 168740.213    46.396     2.69    2.05
 169028.211    47.002     2.11    2.07
 169316.225    47.607     2.10    2.05
 169604.257    48.573     3.35    2.84
 169892.306    49.794     4.24    3.80
 170180.371    50.559     2.66    3.52
 170468.453    51.244     2.38    3.68
 170756.553    51.752     1.76    3.67
 171044.669    52.368     2.14    3.96
 171332.802    52.241    -0.44    3.61
 171620.952    52.208    -0.11    2.85
 171909.119    52.368     0.55    2.76
 172197.303    52.030    -1.17    1.82
 172485.504    51.905    -0.43    1.32
 172773.721    51.868    -0.13    1.33
 173061.956    52.058     0.66    1.37
 173350.208    52.197     0.48    1.45
 173638.476    52.382     0.64    1.57
 173926.762    52.697     1.09    1.53
 174215.064    52.655    -0.14    1.55
 174503.384    52.691     0.12    1.37
 174791.720    52.578    -0.39    1.34
 175080.073    52.489    -0.31    1.33
 175368.444    52.515     0.09    1.35
 175656.831    52.266    -0.86    1.20
 175945.235    52.114    -0.53    1.09
 176233.656    52.112    -0.01    1.21
 176522.094    51.893    -0.76    1.19
 176810.549    51.819    -0.26    1.11
 177099.022    51.809    -0.03    1.13
 177387.511    51.711    -0.34    1.07
 177676.017    51.787     0.26    1.05
 177964.540    51.819     0.11    1.11
 178253.080    51.921     0.35    1.42
 178541.637    52.127     0.72    1.44
 178830.211    52.112    -0.05    1.43
 179118.802    51.962    -0.52    1.32
 179407.411    51.916    -0.16    1.30
 179696.036    52.088     0.60    1.30
 179984.678    51.975    -0.39    1.24
 180273.337    51.758    -0.75    1.08
 180562.013    51.734    -0.08    1.06
 180850.706    51.633    -0.35    1.07
 181139.417    51.551    -0.28    1.09
 181428.144    51.199    -1.22    1.21
 181716.888    51.002    -0.68    1.13
 182005.650    50.856    -0.51    1.18
 182294.428    50.588    -0.93    1.03
 182583.224    50.382    -0.71    1.05
 182872.036    50.185    -0.68    1.12
 183160.866    50.017    -0.58    1.13
 183449.713    49.905    -0.39    1.14
 183738.576    49.808    -0.34    1.29
 184027.457    49.706    -0.35    1.26
 184316.355    49.730     0.08    1.44
 184605.270    49.603    -0.44    1.50
 184894.202    49.537    -0.23    1.53
 185183.151    49.405    -0.46    1.55
 185472.117    49.141    -0.91    1.56
 185761.100    48.880    -0.91    1.55
 186050.101    48.674    -0.71    1.41
 186339.118    48.227    -1.55    1.34
 186628.153    47.856    -1.29    1.18
 186917.205    47.558    -1.03    1.29
 187206.273    47.305    -0.88    1.29
 187495.359    46.758    -1.89    1.23
 187784.462    46.455    -1.05    1.21
 188073.582    46.154    -1.04    1.31
 188362.720    46.058    -0.33    1.28
 188651.874    45.841    -0.75    1.29
 188941.045    45.537    -1.05    1.22
 189230.234    45.276    -0.90    1.23
 189519.440    45.244    -0.11    1.20
 189808.663    45.101    -0.49    1.11
 190097.903    45.058    -0.15    1.27
 190387.160    44.989    -0.24    1.30
 190676.434    45.017     0.09    1.24
 190965.726    44.919    -0.34    1.26
 191255.034    44.641    -0.96    1.33
 191544.360    44.309    -1.15    1.30
 191833.703    43.928    -1.32    1.24
 192123.063    43.847    -0.28    1.44
 192412.441    43.607    -0.83    1.40
 192701.835    43.401    -0.71    1.41
 192991.247    43.263    -0.48    1.56
 193280.676    42.975    -1.00    1.67
 193570.122    42.958    -0.06    1.92
 193859.585    42.481    -1.65    1.81
 194149.065    42.132    -1.20    1.81
 194438.563    41.701    -1.49    1.79
 194728.077    41.387    -1.09    1.87
 195017.609    41.071    -1.09    1.97
 195307.159    40.822    -0.86    1.92
 195596.725    40.537    -0.98    1.78
 195886.309    40.391    -0.50    1.70
 196175.910    40.363    -0.10    1.48
 196465.528    40.438     0.26    1.43
 196755.163    40.500     0.21    1.24
 197044.815    40.945     1.54    1.14
 197334.485    41.072     0.44    1.13
 197624.172    41.152     0.28    1.14
 197913.876    41.185     0.11    1.57
 198203.598    41.115    -0.24    1.58
 198493.336    41.029    -0.29    1.70
 198783.092    40.973    -0.20    1.73
 199072.866    41.143     0.59    2.28
 199362.656    41.058    -0.29    2.08
 199652.464    41.002    -0.19    2.10
 199942.289    40.702    -1.04    2.06
 200232.131    40.336    -1.26    2.15
 200521.990    39.833    -1.74    2.41
 200811.867    39.269    -1.94    2.26
 201101.761    38.882    -1.34    2.51
 201391.673    38.387    -1.71    2.60
 201681.601    37.766    -2.14    2.66
 201971.547    37.139    -2.17    2.60
 202261.510    36.715    -1.46    2.43
 202551.491    36.359    -1.23    1.97
 202841.489    36.405     0.16    2.06
 203131.504    36.316    -0.31    2.21
 203421.536    36.866     1.90    2.56
 203710.035    37.265     1.38    2.57
 203996.423    37.847     2.03    2.56
 204282.827    38.126     0.98    2.36
 204569.248    38.355     0.80    2.16
 204855.686    38.114    -0.84    2.14
 205142.141    37.811    -1.06    2.07
 205428.612    37.453    -1.25    1.61
 205715.101    37.201    -0.88    1.56
 206001.606    37.127    -0.26    1.69
 206288.128    37.029    -0.34    2.07
 206574.667    36.844    -0.65    2.68
 206861.222    36.236    -2.12    3.02
 207147.795    35.409    -2.89    3.23
 207434.384    34.516    -3.12    3.41
 207720.990    33.688    -2.89    3.43
 208007.613    32.961    -2.54    3.19
 208294.253    32.230    -2.55    1.42
 208580.910    32.263     0.12    1.38
 208867.583    32.618     1.24    1.33
 209154.273    33.316     2.43    1.88
 209440.981    33.976     2.30    1.95
 209727.705    34.571     2.08    2.09
 210014.445    34.947     1.31    2.01
 210301.203    35.345     1.39    1.86
 210587.978    35.794     1.56    1.83
 210874.769    36.258     1.62    1.76
 211161.577    36.433     0.61    1.65
 211448.403    36.735     1.05    1.70
 211735.245    36.986     0.87    1.40
 212022.104    37.373     1.35    1.47
 212308.980    37.868     1.73    1.60
 212595.872    38.236     1.28    1.60
 212882.782    38.565     1.15    1.56
 213169.708    38.720     0.54    1.40
 213456.652    38.973     0.88    1.37
 213743.612    38.989     0.06    1.37
 214030.589    39.000     0.04    1.33
 214317.584    38.873    -0.44    1.22
 214604.595    38.811    -0.21    1.24
 214891.623    38.784    -0.10    1.37
 215178.667    38.725    -0.21    1.36
 215465.729    38.852     0.44    1.36
 215752.808    38.988     0.47    1.67
 216039.904    39.244     0.89    1.88
 216327.016    39.322     0.27    1.88
 216614.146    39.456     0.47    2.01
 216901.292    39.516     0.21    1.95
 217188.456    39.441    -0.26    1.94
 217475.636    39.400    -0.14    1.78
 217762.833    39.280    -0.42    1.52
 218050.048    39.195    -0.30    1.52
 218337.279    39.269     0.26    1.34
 218624.527    39.044    -0.78    1.04
 218911.792    38.917    -0.44    0.97
 219199.074    38.912    -0.02    1.01
 219486.373    38.744    -0.58    0.94
 219773.689    38.612    -0.46    1.09
 220061.022    38.565    -0.16    1.07
 220348.372    38.364    -0.70    1.15
 220635.739    38.250    -0.40    1.30
 220923.123    38.171    -0.27    1.34
 221210.524    38.030    -0.49    1.39
 221497.942    37.903    -0.44    1.32
 221785.377    37.794    -0.38    1.19
 222072.829    37.805     0.04    1.18
 222360.298    37.909     0.36    1.32
 222647.784    38.099     0.66    1.38
 222935.287    38.155     0.20    1.37
 223222.807    38.318     0.57    1.29
 223510.344    38.298    -0.07    1.36
 223797.898    38.117    -0.63    1.35
 224085.469    38.350     0.81    2.48
 224373.058    38.247    -0.36    2.58
 224660.663    38.368     0.42    2.62
 224948.285    38.263    -0.36    2.67
 225235.924    38.359     0.33    2.63
 225523.580    38.071    -1.00    2.15
 225811.254    37.962    -0.38    1.50
 226098.944    37.847    -0.40    1.40
 226386.652    37.914     0.23    1.34
 226674.376    38.016     0.36    1.28
 226962.118    38.117     0.35    1.17
 227249.876    38.141     0.09    1.46
 227537.652    38.167     0.09    1.51
 227825.445    38.030    -0.48    1.31
 228113.254    38.085     0.19    1.30
 228401.081    38.166     0.28    1.30
 228688.925    38.157    -0.03    1.23
 228976.786    38.309     0.53    1.22
 229264.665    38.551     0.84    1.22
 229552.560    38.530    -0.07    1.25
 229840.472    38.847     1.10    1.36
 230128.402    38.976     0.45    1.29
 230416.348    39.016     0.14    1.21
 230704.312    39.126     0.38    1.00
 230992.293    39.181     0.19    0.99
 231280.291    39.244     0.22    0.97
 231568.306    39.073    -0.59    0.99
 231856.338    39.086     0.04    1.03
 232144.387    39.073    -0.05    1.06
 232432.453    39.157     0.29    1.19
 232720.537    39.291     0.46    1.18
 233008.638    39.475     0.64    1.24
 233296.755    39.578     0.36    1.21
 233584.890    39.607     0.10    1.24
 233873.042    39.819     0.73    1.28
 234161.212    40.044     0.78    1.74
 234449.398    40.099     0.19    1.65
 234737.602    40.255     0.54    1.72
 235025.822    40.169    -0.30    1.67
 235314.060    40.100    -0.24    1.72
 235602.315    40.086    -0.05    2.02
 235890.587    39.933    -0.53    1.90
 236178.877    39.847    -0.30    1.94
 236467.183    39.606    -0.84    2.08
 236755.507    39.250    -1.23    2.11
 237043.848    38.975    -0.96    2.19
 237332.206    38.864    -0.39    2.21
 237620.581    38.517    -1.20    1.74
 237908.974    38.199    -1.10    1.81
 238197.384    37.891    -1.07    1.78
 238485.811    37.633    -0.90    1.62
 238774.255    37.298    -1.16    1.74
 239062.716    37.195    -0.36    1.56
 239351.194    36.853    -1.19    1.58
 239639.690    36.350    -1.74    1.60
 239928.203    36.154    -0.68    1.62
 240216.733    36.193     0.14    2.20
 240505.281    35.864    -1.14    2.20
 240793.845    35.565    -1.04    2.22
 241082.427    35.284    -0.97    2.29
 241371.026    35.058    -0.78    2.20
 241659.643    34.770    -1.00    2.14
 241948.276    34.603    -0.58    2.12
 242236.927    34.322    -0.97    1.32
 242525.595    34.274    -0.17    1.35
 242814.281    34.368     0.33    1.41
 243102.983    34.544     0.61    1.49
 243391.703    34.565     0.07    1.53
 243680.440    34.914     1.21    1.39
 243969.195    34.885    -0.10    1.49
 244257.967    35.058     0.60    1.61
 244546.756    35.030    -0.10    1.72
 244835.562    35.030     0.00    1.54
 245124.385    35.017    -0.05    1.55
 245413.226    34.936    -0.28    1.49
 245702.084    34.891    -0.15    1.38
 245990.960    35.085     0.67    1.31
 246279.852    35.261     0.61    1.20
 246568.762    35.088    -0.60    1.24
 246857.690    35.100     0.04    1.29
 247146.634    35.086    -0.05    1.39
 247435.596    35.030    -0.20    1.40
 247724.576    34.850    -0.62    1.47
 248013.572    34.847    -0.01    1.41
 248302.586    34.791    -0.19    1.83
 248591.617    34.734    -0.19    1.83
 248880.666    34.667    -0.23    1.78
 249169.732    34.588    -0.27    1.73
 249458.815    34.447    -0.49    1.77
 249747.916    34.414    -0.11    1.82
 250037.034    34.517     0.36    1.83
 250326.169    34.263    -0.88    1.50
 250615.322    34.126    -0.47    1.63
 250904.491    34.189     0.22    2.56
 251193.679    34.181    -0.03    2.67
 251482.884    34.086    -0.33    2.69
 251772.106    33.897    -0.65    2.60
 252061.345    33.619    -0.96    2.45
 252350.602    33.447    -0.60    1.52
 252639.876    33.220    -0.79    1.56
 252929.168    33.058    -0.56    1.52
 253218.477    33.100     0.14    1.50
 253507.803    33.147     0.16    1.81
 253797.147    32.905    -0.84    1.84
 254086.508    32.729    -0.61    1.91
 254375.886    32.805     0.26    1.78
 254665.282    32.836     0.11    1.83
 254954.696    32.875     0.14    1.80
 255244.126    32.720    -0.54    1.77
 255533.575    32.919     0.69    1.83
 255823.040    33.169     0.86    2.32
 256112.523    33.279     0.38    2.34
 256402.024    33.044    -0.81    2.46
 256691.541    32.889    -0.54    2.15
 256981.077    32.875    -0.05    2.60
 257270.630    32.537    -1.17    2.76
 257560.200    32.017    -1.80    2.47
 257849.787    31.664    -1.22    2.45
 258139.392    31.287    -1.30    2.31
 258429.015    31.044    -0.84    2.16
 258718.655    30.647    -1.37    1.25
 259008.312    30.185    -1.60    1.33
 259297.987    30.125    -0.21    1.27
 259587.679    30.140     0.05    1.30
 259877.389    30.058    -0.28    1.33
 260167.117    29.990    -0.23    1.29
 260456.861    29.791    -0.69    1.34
 260746.624    29.711    -0.28    1.34
 261036.403    29.579    -0.45    1.52
 261326.200    29.316    -0.91    1.69
 261616.015    28.974    -1.18    1.68
 261905.847    28.715    -0.89    1.59
 262195.697    28.441    -0.95    1.64
 262485.564    28.197    -0.84    1.40
 262775.449    27.933    -0.91    1.33
 263065.351    27.830    -0.36    1.30
 263355.271    28.250     1.45    1.91
 263645.208    28.748     1.72    3.15
 263935.163    28.975     0.78    3.49
 264225.135    29.044     0.24    3.56
 264515.125    28.989    -0.19    3.51
 264805.132    28.877    -0.39    3.15
 265095.157    28.579    -1.03    2.74
 265385.199    28.455    -0.43    1.35
 265675.259    28.266    -0.65    1.20
 265961.904    28.176    -0.31    1.20
 266248.261    27.877    -1.04    1.21
 266534.635    27.893     0.06    1.25
 266821.026    27.922     0.10    1.33
 267107.434    27.822    -0.35    1.37
 267393.860    27.893     0.25    1.58
 267680.302    27.891    -0.01    1.58
 267966.761    27.791    -0.35    1.63
 268253.237    27.702    -0.31    1.55
 268539.731    27.603    -0.34    1.25
 268826.241    27.551    -0.18    1.33
 269112.769    27.368    -0.64    1.29
 269399.313    27.301    -0.24    1.30
 269685.875    27.322     0.07    1.32
 269972.453    27.345     0.08    1.33
 270259.049    27.424     0.28    1.41
 270545.661    27.173    -0.88    1.32
 270832.291    27.173     0.00    1.27
 271118.938    27.247     0.26    1.28
 271405.602    27.232    -0.05    1.34
 271692.283    27.250     0.06    1.30
 271978.981    27.197    -0.18    1.33
 272265.696    27.112    -0.30    1.24
 272552.428    27.140     0.10    1.29
 272839.177    27.208     0.24    1.28
 273125.943    27.516     1.07    1.44
 273412.727    27.579     0.22    1.35
 273699.527    27.475    -0.36    1.41
 273986.345    27.397    -0.27    1.38
 274273.179    27.565     0.59    1.48
 274560.031    27.674     0.38    1.42
 274846.900    27.652    -0.08    1.44
 275133.786    27.461    -0.67    1.51
 275420.689    27.291    -0.59    1.47
 275707.610    27.280    -0.04    1.42
 275994.547    27.181    -0.35    1.37
 276281.501    27.336     0.54    1.34
 276568.473    27.265    -0.25    1.36
 276855.462    27.467     0.70    1.70
 277142.468    27.428    -0.14    1.71
 277429.491    27.328    -0.35    1.76
 277716.531    27.318    -0.03    1.78
 278003.588    27.382     0.22    1.88
 278290.663    27.354    -0.10    1.77
 278577.754    27.002    -1.23    1.46
 278864.863    27.308     1.07    1.81
 279151.989    27.221    -0.30    1.88
 279439.132    27.044    -0.61    1.80
 279726.292    27.177     0.46    1.83
 280013.470    27.185     0.03    1.71
 280300.665    27.004    -0.63    1.79
 280587.876    26.743    -0.91    1.41
 280875.105    26.692    -0.18    1.33
 281162.351    26.458    -0.81    1.44
 281449.615    26.322    -0.48    1.74
 281736.895    26.158    -0.57    1.77
 282024.193    25.943    -0.75    1.80
 282311.508    25.891    -0.18    1.74
 282598.840    25.702    -0.66    1.80
 282886.190    25.517    -0.64    1.71
 283173.556    25.463    -0.19    1.60
 283460.940    25.304    -0.55    1.48
 283748.341    25.353     0.17    1.63
 284035.759    25.208    -0.50    1.57
 284323.195    25.197    -0.04    1.73
 284610.647    25.103    -0.33    1.69
 284898.117    24.798    -1.06    1.61
 285185.604    24.510    -1.00    1.57
 285473.109    24.449    -0.21    1.49
 285760.630    24.255    -0.68    1.57
 286048.169    24.099    -0.54    1.47
 286335.725    23.816    -0.99    1.34
 286623.299    23.858     0.15    1.33
 286910.889    23.868     0.03    1.26
 287198.497    23.740    -0.45    1.10
 287486.122    23.706    -0.12    1.43
 287773.765    23.510    -0.68    1.53
 288061.424    23.409    -0.35    1.34
 288349.101    23.195    -0.74    1.27
 288636.796    23.124    -0.25    1.26
 288924.507    23.016    -0.38    1.36
 289212.236    23.015    -0.00    1.91
 289499.982    22.747    -0.93    2.23
 289787.745    22.438    -1.07    2.26
 290075.526    22.197    -0.84    2.28
 290363.324    21.841    -1.24    2.30
 290651.139    21.455    -1.34    2.25
 290938.972    21.179    -0.96    2.47
 291226.822    20.811    -1.28    2.13
 291514.689    20.544    -0.93    1.82
 291802.573    20.412    -0.46    1.83
 292090.475    20.280    -0.46    1.77
 292378.394    20.239    -0.14    1.64
 292666.331    20.141    -0.34    1.31
 292954.285    20.114    -0.10    1.34
 293242.256    20.181     0.23    1.37
 293530.244    20.125    -0.19    1.48
 293818.250    20.016    -0.38    1.44
 294106.274    19.822    -0.68    1.33
 294394.314    19.618    -0.71    1.20
 294682.372    19.348    -0.93    1.23
 294970.447    19.481     0.46    1.40
 295258.540    19.636     0.54    1.35
 295546.650    19.762     0.44    1.40
 295834.777    19.921     0.55    1.38
 296122.922    20.199     0.97    1.79
 296411.084    20.509     1.08    1.65
 296699.263    20.833     1.12    1.62
 296987.460    20.812    -0.07    1.67
 297275.674    20.897     0.29    1.60
 297563.906    20.861    -0.13    1.69
 297852.155    20.711    -0.52    1.75
 298140.421    20.395    -1.09    1.41
 298428.705    20.291    -0.36    1.20
 298717.006    20.250    -0.14    1.17
 299005.325    20.318     0.24    1.24
 299293.661    20.565     0.86    1.20
 299582.015    20.756     0.67    1.16
 299870.385    20.868     0.39    1.08
 300158.774    20.919     0.18    1.19
 300447.179    20.962     0.15    1.21
 300735.603    20.963     0.00    1.27
 301024.043    21.017     0.19    1.28
 301312.501    20.977    -0.14    1.22
 301600.977    21.072     0.33    1.58
 301889.469    21.044    -0.10    1.64
 302177.980    21.294     0.87    1.74
 302466.507    21.406     0.39    2.09
 302755.053    20.961    -1.54    1.77
 303043.615    20.774    -0.65    1.71
 303332.196    20.666    -0.37    1.68
 303620.793    20.477    -0.66    1.69
 303909.408    20.260    -0.75    1.64
 304198.041    19.791    -1.63    1.23
 304486.691    19.529    -0.91    1.26
 304775.358    19.181    -1.21    1.36
 305064.043    18.975    -0.72    1.35
 305352.746    18.592    -1.33    1.35
 305641.466    18.208    -1.33    1.30
 305930.203    18.294     0.30    1.47
 306218.958    18.166    -0.44    1.60
 306507.731    17.866    -1.04    1.67
 306796.521    17.752    -0.39    1.85
 307085.328    17.368    -1.33    2.06
 307374.153    16.891    -1.65    2.09
 307662.996    16.544    -1.20    1.89
 307951.856    16.284    -0.90    1.62
 308240.733    16.287     0.01    1.62
 308529.628    16.195    -0.32    1.42
 308818.541    16.475     0.97    1.37
 309107.471    16.725     0.87    1.48
 309396.419    17.044     1.11    1.41
 309685.384    17.158     0.40    1.49
 309974.367    17.305     0.51    1.40
 310263.367    17.364     0.20    1.36
 310552.385    17.414     0.17    1.41
 310841.420    17.328    -0.30    1.45
 311130.473    17.436     0.37    1.25
 311419.544    17.496     0.21    1.19
 311708.632    17.500     0.01    1.14
 311997.737    17.400    -0.35    1.27
 312286.861    17.208    -0.66    1.44
 312576.001    17.030    -0.62    1.50
 312865.160    17.058     0.10    1.52
 313154.336    17.004    -0.19    1.61
 313443.529    17.058     0.19    1.59
 313732.741    17.099     0.14    1.72
 314021.969    17.222     0.43    1.80
 314311.216    17.537     1.09    1.61
 314600.480    17.644     0.37    1.55
 314889.761    17.891     0.85    1.42
 315179.060    17.931     0.14    1.37
 315468.377    17.822    -0.38    1.43
 315757.712    17.674    -0.51    1.33
 316047.064    17.489    -0.64    1.34
 316336.433    17.467    -0.08    1.32
 316625.821    17.298    -0.58    1.31
 316915.226    17.058    -0.83    1.39
 317204.648    16.985    -0.25    1.22
 317494.088    16.891    -0.32    1.21
 317783.546    16.756    -0.47    1.22
 318073.022    16.720    -0.13    1.23
 318362.515    16.614    -0.37    1.16
 318652.026    16.395    -0.75    1.14
 318941.554    16.405     0.03    1.09
 319231.100    16.475     0.24    1.16
 319520.664    16.571     0.33    1.24
 319810.245    16.725     0.53    1.27
 320099.844    17.157     1.49    1.36
 320389.461    17.537     1.31    1.28
 320679.096    17.666     0.44    1.26
 320968.748    17.836     0.59    1.17
 321258.418    18.004     0.58    1.17
 321548.105    18.115     0.38    1.20
 321837.810    18.176     0.21    1.08
 322127.533    18.277     0.35    1.31
 322417.274    18.433     0.54    1.21
 322707.032    18.905     1.63    1.52
 322996.808    18.963     0.20    1.58
 323286.602    18.948    -0.05    1.56
 323576.414    18.962     0.05    1.53
 323866.243    19.127     0.57    1.46
 324156.090    19.113    -0.05    1.46
 324445.954    19.000    -0.39    1.35
 324735.837    18.776    -0.77    1.13
 325025.737    18.666    -0.38    1.25
 325315.655    18.828     0.56    1.43
 325605.590    18.895     0.23    1.41
 325895.544    18.948     0.18    1.40
 326185.515    19.002     0.19    1.25
 326475.504    19.073     0.25    1.18
 326765.510    19.201     0.44    1.10
 327055.535    19.321     0.41    1.05
 327345.577    19.463     0.49    1.18
 327635.637    19.441    -0.08    1.18
 327924.170    19.535     0.33    1.17
 328210.481    19.631     0.34    1.22
