#   48.731  -0.073   2.689 ;Mean Elev.(m), Avg Gradient(m/km), RMS Gradient(m/km) - SRTM1     
#   41.764   0.204   3.941 ;Mean Elev.(m), Avg Gradient(m/km), RMS Gradient(m/km) - ASTER GDEM
#   49.076  -0.103   2.790 ;Mean Elev.(m), Avg Gradient(m/km), RMS Gradient(m/km) - GMTED2010 
  17 301.707825 -27.277940    48.376    48.242  4 54822.09119154 31.296
  18 301.711580 -27.265151    47.697    47.526 15 54832.00683499 36.409
  19 301.705269 -27.271694    49.841    48.346  8 54841.92248362 28.419
  28 301.705519 -27.265053    48.710    48.771 14 54931.16327755 30.393
  29 301.709234 -27.266006    48.405    48.402 14 54941.07891301 27.686
  30 301.713127 -27.265091    48.098    48.023 14 54950.99454727 32.734
  31 301.712703 -27.265834    47.841    47.814 15 54960.91018739 47.476
  32 301.710808 -27.265338    47.461    47.498 15 54970.82583587 43.233
  33 301.710331 -27.265267    48.211    48.159 14 54980.74148340 32.111
  34 301.710498 -27.265238    48.647    48.544 15 54990.65713066 54.253
  35 301.709704 -27.265213    48.461    48.490 14 55000.57277759 28.304
  36 301.708447 -27.265590    48.591    48.540 14 55010.48842242 34.279
  37 301.708527 -27.264381    49.099    49.058 14 55020.40406596 45.868
  38 301.708448 -27.265464    49.769    49.724 14 55030.31970767 32.009
  39 301.709804 -27.265249    48.926    48.904 14 55040.23534903 52.857
  40 301.712447 -27.265865    49.618    49.561 15 55050.15098897 33.223
  41 301.714938 -27.265632    49.098    49.078 15 55060.06662702 29.216
  42 301.715231 -27.263857    49.040    48.988 15 55069.98226788 48.658
  43 301.710238 -27.265160    48.919    48.887 14 55079.89791651 32.374
  44 301.706733 -27.264663    50.558    50.530 13 55089.81356406 36.027
  45 301.705650 -27.263430    50.325    50.314 13 55099.72921109 39.198
  46 301.705841 -27.263866    50.576    50.492 13 55109.64485741 33.756
  47 301.706011 -27.265530    50.159    50.175 14 55119.56050201 31.501
  48 301.706018 -27.265421    52.305    52.223 13 55129.47614432 29.071
  49 301.705543 -27.264462    51.802    51.719 13 55139.39178457 49.631
  50 301.705713 -27.265005    50.268    50.245 13 55149.30742315 32.897
  51 301.708552 -27.265699    51.551    50.864 14 55159.22306146 31.458
  52 301.713037 -27.264744    52.331    51.045 14 55169.13869996 31.817
  53 301.716095 -27.264674    51.271    51.256 15 55179.05433715 34.763
  54 301.713812 -27.265196    51.975    51.977 14 55188.96998311 39.389
  55 301.709892 -27.264396    51.855    51.870 14 55198.88563387 32.923
  56 301.706554 -27.265636    53.103    51.790 14 55208.80128364 28.922
  57 301.706161 -27.265500    52.993    52.500 14 55218.71693350 31.756
  58 301.705884 -27.265012    52.336    52.352 14 55228.63258260 31.301
  59 301.704772 -27.265484    52.800    52.778 13 55238.54822823 49.474
  60 301.703459 -27.264677    51.846    51.828 12 55248.46387028 39.974
  61 301.702189 -27.263464    51.031    50.926 12 55258.37950977 34.709
  62 301.701809 -27.264617    50.487    50.529 12 55268.29514773 34.388
  63 301.704313 -27.264514    50.399    50.388 13 55278.21078573 33.555
  64 301.708328 -27.264593    51.156    51.167 14 55288.12642259 53.701
  65 301.712236 -27.265611    51.483    51.402 15 55298.04205691 51.432
  66 301.711641 -27.265938    50.283    50.202 14 55307.95769889 31.962
  67 301.708810 -27.265073    52.073    52.060 14 55317.87334491 44.900
  68 301.707061 -27.264617    50.409    50.453 13 55327.78899008 32.062
  69 301.707686 -27.264772    50.073    50.058 14 55337.70463470 37.258
  70 301.709146 -27.266068    49.785    49.828 14 55347.62027862 34.520
  71 301.710654 -27.265730    49.600    49.525 14 55357.53592117 31.435
  72 301.711074 -27.264594    49.292    49.167 14 55367.45156148 32.279
  73 301.710649 -27.265404    49.053    49.036 14 55377.36719971 30.479
  74 301.712231 -27.265491    48.855    48.828 14 55387.28283724 54.777
  75 301.716130 -27.263924    53.444    54.514 15 55397.19847440 35.046
  76 301.719007 -27.262452    49.423    49.447 15 55407.11411741 39.777
  77 301.715490 -27.264144    48.883    48.639 15 55417.02976740 37.694
  78 301.711077 -27.264628    48.694    48.659 14 55426.94541434 54.507
  79 301.707059 -27.265474    48.669    48.607 13 55436.86105884 46.144
  80 301.705657 -27.264859    48.623    48.600 14 55446.77670289 46.426
  81 301.705872 -27.265504    49.728    48.791 13 55456.69234649 28.851
  82 301.708100 -27.264920    48.876    48.885 14 55466.60798982 28.585
  83 301.710532 -27.264522    56.822    57.919 14 55476.52362993 29.624
  84 301.711407 -27.265502    49.532    48.626 14 55486.43926633 31.214
  85 301.711825 -27.265673    49.023    49.019 14 55496.35490049 36.377
  86 301.713334 -27.264822    49.050    49.053 14 55506.27053619 40.947
  87 301.711609 -27.265365    48.682    48.517 15 55516.18618633 30.097
  88 301.712259 -27.264818    48.540    48.503 14 55526.10183605 47.228
  89 301.711467 -27.265578    49.045    49.014 14 55536.01748344 43.883
  90 301.709344 -27.266253    50.902    50.875 14 55545.93312885 33.966
  91 301.707553 -27.265236    49.776    49.786 13 55555.84877299 30.062
  92 301.706881 -27.264775    49.132    49.111 13 55565.76441643 52.628
  93 301.708119 -27.265255    49.083    49.160 14 55575.68005921 30.877
  94 301.709783 -27.265584    50.095    50.109 14 55585.59570029 45.109
  95 301.711611 -27.264986    50.001    50.054 14 55595.51133815 34.628
  96 301.712029 -27.265496    50.289    50.242 15 55605.42697220 43.353
  97 301.713506 -27.264902    55.040    55.478 14 55615.34260416 30.907
  98 301.714150 -27.264214    50.657    50.613 15 55625.25824457 43.841
  99 301.711551 -27.265797    50.830    50.852 14 55635.17389584 31.716
 100 301.710759 -27.265833    51.817    51.721 14 55645.08954544 32.187
 101 301.710386 -27.264907    52.077    52.005 14 55655.00519254 49.213
 102 301.708977 -27.265848    50.836    50.857 14 55664.92083480 37.392
 103 301.708403 -27.265186    54.834    54.629 13 55674.83647468 32.255
 104 301.708740 -27.265543    49.889    49.854 14 55684.75211299 31.923
 105 301.711953 -27.264871    49.431    49.443 14 55694.66775051 40.190
 106 301.717311 -27.263078    49.119    49.116 15 55704.58338704 40.636
 107 301.716971 -27.264128    49.196    49.295 15 55714.49903351 29.262
 108 301.713566 -27.265351    50.770    48.840 15 55724.41468165 32.160
 109 301.711223 -27.264632    49.695    49.133 14 55734.33032815 28.968
 110 301.709663 -27.265222    48.694    48.644 14 55744.24597305 32.709
 111 301.709807 -27.265227    49.581    49.498 14 55754.16161676 49.416
 112 301.711050 -27.265638    49.453    49.435 14 55764.07725821 44.016
 113 301.712193 -27.265450    49.625    49.516 15 55773.99289712 29.308
 114 301.712194 -27.265791    51.541    51.487 15 55783.90853274 49.164
 115 301.713361 -27.266136    49.866    49.858 15 55793.82416636 31.138
 116 301.716933 -27.263188    50.693    50.834 15 55803.73980401 31.911
 117 301.715385 -27.264235    50.234    50.204 15 55813.65545375 48.210
 118 301.714945 -27.263821    49.697    49.633 15 55823.57110190 33.588
 119 301.714020 -27.264965    49.432    49.431 15 55833.48674490 26.820
 120 301.714318 -27.264425    50.536    48.990 15 55843.40238403 36.865
 121 301.715407 -27.264413    50.052    49.990 15 55853.31801990 36.915
 122 301.717526 -27.263923    49.511    49.551 15 55863.23365633 29.087
 123 301.713759 -27.265807    49.892    49.885 15 55873.14930950 54.713
 124 301.714203 -27.264312    49.938    49.875 15 55883.06495865 47.115
 125 301.714715 -27.264320    50.241    50.214 15 55892.98060133 54.143
 126 301.716445 -27.264035    50.233    49.514 15 55902.89623886 29.287
 127 301.717405 -27.264166    49.137    49.160 15 55912.81187615 29.403
 128 301.712321 -27.265025    49.475    49.465 15 55922.72753047 51.728
 129 301.709679 -27.265132    48.870    48.921 14 55932.64318225 28.200
 130 301.708644 -27.264290    48.605    48.569 14 55942.55883003 41.134
 131 301.707217 -27.264803    50.963    49.391 14 55952.47447297 30.096
 132 301.706433 -27.265149    49.688    49.722 14 55962.39011235 50.617
 133 301.707537 -27.264563    48.949    48.919 14 55972.30574972 45.173
 134 301.710273 -27.266037    48.543    48.450 14 55982.22138539 38.013
 135 301.716041 -27.264148    49.022    48.969 15 55992.13702040 53.368
 136 301.714564 -27.265657    48.615    48.424 15 56002.05266712 33.631
 137 301.711591 -27.264495    48.706    48.660 14 56011.96831667 41.340
 138 301.708398 -27.265130    49.367    48.647 14 56021.88396244 34.022
 139 301.707143 -27.265359    51.170    51.315 14 56031.79960578 28.043
 140 301.709141 -27.264179    50.119    48.764 14 56041.71524774 27.958
 141 301.710829 -27.266198    49.312    49.312 14 56051.63088650 34.538
 142 301.715402 -27.263594    48.712    48.671 15 56061.54652360 31.088
 143 301.717027 -27.263819    50.784    50.873 15 56071.46216223 27.892
 144 301.713119 -27.264777    50.909    50.776 15 56081.37781180 27.298
 145 301.710797 -27.265156    49.815    49.827 14 56091.29345882 37.570
 146 301.710608 -27.265385    50.921    50.881 15 56101.20910362 42.228
 147 301.711376 -27.264917    50.732    50.772 14 56111.12473446 31.064
 148 301.711774 -27.266215    50.828    49.885 14 56121.04037319 54.802
 149 301.713389 -27.265818    49.477    49.296 15 56130.95600886 32.263
 150 301.715660 -27.263681    49.497    49.466 15 56140.87164378 38.496
 151 301.711381 -27.266031    49.117    49.119 14 56150.78729403 26.472
 152 301.710715 -27.266058    56.832    56.306 14 56160.70294338 28.329
 153 301.711498 -27.265356    48.417    48.391 14 56170.61859139 40.488
 154 301.711447 -27.265657    48.890    48.977 14 56180.53423508 26.089
 155 301.711203 -27.264848    49.199    48.614 14 56190.44987485 32.660
 156 301.711007 -27.265037    48.527    48.320 14 56200.36551136 36.268
 157 301.713848 -27.265157    48.550    48.595 15 56210.28114559 26.515
 158 301.720057 -27.262884    48.800    48.838 15 56220.19677868 29.572
 159 301.719767 -27.263019    49.509    49.414 15 56230.11242835 50.852
 160 301.716579 -27.264224    48.992    48.985 15 56240.02808100 26.727
 161 301.712927 -27.265214    48.200    48.163 14 56249.94372998 37.405
 162 301.711011 -27.265427    48.617    48.611 15 56259.85937469 45.187
 163 301.711074 -27.265306    49.104    48.755 14 56269.77501726 29.168
 164 301.711801 -27.265904    50.341    48.502 14 56279.69065809 25.701
 165 301.710057 -27.265249    52.660    53.059 15 56289.60630979 29.444
 166 301.707846 -27.264770    55.572    55.917 14 56299.52195860 29.933
 167 301.705612 -27.264694    49.309    49.368 13 56309.43760311 39.879
 168 301.705028 -27.263632    49.044    49.073 13 56319.35324529 36.318
 169 301.705220 -27.265309    49.052    48.585 13 56329.26888578 29.087
 170 301.708573 -27.265183    48.652    48.627 13 56339.18452595 54.159
 171 301.713080 -27.264800    49.511    49.459 15 56349.10016420 33.480
 172 301.716187 -27.264194    49.087    49.082 16 56359.01579999 30.803
 173 301.710293 -27.265963    50.898    50.446 14 56368.93144959 31.040
 175 301.705635 -27.264581    49.699    49.720 13 56388.76274291 50.267
 176 301.708235 -27.264404    50.460    50.369 14 56398.67838682 48.660
 177 301.710599 -27.266333    49.584    49.589 14 56408.59402766 36.682
 178 301.713811 -27.265410    49.519    49.270 15 56418.50966472 37.213
 179 301.717129 -27.263564    53.129    53.720 15 56428.42529807 28.356
 180 301.710887 -27.265383    50.325    49.556 14 56438.34095048 29.974
 181 301.707868 -27.265379    49.231    49.262 13 56448.25660076 55.644
 182 301.707681 -27.265194    52.242    50.729 13 56458.17224914 31.603
 183 301.707754 -27.265208    50.698    50.662 13 56468.08789428 35.086
 184 301.708082 -27.264968    53.951    53.415 14 56478.00353553 37.038
 185 301.708288 -27.265529    52.030    51.006 14 56487.91917301 33.859
 186 301.710258 -27.264771    50.079    50.121 14 56497.83480862 31.328
 187 301.713196 -27.266113    49.627    49.631 15 56507.75044293 35.265
 188 301.718858 -27.262868    49.927    49.586 15 56517.66608195 28.799
 189 301.716000 -27.265029    49.109    49.145 15 56527.58173578 28.278
 190 301.714428 -27.264093    50.108    49.405 15 56537.49738603 27.083
 192 301.708153 -27.264870    48.993    49.018 14 56557.32867467 28.102
 193 301.708522 -27.264725    49.019    48.983 14 56567.24431693 34.152
 194 301.711241 -27.265660    49.030    49.032 14 56577.15995792 54.621
 195 301.716810 -27.264153    49.475    49.447 15 56587.07559630 40.010
 196 301.719277 -27.263390    49.265    49.177 15 56596.99123702 30.500
 197 301.713664 -27.265082    49.256    49.235 14 56606.90688830 48.272
 198 301.710505 -27.264151    49.019    48.963 14 56616.82253564 55.145
 199 301.709162 -27.265230    49.059    49.060 13 56626.73817952 50.453
 200 301.710136 -27.266154    51.341    49.643 14 56636.65382088 29.447
 201 301.712570 -27.265350    49.161    49.149 15 56646.56946277 49.711
 202 301.708828 -27.265983    50.291    48.915 14 56656.48511510 32.049
 203 301.705903 -27.265603    50.122    49.376 13 56666.40076312 43.539
 204 301.705087 -27.264353    49.125    49.112 13 56676.31640858 54.531
 205 301.705541 -27.264885    51.047    49.576 14 56686.23205246 37.002
 206 301.707731 -27.265825    49.995    49.347 14 56696.14769438 31.077
 207 301.712373 -27.264579    48.687    48.674 14 56706.06333244 27.542
 208 301.715585 -27.265086    48.682    48.642 15 56715.97896546 34.101
 209 301.709350 -27.266233    48.377    48.390 14 56725.89461822 35.971
 210 301.706207 -27.263974    54.844    55.379 13 56735.81026810 32.824
 211 301.704808 -27.265188    49.693    49.248 13 56745.72591416 36.596
 212 301.707791 -27.265451    52.097    54.012 13 56755.64155640 27.563
 213 301.712994 -27.265308    54.652    54.382 14 56765.55719314 27.478
 214 301.715187 -27.264295    49.344    49.355 15 56775.47283274 50.835
 215 301.709384 -27.264300    50.850    50.830 14 56785.38848854 54.364
 216 301.704533 -27.264035    51.091    49.414 13 56795.30414062 30.784
 217 301.702074 -27.264487    49.646    49.550 12 56805.21978860 47.149
 218 301.704297 -27.263812    50.079    50.016 13 56815.13543043 37.278
 219 301.706234 -27.265350    53.161    53.164 13 56825.05106839 50.657
 220 301.709320 -27.265140    52.348    51.007 13 56834.96670312 32.180
 221 301.712651 -27.265617    53.599    53.986 15 56844.88233465 33.975
 222 301.712473 -27.264612    50.050    50.087 14 56854.79798029 38.744
 223 301.710123 -27.264473    50.293    50.334 14 56864.71363391 30.420
 224 301.707991 -27.265350    50.196    50.167 14 56874.62928660 30.704
 225 301.706978 -27.264842    49.641    49.684 13 56884.54493649 29.623
 226 301.705682 -27.265266    49.258    49.121 13 56894.46058295 28.251
 227 301.704802 -27.264531    49.046    48.868 12 56904.37622623 27.105
 228 301.703974 -27.265172    49.575    49.066 13 56914.29186705 29.317
 229 301.706173 -27.264971    49.010    48.928 13 56924.20750649 31.004
 230 301.710251 -27.265813    51.063    51.111 14 56934.12314336 31.110
 231 301.717226 -27.263718    50.443    50.405 16 56944.03877588 41.810
 232 301.716299 -27.263712    49.370    49.357 15 56953.95442368 37.063
 233 301.711505 -27.265258    53.103    52.812 14 56963.87007338 28.511
 234 301.708839 -27.265357    54.708    55.604 14 56973.78571906 29.976
 235 301.708949 -27.265893    49.202    49.273 14 56983.70136068 27.561
 236 301.712412 -27.265371    53.426    53.944 15 56993.61699792 26.669
 237 301.715520 -27.264599    49.089    48.998 15 57003.53263640 37.235
 238 301.709818 -27.266193    54.273    55.504 14 57013.44829249 27.443
 239 301.707256 -27.264501    52.575    53.423 14 57023.36394395 34.550
 240 301.705984 -27.265265    52.020    49.879 14 57033.27959221 29.699
 241 301.707066 -27.265199    50.860    49.539 13 57043.19523840 29.369
 242 301.708848 -27.264724    49.228    49.058 14 57053.11088237 31.720
 243 301.710468 -27.264798    49.173    49.036 14 57063.02652177 33.256
 244 301.712053 -27.265586    50.836    49.014 15 57072.94215602 27.236
 245 301.716257 -27.263614    49.642    49.364 15 57082.85778750 25.504
 246 301.714050 -27.265459    49.223    49.160 15 57092.77343510 32.559
 247 301.710816 -27.265124    49.373    49.306 14 57102.68909234 26.517
 248 301.709062 -27.265568    51.092    49.352 14 57112.60474572 28.209
 249 301.709188 -27.264646    49.476    48.818 14 57122.52039346 27.232
 250 301.708537 -27.265044    51.324    50.260 13 57132.43603508 32.273
 251 301.709663 -27.265211    48.678    48.581 13 57142.35167179 34.084
 252 301.712594 -27.265069    57.353    58.277 15 57152.26730554 27.612
 253 301.718421 -27.262690    48.825    48.809 15 57162.18293734 50.436
 254 301.713629 -27.265248    49.438    49.418 15 57172.09859308 43.095
 255 301.710220 -27.265781    49.128    49.143 14 57182.01424646 47.655
 256 301.707728 -27.265063    48.800    48.682 13 57191.92989645 30.838
 257 301.706429 -27.264530    50.697    49.129 13 57201.84554396 33.563
 258 301.706465 -27.265448    52.999    54.131 14 57211.76117793 30.429
 259 301.708503 -27.265807    51.821    51.823 14 57221.67682200 38.123
 260 301.710967 -27.264528    52.613    51.478 14 57231.59246501 31.071
 261 301.711723 -27.264880    49.690    49.631 14 57241.50810499 30.409
 262 301.712645 -27.264740    49.675    49.642 14 57251.42374226 51.586
 263 301.715035 -27.264360    52.908    53.586 15 57261.33937758 32.293
 264 301.719075 -27.263854    48.913    48.867 15 57271.25501180 52.132
 265 301.717048 -27.264365    48.531    48.488 15 57281.17066705 53.807
 266 301.714698 -27.265026    48.690    48.473 15 57291.08632160 33.120
 267 301.711298 -27.266130    48.278    48.204 14 57301.00197300 36.748
 268 301.709221 -27.264289    49.982    49.219 14 57310.91762173 27.698
 269 301.706394 -27.264863    54.735    55.217 14 57320.83326687 31.438
 270 301.705896 -27.264729    52.395    53.231 14 57330.74890995 29.963
 271 301.707875 -27.264722    51.656    50.458 14 57340.66455121 31.081
 272 301.706191 -27.265359    51.936    51.288 14 57350.58020211 33.519
 273 301.705873 -27.264971    52.873    52.780 13 57360.49584783 53.015
 274 301.705300 -27.264966    53.083    52.547 13 57370.41149011 39.293
 275 301.706060 -27.264906    55.525    56.145 14 57380.32712999 30.963
 276 301.709530 -27.264819    52.497    52.504 14 57390.24276888 52.326
 277 301.714287 -27.265487    53.183    52.706 15 57400.15840670 28.935
 278 301.718514 -27.263468    53.007    52.994 16 57410.07404662 47.496
 279 301.714043 -27.264534    51.974    51.954 15 57419.98969843 38.172
 280 301.709325 -27.264949    50.912    50.917 14 57429.90534803 35.599
 281 301.706958 -27.264515    50.849    50.805 13 57439.82099603 37.337
 282 301.707203 -27.265336    52.897    52.282 13 57449.73664302 32.148
 283 301.708730 -27.265819    53.335    52.835 14 57459.65228876 31.730
 284 301.711208 -27.265302    52.539    51.441 14 57469.56793145 32.867
 285 301.712767 -27.264927    51.529    51.311 14 57479.48356980 29.828
 286 301.713058 -27.265390    50.939    50.886 15 57489.39920445 54.337
 287 301.715662 -27.264339    51.766    51.091 15 57499.31483737 27.910
 288 301.716690 -27.263453    50.040    50.001 15 57509.23048042 34.551
 289 301.713115 -27.264958    49.583    49.466 14 57519.14613503 32.028
 290 301.711687 -27.264615    49.806    49.634 14 57529.06178748 31.618
 291 301.709371 -27.265519    50.234    50.188 14 57538.97743660 35.078
 292 301.707622 -27.264604    51.069    51.038 14 57548.89308367 42.372
 293 301.706053 -27.264825    50.499    50.472 13 57558.80872940 31.360
 294 301.706594 -27.265213    50.455    50.194 13 57568.72437468 37.519
 295 301.709173 -27.264460    51.338    49.691 14 57578.64001988 33.611
 296 301.711185 -27.264744    49.719    49.457 14 57588.55566325 30.605
 297 301.711273 -27.265206    49.253    49.118 14 57598.47130373 36.681
