#    4.608  -0.496   2.353 ;Mean Elev.(m), Avg Gradient(m/km), RMS Gradient(m/km) - SRTM1     
#    5.518  -0.266   3.171 ;Mean Elev.(m), Avg Gradient(m/km), RMS Gradient(m/km) - ASTER GDEM
#    4.519  -0.439   2.519 ;Mean Elev.(m), Avg Gradient(m/km), RMS Gradient(m/km) - GMTED2010 
   1 299.280778 -32.757208    33.359    29.717  7 54660.05891800 18.790
   2 299.285825 -32.769695    12.670    15.027 19 54669.97456605 28.937
   3 299.284561 -32.770690    14.311    14.959 18 54679.89020967 27.457
   4 299.285136 -32.770726    13.738    15.195 18 54689.80585240 26.180
   5 299.282127 -32.759844    13.903    18.700 14 54699.72149071 30.513
   6 299.279056 -32.750727    18.267    18.997  8 54709.63713353 28.333
   7 299.282727 -32.760420    12.996    19.263 14 54719.55278744 30.837
   8 299.285623 -32.770726    15.010    16.087 18 54729.46843874 25.815
   9 299.284014 -32.773481    27.991    28.811 16 54739.38408650 24.401
  10 299.284435 -32.777561    12.233    14.322 13 54749.29973442 33.767
  11 299.284596 -32.778991    26.425    27.943 13 54759.21538145 22.048
  12 299.284891 -32.777282    27.493    27.743 13 54769.13102551 22.811
  13 299.283842 -32.771101    28.913    28.676 17 54779.04666524 25.125
  14 299.285349 -32.769941     7.568     7.584 18 54788.96230383 33.506
  15 299.284952 -32.767545    16.208    18.247 17 54798.87794128 33.812
  16 299.283489 -32.763244    11.354     7.508 15 54808.79357862 32.745
  17 299.280177 -32.753825    11.360     7.063  9 54818.70921445 30.180
  18 299.284321 -32.765168    13.537    17.623 16 54828.62486957 27.147
  19 299.284351 -32.771509    24.090    27.647 17 54838.54051048 23.437
  20 299.284753 -32.780417    16.006    16.825 12 54848.45616211 27.233
  24 299.286743 -32.785783    28.069    27.836  8 54888.11875410 22.819
  25 299.284689 -32.780043    17.837    16.544 11 54898.03439409 27.374
  26 299.285950 -32.783727    12.075     6.706 10 54907.95003381 29.189
  27 299.286838 -32.786063    13.578    15.194  8 54917.86567212 27.325
  28 299.284441 -32.779068    14.528    16.041 12 54927.78130840 28.338
  29 299.283899 -32.771282    22.621    27.134 17 54937.69694412 23.740
  30 299.282755 -32.760868    12.543    19.500 13 54947.61257752 29.216
  31 299.280753 -32.750375    27.550    27.371  5 54957.52821040 22.306
  32 299.279207 -32.752092    27.987    27.328  9 54967.44385920 21.651
  33 299.284694 -32.766988    22.724    26.817 18 54977.35950989 22.339
  34 299.284998 -32.771365    23.544    26.929 18 54987.27515785 24.345
  35 299.284499 -32.771444    11.766     6.337 17 54997.19080493 27.298
  36 299.284285 -32.771454     8.106     6.062 18 55007.10645021 29.461
  37 299.283482 -32.771272    25.006    26.510 17 55017.02209324 24.929
  38 299.284762 -32.776316     6.410     6.394 14 55026.93773621 28.338
  39 299.284257 -32.777819    18.033    18.329 13 55036.85337806 27.028
  40 299.284464 -32.775467    20.095    25.822 15 55046.76901853 24.921
  41 299.285298 -32.768741    11.357     7.259 19 55056.68465647 29.789
  42 299.279030 -32.748957    17.558    17.762  6 55066.60028899 28.003
  43 299.281255 -32.756489    20.654    24.814 11 55076.51594087 31.358
  44 299.284897 -32.770772     8.010     6.879 18 55086.43159189 31.500
  45 299.285130 -32.778109     9.369     6.938 13 55096.34723948 27.836
  46 299.284602 -32.779022     8.685     7.453 13 55106.26288522 29.139
  47 299.284419 -32.776117    18.013    23.439 14 55116.17852977 29.720
  48 299.284363 -32.771606     9.748     7.635 18 55126.09417165 31.369
  49 299.285298 -32.770388     8.937     7.913 18 55136.00981185 32.843
  50 299.285299 -32.769752    10.324     8.216 18 55145.92545025 35.353
  51 299.284895 -32.769590    10.768     8.778 18 55155.84108829 36.106
  52 299.285539 -32.769832     9.864     8.887 19 55165.75672692 36.141
  53 299.283693 -32.763262     9.081     9.048 15 55175.67236387 38.425
  54 299.280642 -32.754924    14.870     9.398 10 55185.58800397 36.314
  55 299.285431 -32.769576    12.184     9.333 19 55195.50365912 35.203
  56 299.285052 -32.777485     9.224     9.237 14 55205.41931099 36.144
  57 299.287574 -32.788486    11.928     9.019  6 55215.33496289 34.213
  58 299.289170 -32.793592     8.807     8.807  2 55225.25061275 30.321
  59 299.287200 -32.787395     9.863     9.846  6 55235.16625791 45.286
  60 299.284974 -32.777704    10.804     9.667 14 55245.08189891 32.041
  61 299.283848 -32.773710    11.862     9.790 16 55254.99753827 34.097
  62 299.284279 -32.777286     9.443     9.485 13 55264.91317781 32.596
  63 299.285303 -32.781520    16.857    16.702 11 55274.82881682 30.105
  64 299.284633 -32.777118    10.143     9.035 13 55284.74445348 30.208
  65 299.285507 -32.769746    11.777     9.006 19 55294.66008806 33.626
  66 299.279263 -32.751613    14.275    16.506  7 55304.57572254 32.834
  67 299.281592 -32.758294     8.798     8.800 13 55314.49137164 38.652
  68 299.285160 -32.769429    12.642     8.822 19 55324.40701961 32.774
  69 299.284572 -32.772623    12.968     8.783 17 55334.32266407 29.118
  70 299.284141 -32.773932    11.003     8.850 16 55344.23830769 32.799
  71 299.284142 -32.772880    11.912     8.762 17 55354.15395013 28.295
  72 299.284845 -32.771938    13.609     8.613 17 55364.06959050 28.044
  73 299.284929 -32.770408    19.333    19.186 18 55373.98522902 28.173
  74 299.285700 -32.770662    11.161     7.916 18 55383.90086690 31.201
  75 299.285877 -32.769368     9.911     7.731 18 55393.81650379 32.027
  76 299.279769 -32.753889    15.875    23.586 10 55403.73213738 30.203
  77 299.282625 -32.760472    11.997     7.741 14 55413.64779071 32.874
  78 299.283046 -32.761892    11.957     7.746 15 55423.56344003 32.732
  79 299.283773 -32.764678     7.445     7.399 16 55433.47908696 33.709
  80 299.284354 -32.770736    21.837    26.785 18 55443.39473266 27.513
  81 299.284736 -32.775682    24.328    27.347 15 55453.31037659 26.167
  82 299.284191 -32.774780    27.563    27.491 15 55463.22601833 24.591
  83 299.284750 -32.770058    13.164    14.958 18 55473.14165724 29.388
  84 299.280844 -32.755909    23.135    26.652 10 55483.05729108 33.488
  85 299.280008 -32.749563    17.575    17.377  6 55492.97292468 26.146
  86 299.280585 -32.748741    17.751    17.144  4 55502.88855831 25.373
  87 299.280494 -32.754786    17.615    24.685 10 55512.80420632 34.127
  88 299.285432 -32.769448    13.604    15.750 18 55522.71985976 30.834
  89 299.284482 -32.771203    16.692    16.643 18 55532.63550875 28.114
  90 299.283880 -32.771898    28.352    28.408 17 55542.55115595 28.960
  91 299.284057 -32.774127    18.993    18.286 16 55552.46680145 26.946
  92 299.284853 -32.778439    21.982    27.875 13 55562.38244592 24.095
  93 299.284481 -32.777880    28.244    28.423 13 55572.29808842 22.735
  94 299.284706 -32.775123    20.908    20.014 16 55582.21372909 26.196
  95 299.285621 -32.770549    14.005    15.317 18 55592.12936614 29.550
  96 299.279622 -32.752426    20.401    25.577  8 55602.04499648 29.369
  97 299.280520 -32.748712    22.431    27.106  4 55611.96062830 26.932
  98 299.281295 -32.748153    13.024     8.323  4 55621.87626222 28.929
  99 299.281698 -32.757955    13.255     8.683 12 55631.79191741 37.965
 100 299.285479 -32.768862    12.631     8.702 18 55641.70757106 34.843
 101 299.285519 -32.769065    11.767     8.741 18 55651.62321951 35.110
 102 299.284094 -32.765440    12.086     8.884 17 55661.53886316 36.827
 103 299.285566 -32.769076    19.472    18.165 19 55671.45450510 35.760
 104 299.285744 -32.770880    13.129     9.200 18 55681.37014467 35.367
 105 299.285452 -32.769124     8.976     9.018 19 55691.28578149 36.788
 106 299.281952 -32.758912     8.763     8.902 12 55701.20141452 39.325
 107 299.279817 -32.752976    14.861     8.970  9 55711.11705351 34.962
 108 299.284130 -32.765032     7.849     7.735 16 55721.03270544 34.931
 109 299.285195 -32.771542    13.837    15.402 18 55730.94835396 31.672
 110 299.284259 -32.772374    14.254    15.816 18 55740.86400009 28.625
 111 299.284249 -32.772854    14.244     8.247 17 55750.77964522 28.392
 112 299.284583 -32.770746    11.062     7.625 17 55760.69528769 31.407
 113 299.286065 -32.769486    11.063     7.767 18 55770.61092761 33.563
 114 299.280496 -32.755620    15.244    22.246 11 55780.52656112 35.190
 115 299.279440 -32.749909    17.829    18.115  6 55790.44219388 29.962
 116 299.281085 -32.748549     8.398     8.229  4 55800.35782639 31.478
 117 299.279798 -32.750502     8.289     8.245  6 55810.27347463 38.708
 118 299.278842 -32.750884    13.175    14.111  8 55820.18912302 34.496
 119 299.278846 -32.748920     8.498     8.472  6 55830.10476641 39.384
 120 299.280459 -32.748725     8.086     8.057  5 55840.02040576 34.760
 121 299.281169 -32.748862    12.817     8.152  4 55849.93604225 31.015
 122 299.281310 -32.748730    12.784     8.235  4 55859.85167694 30.242
 123 299.279060 -32.751746    16.443    23.009  9 55869.76732796 37.732
 124 299.283428 -32.763354    11.694     8.134 16 55879.68298225 34.794
 125 299.284607 -32.765739    10.474     8.032 16 55889.59862781 34.846
 126 299.282679 -32.760887    13.573    19.202 14 55899.51426592 33.837
 127 299.279797 -32.752723    16.472    23.538  9 55909.42989833 31.866
 128 299.285512 -32.770101    14.009    15.429 19 55919.34555350 30.212
 129 299.284135 -32.771610    17.886    17.240 17 55929.26120653 27.114
 130 299.284354 -32.771120    19.145    18.184 18 55939.17685553 27.594
 131 299.284509 -32.769510     6.931     7.030 18 55949.09249944 29.967
 132 299.285302 -32.770285    17.417    17.120 18 55959.00813942 27.478
 133 299.285479 -32.770804    15.348    16.311 18 55968.92377712 28.149
 134 299.285627 -32.769489    18.239    17.933 19 55978.83941373 28.448
 135 299.280141 -32.754386    23.262    25.438 10 55988.75504658 33.779
 136 299.279586 -32.749807    24.317    27.473  5 55998.67068760 23.674
 137 299.278941 -32.751824    25.746    27.715  9 56008.58633951 30.086
 138 299.283877 -32.764548    14.904    18.480 16 56018.50198979 31.077
 139 299.284439 -32.771020     6.585     6.586 18 56028.41763522 42.330
 140 299.283618 -32.773256    27.780    27.887 16 56038.33327766 23.507
 141 299.283494 -32.771400    24.581    27.080 17 56048.24891715 25.607
 142 299.285364 -32.769640    16.151    16.250 18 56058.16455393 28.567
 143 299.279066 -32.749664     7.094     7.133  6 56068.08018197 37.834
 144 299.282787 -32.761688     8.565     7.169 15 56077.99583471 33.456
 145 299.284745 -32.771692    12.066     7.336 17 56087.91148502 28.096
 146 299.284212 -32.773910    17.562    16.939 17 56097.82713126 27.577
 147 299.284630 -32.772783    13.199     7.894 17 56107.74277494 28.077
 148 299.285874 -32.769391    11.147     8.008 18 56117.65840392 34.956
 149 299.279251 -32.751041    16.488    16.075  7 56127.57403722 31.549
 150 299.280630 -32.749267    15.878    10.807  5 56137.48967079 30.804
 151 299.280166 -32.753907    15.313     7.863  9 56147.40531719 35.822
 152 299.285506 -32.768946    14.801    16.763 18 56157.32096951 35.912
 153 299.284741 -32.768984     7.547     7.515 18 56167.23661725 34.825
 154 299.284675 -32.766536    13.967    16.639 17 56177.15226195 35.420
 155 299.280226 -32.754882    14.877    22.216 11 56187.06789968 35.593
 156 299.279533 -32.751669    18.853    19.638  7 56196.98353578 28.403
 157 299.278968 -32.750371    22.164    27.271  7 56206.89916959 31.131
 158 299.278893 -32.748970    21.456    21.595  6 56216.81480219 29.207
 159 299.279167 -32.749633    17.732    17.613  6 56226.73044446 31.371
 160 299.280479 -32.755518    14.954    22.175 11 56236.64610113 36.615
 161 299.283121 -32.762940    12.986     9.455 15 56246.56175443 34.154
 162 299.285705 -32.770394    13.028    14.914 18 56256.47740269 31.941
 163 299.284364 -32.771042    15.136    16.068 18 56266.39304540 29.574
 164 299.284637 -32.772709    26.389    27.548 17 56276.30868662 28.144
 165 299.284014 -32.771754    15.816    16.506 17 56286.22433319 27.685
 166 299.284603 -32.771085     9.431     7.290 17 56296.13998314 30.558
 167 299.284646 -32.769491    13.067    14.689 18 56306.05562872 28.971
 168 299.285268 -32.771725    14.167    15.599 18 56315.97127196 28.388
 169 299.283769 -32.772280    20.399    18.655 17 56325.88691314 25.635
 170 299.284239 -32.773272    16.909    17.157 17 56335.80255386 24.592
 171 299.285008 -32.769891    16.281    16.786 18 56345.71819264 28.919
 172 299.279599 -32.752654    25.053    27.002  9 56355.63382579 27.177
 173 299.280710 -32.755605    13.596     7.819 10 56365.54947332 33.251
 174 299.285343 -32.770175     9.650     7.708 18 56375.46512583 31.672
 176 299.284597 -32.780064    22.093    26.083 12 56395.29641720 25.358
 177 299.285238 -32.779492    15.911    17.717 13 56405.21205841 27.114
 178 299.284421 -32.772100    11.485     8.012 17 56415.12769484 30.151
 179 299.281279 -32.756971    13.411     8.232 11 56425.04332466 38.366
 180 299.282805 -32.761939     7.801     7.766 15 56434.95897271 36.444
 181 299.283551 -32.771460    14.595    16.048 17 56444.87462629 29.115
 182 299.284524 -32.778823    24.363    26.980 13 56454.79027714 25.958
 183 299.284556 -32.779340    20.022    19.053 12 56464.70592387 26.564
 184 299.283641 -32.773334    12.430     7.897 16 56474.62156565 29.083
 185 299.285180 -32.769745    10.398     8.317 18 56484.53720477 35.772
 186 299.283342 -32.762786    11.365     8.852 14 56494.45283965 38.875
 187 299.280699 -32.755794     9.069     8.990 10 56504.36847220 40.434
 188 299.279840 -32.749263     8.868     8.872  5 56514.28410328 36.772
 189 299.278689 -32.749946     8.504     8.506  7 56524.19975414 37.326
 190 299.280812 -32.755196    13.918     8.232 10 56534.11540623 36.353
 192 299.285644 -32.768912    11.893     7.752 19 56553.94670061 33.480
 193 299.284944 -32.771676    13.051    14.707 18 56563.86234371 30.172
 194 299.284282 -32.772364    14.232    15.379 17 56573.77798537 28.304
 195 299.285452 -32.771504    12.538     7.988 18 56583.69362471 31.587
 196 299.279812 -32.752609    20.125    25.701  8 56593.60925540 29.738
 197 299.283161 -32.762614    12.974     9.578 15 56603.52491116 33.220
 198 299.285389 -32.770743    12.024     8.168 18 56613.44056228 31.398
 199 299.284209 -32.771343    27.534    27.542 17 56623.35620733 29.553
 200 299.284421 -32.772155     7.539     7.558 17 56633.27184953 31.344
 201 299.285291 -32.768417     7.342     7.332 19 56643.18748606 37.332
 202 299.285215 -32.769014    18.269    17.034 19 56653.10313727 28.788
 203 299.284925 -32.769487    14.190    15.650 18 56663.01878656 28.340
 204 299.285092 -32.771819    15.207    16.181 18 56672.93443367 27.288
 205 299.283396 -32.772231    25.249    27.699 17 56682.85007902 24.184
 206 299.283540 -32.772904    27.027    29.036 16 56692.76572264 27.162
 207 299.284380 -32.769951    15.372    16.159 18 56702.68136160 29.296
 208 299.281004 -32.756316    15.856    21.697 12 56712.59699296 33.236
 209 299.284811 -32.766861    16.316    17.604 18 56722.51264300 28.427
 210 299.284021 -32.773739    14.073    15.410 17 56732.42829585 30.522
 211 299.285418 -32.782462    28.381    28.230 10 56742.34394535 21.015
 212 299.286204 -32.784592    11.659     7.764  9 56752.25958891 31.883
 213 299.284647 -32.775936    10.520     7.998 14 56762.17522466 29.884
 214 299.282976 -32.762610     9.462     8.141 15 56772.09085258 36.855
 215 299.283829 -32.771189    13.523    14.541 17 56782.00651089 30.044
 216 299.284692 -32.779647    17.039    17.130 12 56791.92216658 27.207
 217 299.289374 -32.794050    26.399    26.399  2 56801.83782103 24.935
 218 299.289110 -32.793180    26.293    26.240  3 56811.75346482 25.487
 219 299.286205 -32.783750    27.690    27.709 10 56821.66910265 26.066
 220 299.283564 -32.771553    12.773     8.701 17 56831.58473577 31.253
 221 299.282528 -32.760934    11.397     8.896 14 56841.50036600 37.723
 222 299.279016 -32.751174    11.481     9.327  8 56851.41600110 37.087
 223 299.285132 -32.769458    11.066     9.263 19 56861.33165919 34.260
 224 299.284239 -32.773102    12.209     9.262 17 56871.24731298 34.419
 225 299.284202 -32.775038    10.256     9.075 15 56881.16296352 32.393
 226 299.284852 -32.776888     8.868     8.880 13 56891.07861045 36.406
 227 299.284610 -32.778283     9.889     8.572 13 56900.99425426 31.946
 228 299.286558 -32.785452    16.919    17.784  8 56910.90989760 28.069
 229 299.286556 -32.785731    18.135    18.383  7 56920.82553814 24.960
 230 299.284706 -32.778030    18.062    24.237 13 56930.74117505 25.914
 231 299.285363 -32.770243    13.290    14.876 18 56940.65680744 30.822
 232 299.282046 -32.759164    13.084     8.575 12 56950.57244465 36.375
 233 299.285625 -32.771177    14.049    16.095 18 56960.48809963 30.741
 234 299.283826 -32.772688    14.231     8.212 17 56970.40374688 28.534
 235 299.284179 -32.773380    12.361     8.053 17 56980.31939006 39.641
 236 299.284842 -32.769622     7.673     7.657 18 56990.23502777 29.168
 237 299.279674 -32.750027     7.494     7.485  5 57000.15065543 38.793
 238 299.281367 -32.757458    17.703    22.454 12 57010.06631156 37.200
 239 299.285556 -32.769617    15.121    16.632 19 57019.98196650 29.786
 240 299.284733 -32.772698    20.815    19.941 17 57029.89761648 28.034
 241 299.284198 -32.774534    12.246     8.553 15 57039.81326475 29.042
 242 299.284314 -32.774745    13.652    15.614 15 57049.72891068 28.834
 243 299.284806 -32.771787    13.683    15.058 18 57059.64455206 30.276
 244 299.284797 -32.766903    15.856    17.491 18 57069.56018731 32.784
 245 299.281482 -32.757529    20.249    25.224 12 57079.47581704 31.788
 246 299.282659 -32.760743     8.324     8.278 13 57089.39145579 35.928
 247 299.284066 -32.773894    10.490     8.359 17 57099.30711662 32.821
 248 299.284613 -32.779447     8.287     8.309 13 57109.22277262 48.276
 249 299.284720 -32.777618    24.295    27.420 13 57119.13842163 24.281
 250 299.283533 -32.772876    17.873    17.909 16 57129.05406391 27.609
 251 299.283713 -32.771450    18.546    18.765 17 57138.96970140 27.337
 252 299.284930 -32.771135    18.005    16.937 17 57148.88533575 26.811
 253 299.282590 -32.760550    16.317    21.102 14 57158.80096518 30.127
 254 299.282182 -32.759901    15.370    20.354 13 57168.71661440 31.106
 255 299.285923 -32.769523    16.586    17.160 18 57178.63227269 27.402
 256 299.284850 -32.770355    16.409    17.361 18 57188.54792471 26.504
 257 299.284132 -32.772377    17.275    17.480 18 57198.46357294 26.366
 258 299.284459 -32.775769    20.654    24.433 15 57208.37920759 25.992
 259 299.285316 -32.777577    11.524     7.819 14 57218.29485196 29.134
 260 299.284541 -32.773172    12.243     8.079 17 57228.21049383 30.825
 261 299.285664 -32.770807    10.491     8.443 18 57238.12613409 34.642
 262 299.282559 -32.761152    14.440    20.202 14 57248.04176926 37.734
 263 299.280866 -32.756109     8.903     8.889 11 57257.95740298 39.690
 264 299.280350 -32.754306    12.399     8.760 10 57267.87303653 38.370
 265 299.284457 -32.765476    10.583     8.197 16 57277.78868708 35.232
 266 299.284977 -32.770176    12.112     8.215 18 57287.70434457 30.429
 267 299.284651 -32.771063    20.505    20.173 18 57297.61999849 29.251
 268 299.284679 -32.771793    14.352    14.496 17 57307.53564888 28.849
 269 299.284144 -32.774739    20.443    19.812 15 57317.45129598 26.040
 270 299.285081 -32.780578    26.702    28.098 12 57327.36694030 24.000
 271 299.284686 -32.779703    28.156    28.092 13 57337.28258092 23.573
 272 299.285261 -32.779575    16.071    16.631 13 57347.19822860 28.950
 273 299.283929 -32.773904    10.455     8.361 16 57357.11387406 36.106
 274 299.284509 -32.771497    12.530     8.761 18 57367.02951688 30.496
 275 299.284354 -32.770032    11.981     8.952 18 57376.94515683 32.647
 276 299.284613 -32.769830    10.500     9.509 18 57386.86079555 33.769
 277 299.284658 -32.766929     9.824     9.807 18 57396.77643321 37.841
 278 299.279763 -32.752294    14.250     9.949  8 57406.69206707 34.934
 279 299.280859 -32.756314    13.023    10.026 11 57416.60771955 39.485
 280 299.285233 -32.768988    12.742    10.009 19 57426.52337421 35.423
 281 299.284191 -32.774476    10.757     9.705 16 57436.43902396 35.444
 282 299.285930 -32.783569    12.806     9.457 10 57446.35467269 30.211
 283 299.286711 -32.786911    14.451    14.709  6 57456.27031908 30.108
 284 299.284837 -32.779507    28.825    27.918 13 57466.18596063 26.504
 285 299.285282 -32.771311    10.420     9.523 18 57476.10159829 35.049
 286 299.281484 -32.757315    20.800    23.831 11 57486.01723097 33.434
 287 299.279116 -32.749549    22.143    22.541  6 57495.93286256 29.759
 288 299.279762 -32.749514     9.625     9.603  5 57505.84849711 32.075
 289 299.285443 -32.768838    10.510     9.542 18 57515.76415779 33.709
 290 299.285478 -32.771573    10.061     9.147 18 57525.67981231 34.003
 291 299.284764 -32.769384    10.865     8.864 18 57535.59546339 32.897
 292 299.284819 -32.769974     8.776     8.771 18 57545.51111221 38.165
 293 299.284231 -32.771804    11.869     8.597 17 57555.42675898 30.104
 294 299.284880 -32.776009    26.036    27.418 15 57565.34240462 29.636
 295 299.284522 -32.776109    16.590    17.427 14 57575.25804854 30.482
 296 299.283604 -32.772519    13.934    15.881 17 57585.17369085 30.788
 297 299.284798 -32.771496    21.624    20.099 17 57595.08933175 31.626
