-190675.070    37.363     0.00    1.40
-190385.632    37.301    -0.21    1.46
-190096.180    37.226    -0.26    1.46
-189806.713    36.817    -1.42    1.60
-189517.233    36.509    -1.06    1.47
-189227.738    36.348    -0.56    1.42
-188938.230    36.186    -0.56    1.34
-188648.707    36.051    -0.47    1.31
-188359.171    36.042    -0.03    1.42
-188069.620    35.758    -0.98    1.48
-187780.055    35.632    -0.44    1.52
-187490.476    35.524    -0.37    1.60
-187200.883    35.370    -0.53    1.59
-186911.276    35.087    -0.98    1.64
-186621.655    34.935    -0.52    1.61
-186332.019    34.519    -1.44    1.27
-186042.370    34.206    -1.08    1.16
-185752.706    34.040    -0.57    1.08
-185463.029    33.786    -0.88    0.96
-185173.337    33.669    -0.40    1.17
-184883.631    33.624    -0.15    1.42
-184593.911    33.573    -0.18    1.39
-184304.177    33.493    -0.27    1.42
-184014.429    33.480    -0.05    1.48
-183724.667    33.418    -0.21    1.51
-183434.890    33.445     0.09    1.45
-183145.100    33.283    -0.56    1.30
-182855.295    33.083    -0.69    0.96
-182565.476    32.964    -0.41    0.99
-182275.643    32.709    -0.88    0.96
-181985.796    32.627    -0.28    0.96
-181695.935    32.577    -0.17    0.94
-181406.059    32.377    -0.69    1.04
-181116.170    32.161    -0.75    0.92
-180826.266    32.134    -0.09    0.93
-180536.348    32.201     0.23    1.02
-180246.416    32.069    -0.45    0.95
-179956.470    31.980    -0.31    0.97
-179666.510    32.066     0.29    1.07
-179379.241    32.027    -0.14    1.07
-179092.279    31.967    -0.21    0.99
-178805.304    31.848    -0.41    0.94
-178518.315    31.669    -0.63    1.06
-178231.312    31.519    -0.52    1.12
-177944.295    31.534     0.05    1.13
-177657.264    31.339    -0.68    1.18
-177370.220    31.221    -0.41    1.14
-177083.162    31.101    -0.42    1.05
-176796.089    31.008    -0.33    0.97
-176509.003    30.951    -0.20    0.88
-176221.904    31.042     0.32    0.85
-175934.790    30.982    -0.21    0.83
-175647.662    30.943    -0.13    0.87
-175360.521    30.745    -0.69    1.03
-175073.366    30.773     0.10    1.06
-174786.197    30.657    -0.41    1.13
-174499.014    30.699     0.15    0.95
-174211.817    30.654    -0.16    0.99
-173924.606    30.529    -0.43    0.97
-173637.381    30.545     0.06    0.95
-173350.143    30.451    -0.33    0.95
-173062.891    30.417    -0.12    0.92
-172775.624    30.348    -0.24    0.94
-172488.344    30.333    -0.05    1.00
-172201.050    30.310    -0.08    0.94
-171913.742    30.454     0.50    0.89
-171626.421    30.386    -0.23    0.80
-171339.085    30.407     0.07    0.74
-171051.735    30.370    -0.13    0.87
-170764.372    30.415     0.15    0.93
-170476.994    30.400    -0.05    0.96
-170189.603    30.480     0.28    0.95
-169902.198    30.504     0.08    0.95
-169614.779    30.456    -0.17    0.99
-169327.346    30.495     0.13    0.90
-169039.899    30.519     0.08    0.78
-168752.438    30.415    -0.36    0.93
-168464.963    30.310    -0.36    0.93
-168177.474    30.320     0.03    1.06
-167889.972    30.296    -0.08    1.20
-167602.455    30.340     0.15    1.26
-167314.925    30.266    -0.26    1.21
-167027.380    30.339     0.25    1.13
-166739.822    30.310    -0.10    1.09
-166452.250    30.251    -0.21    1.09
-166164.663    30.106    -0.50    1.00
-165877.063    30.172     0.23    0.92
-165589.449    30.196     0.09    0.98
-165301.821    30.241     0.16    0.97
-165014.179    30.148    -0.32    0.96
-164726.523    30.127    -0.07    0.92
-164438.853    29.952    -0.61    0.98
-164151.169    29.964     0.04    0.93
-163863.471    29.951    -0.05    0.91
-163575.759    29.922    -0.10    1.05
-163288.033    29.908    -0.05    1.09
-163000.293    30.006     0.34    1.05
-162712.539    30.010     0.01    1.00
-162424.772    30.146     0.47    1.04
-162136.990    30.124    -0.08    1.05
-161849.194    30.087    -0.13    0.98
-161561.384    30.251     0.57    0.87
-161273.561    30.309     0.20    0.90
-160985.723    30.330     0.07    0.92
-160697.871    30.304    -0.09    0.94
-160410.006    30.211    -0.32    0.95
-160122.126    30.172    -0.14    0.93
-159834.232    30.146    -0.09    0.90
-159546.324    30.101    -0.16    0.91
-159258.403    30.063    -0.13    0.89
-158970.467    30.066     0.01    0.95
-158682.517    30.072     0.02    0.93
-158394.553    30.217     0.50    0.93
-158106.576    30.131    -0.30    0.95
-157818.584    30.057    -0.26    1.00
-157530.578    29.907    -0.52    1.06
-157242.558    29.954     0.16    1.09
-156954.524    29.878    -0.26    0.99
-156666.476    29.803    -0.26    0.97
-156378.414    29.693    -0.38    0.93
-156090.338    29.620    -0.25    0.95
-155802.248    29.594    -0.09    0.96
-155514.144    29.569    -0.09    0.95
-155226.026    29.560    -0.03    0.96
-154937.894    29.432    -0.44    0.95
-154649.747    29.400    -0.11    0.96
-154361.587    29.478     0.27    0.95
-154073.413    29.575     0.34    0.99
-153785.224    29.609     0.12    1.03
-153497.022    29.554    -0.19    1.07
-153208.805    29.504    -0.17    1.15
-152920.575    29.247    -0.89    1.43
-152632.330    28.594    -2.27    2.03
-152344.071    27.894    -2.43    2.28
-152055.798    27.181    -2.47    2.26
-151767.511    26.296    -3.07    2.03
-151479.210    25.716    -2.01    1.67
-151190.895    25.466    -0.87    1.39
-150902.566    25.540     0.26    1.53
-150614.223    26.120     2.01    2.13
-150325.865    26.988     3.01    2.40
-150037.494    27.969     3.40    2.60
-149749.108    28.802     2.89    2.52
-149460.709    29.524     2.50    2.16
-149172.295    29.803     0.97    1.78
-148883.867    29.909     0.37    1.41
-148595.425    30.014     0.37    1.22
-148306.969    29.988    -0.09    1.25
-148018.499    29.908    -0.28    1.31
-147730.014    29.893    -0.05    1.32
-147441.516    29.848    -0.16    1.32
-147153.003    29.907     0.20    1.32
-146864.477    29.878    -0.10    1.30
-146575.936    29.938     0.21    1.19
-146287.381    29.894    -0.15    1.03
-145998.812    29.878    -0.06    0.98
-145710.228    29.997     0.41    1.00
-145421.631    30.095     0.34    1.00
-145133.019    30.024    -0.24    1.06
-144844.394    29.924    -0.35    1.03
-144555.754    30.029     0.36    1.05
-144267.100    29.894    -0.47    1.15
-143978.432    29.651    -0.84    1.07
-143689.749    29.624    -0.09    1.03
-143401.053    29.573    -0.18    1.03
-143112.342    29.674     0.35    1.00
-142823.618    29.647    -0.09    1.05
-142534.879    29.590    -0.20    1.07
-142246.125    29.628     0.13    0.97
-141957.358    29.609    -0.07    1.06
-141668.577    29.579    -0.10    1.07
-141379.781    29.466    -0.39    0.96
-141090.971    29.457    -0.03    0.90
-140802.147    29.478     0.07    0.82
-140513.309    29.363    -0.40    0.90
-140224.457    29.386     0.08    0.96
-139935.590    29.400     0.05    1.09
-139646.709    29.504     0.36    1.10
-139357.814    29.407    -0.34    1.16
-139068.905    29.283    -0.43    1.23
-138779.982    29.247    -0.12    1.14
-138491.044    29.272     0.08    1.12
-138202.092    29.164    -0.37    1.16
-137913.126    29.072    -0.32    1.07
-137624.146    28.997    -0.26    1.03
-137335.151    29.069     0.25    1.00
-137046.143    28.863    -0.71    1.15
-136757.120    28.740    -0.43    1.26
-136468.083    28.560    -0.62    1.23
-136179.031    28.418    -0.49    1.27
-135889.966    28.415    -0.01    1.23
-135600.886    28.236    -0.62    1.29
-135311.792    28.392     0.54    1.28
-135022.683    28.428     0.12    1.22
-134733.561    28.540     0.39    1.37
-134444.424    28.560     0.07    1.35
-134155.273    28.672     0.39    1.33
-133866.108    28.848     0.61    1.44
-133576.928    29.281     1.50    1.54
-133287.734    29.422     0.49    1.62
-132998.526    29.631     0.72    1.55
-132709.304    29.832     0.70    1.50
-132420.067    30.378     1.89    1.45
-132130.816    30.550     0.60    1.50
-131841.551    30.788     0.82    1.56
-131552.272    31.266     1.65    1.56
-131262.978    31.297     0.11    1.61
-130973.670    31.451     0.53    1.66
-130684.348    31.493     0.15    2.36
-130395.011    31.499     0.02    2.91
-130105.661    31.394    -0.36    2.86
-129816.295    31.266    -0.44    2.77
-129526.916    31.236    -0.10    2.39
-129237.522    31.254     0.06    2.25
-128948.114    31.098    -0.54    1.90
-128658.692    31.293     0.68    1.88
-128369.255    31.181    -0.39    1.91
-128079.804    30.955    -0.78    1.91
-127790.339    31.012     0.20    1.91
-127500.860    30.848    -0.57    1.81
-127211.366    30.616    -0.80    1.71
-126921.858    30.583    -0.11    1.67
-126632.335    30.601     0.06    1.75
-126342.798    31.045     1.53    1.90
-126053.247    31.035    -0.03    1.76
-125763.682    30.908    -0.44    1.88
-125474.102    30.817    -0.31    1.98
-125184.508    30.747    -0.24    1.94
-124894.899    30.627    -0.41    1.94
-124605.276    30.417    -0.73    1.95
-124315.639    30.348    -0.24    1.89
-124025.988    30.170    -0.61    2.05
-123736.322    30.317     0.51    1.94
-123446.641    30.570     0.87    2.01
-123156.947    30.660     0.31    2.15
-122867.238    30.818     0.55    2.09
-122577.515    30.340    -1.65    2.32
-122287.777    29.741    -2.06    2.24
-121998.025    29.217    -1.81    2.11
-121708.258    28.590    -2.16    1.96
-121418.478    28.140    -1.55    1.70
-121128.682    27.587    -1.91    1.50
-120838.873    27.317    -0.93    1.33
-120549.049    27.241    -0.26    1.40
-120259.211    27.012    -0.79    1.40
-119969.358    26.832    -0.62    1.31
-119679.491    26.802    -0.10    1.21
-119389.609    26.802     0.00    1.21
-119099.714    26.893     0.31    1.34
-118809.803    27.170     0.96    1.44
-118519.879    27.393     0.77    1.69
-118229.940    28.042     2.24    2.08
-117939.986    29.014     3.35    2.62
-117650.018    29.936     3.18    2.62
-117361.435    30.833     3.11    2.63
-117074.515    31.758     3.22    2.15
-116787.581    32.263     1.76    1.90
-116500.633    32.575     1.09    1.68
-116213.671    32.654     0.28    1.66
-115926.695    32.740     0.30    1.61
-115639.705    32.802     0.22    1.66
-115352.701    32.681    -0.42    1.41
-115065.683    32.613    -0.24    1.48
-114778.651    32.728     0.40    1.64
-114491.604    32.770     0.15    1.75
-114204.544    32.624    -0.51    1.78
-113917.469    32.691     0.23    1.73
-113630.380    32.893     0.70    1.76
-113343.278    33.087     0.68    1.86
-113056.161    33.106     0.07    1.84
-112769.030    33.594     1.70    1.65
-112481.885    33.509    -0.30    1.65
-112194.726    33.460    -0.17    1.71
-111907.553    33.529     0.24    1.70
-111620.365    33.686     0.55    1.83
-111333.164    33.524    -0.56    1.85
-111045.948    33.263    -0.91    2.04
-110758.718    32.921    -1.19    2.22
-110471.474    32.773    -0.51    2.23
-110184.217    32.564    -0.73    2.29
-109896.944    32.260    -1.06    2.38
-109609.658    31.878    -1.33    2.06
-109322.358    31.788    -0.31    1.95
-109035.043    31.747    -0.14    2.08
-108747.715    31.718    -0.10    1.96
-108460.372    31.995     0.96    2.04
-108173.015    32.251     0.89    1.96
-107885.644    32.476     0.78    1.75
-107598.259    32.922     1.55    1.73
-107310.859    32.803    -0.42    1.64
-107023.446    32.776    -0.09    1.51
-106736.018    32.891     0.40    1.61
-106448.576    32.863    -0.10    1.71
-106161.120    33.024     0.56    1.67
-105873.650    33.037     0.04    1.58
-105586.166    33.266     0.79    1.60
-105298.667    33.408     0.50    1.68
-105011.155    33.495     0.30    1.72
-104723.628    33.463    -0.11    1.66
-104436.087    33.385    -0.27    1.52
-104148.532    33.281    -0.36    1.62
-103860.962    33.206    -0.26    1.64
-103573.379    32.787    -1.46    1.79
-103285.781    32.463    -1.13    1.88
-102998.169    31.980    -1.68    1.96
-102710.543    31.451    -1.84    2.20
-102422.902    30.907    -1.89    2.20
-102135.248    30.438    -1.63    2.23
-101847.579    29.940    -1.73    2.13
-101559.896    29.651    -1.00    1.99
-101272.199    29.155    -1.72    1.86
-100984.487    28.833    -1.12    1.80
-100696.762    28.573    -0.90    1.38
-100409.022    28.524    -0.17    1.43
-100121.268    28.802     0.97    1.83
 -99833.499    29.090     1.00    2.22
 -99545.717    29.332     0.84    2.53
 -99257.920    29.560     0.79    2.64
 -98970.109    29.878     1.11    2.78
 -98682.284    30.116     0.83    2.82
 -98394.444    30.196     0.28    2.90
 -98106.591    30.201     0.02    2.84
 -97818.723    30.206     0.02    2.78
 -97530.841    30.217     0.04    2.81
 -97242.944    29.999    -0.76    2.77
 -96955.034    29.878    -0.42    2.81
 -96667.109    29.415    -1.61    2.50
 -96379.169    29.310    -0.36    2.34
 -96091.216    29.616     1.06    2.50
 -95803.248    29.730     0.40    2.50
 -95515.266    29.893     0.57    2.67
 -95227.270    30.257     1.26    2.83
 -94939.259    30.909     2.26    2.96
 -94651.235    31.407     1.73    3.19
 -94363.196    32.087     2.36    3.48
 -94075.142    32.877     2.75    3.76
 -93787.074    33.993     3.87    3.69
 -93498.993    35.438     5.02    3.42
 -93210.896    36.120     2.37    3.13
 -92922.786    36.566     1.55    2.58
 -92634.661    36.907     1.18    2.08
 -92346.522    37.012     0.36    2.05
 -92058.369    36.790    -0.77    1.98
 -91770.201    36.774    -0.05    1.78
 -91482.019    36.245    -1.84    1.68
 -91193.823    35.982    -0.91    1.77
 -90905.612    35.767    -0.74    1.55
 -90617.387    35.745    -0.08    1.64
 -90329.148    35.657    -0.31    1.67
 -90040.894    35.529    -0.44    1.68
 -89752.626    35.616     0.30    2.00
 -89464.344    35.392    -0.78    2.35
 -89176.047    35.146    -0.85    2.52
 -88887.737    34.959    -0.65    2.56
 -88599.411    34.245    -2.48    2.67
 -88311.072    33.863    -1.33    2.55
 -88022.718    33.732    -0.45    2.33
 -87734.350    33.558    -0.60    1.98
 -87445.967    33.544    -0.05    1.82
 -87157.570    33.624     0.28    1.80
 -86869.159    33.752     0.44    1.67
 -86580.733    33.892     0.49    1.40
 -86292.293    33.627    -0.92    1.37
 -86003.839    33.631     0.01    1.42
 -85715.370    33.577    -0.19    1.46
 -85426.887    33.657     0.28    1.47
 -85138.390    33.878     0.77    1.43
 -84849.878    34.191     1.09    1.43
 -84561.352    34.385     0.67    1.45
 -84272.811    34.377    -0.03    1.51
 -83984.256    34.399     0.07    1.61
 -83695.687    34.448     0.17    1.55
 -83407.103    34.407    -0.14    1.56
 -83118.505    34.334    -0.25    1.44
 -82829.893    34.175    -0.55    1.36
 -82541.266    33.848    -1.13    1.55
 -82252.625    33.499    -1.21    1.57
 -81963.969    33.413    -0.30    1.76
 -81675.299    33.196    -0.75    2.23
 -81386.615    32.654    -1.88    2.72
 -81097.916    31.480    -4.06    3.36
 -80809.203    30.222    -4.36    3.73
 -80520.475    29.560    -2.29    3.65
 -80231.733    28.817    -2.57    3.56
 -79942.976    28.341    -1.65    3.28
 -79654.205    27.936    -1.40    3.09
 -79365.420    27.519    -1.44    2.85
 -79076.620    27.922     1.39    2.96
 -78787.806    27.970     0.17    2.92
 -78498.977    28.045     0.26    2.85
 -78210.134    28.478     1.50    2.98
 -77921.277    28.980     1.74    3.18
 -77632.405    29.602     2.15    3.27
 -77343.519    30.251     2.25    3.16
 -77054.618    30.745     1.71    2.84
 -76765.702    31.309     1.95    2.29
 -76476.773    31.545     0.82    2.13
 -76187.828    31.726     0.63    1.85
 -75898.870    31.333    -1.36    1.62
 -75609.897    30.833    -1.73    1.74
 -75320.909    30.304    -1.83    2.00
 -75031.907    29.980    -1.12    2.07
 -74742.891    29.509    -1.63    2.35
 -74453.860    29.196    -1.08    2.69
 -74164.814    28.728    -1.62    2.71
 -73875.754    28.072    -2.27    3.05
 -73586.680    27.616    -1.58    3.21
 -73297.591    26.878    -2.56    3.07
 -73008.488    26.392    -1.68    2.86
 -72719.370    26.355    -0.13    2.88
 -72430.237    26.196    -0.55    2.71
 -72141.091    26.087    -0.38    2.80
 -71851.929    25.922    -0.57    2.71
 -71562.753    26.124     0.70    2.66
 -71273.563    25.967    -0.54    2.58
 -70984.358    25.848    -0.41    2.60
 -70695.139    25.938     0.31    2.69
 -70405.905    26.332     1.36    3.11
 -70116.657    26.216    -0.40    3.02
 -69827.394    25.758    -1.58    3.00
 -69538.116    25.520    -0.82    2.97
 -69248.824    25.539     0.07    2.95
 -68959.518    25.230    -1.07    2.99
 -68670.197    25.296     0.23    2.82
 -68380.861    25.476     0.62    2.87
 -68091.511    25.804     1.13    3.11
 -67802.147    25.519    -0.98    3.18
 -67512.768    25.066    -1.57    3.35
 -67223.374    24.616    -1.55    3.25
 -66933.966    24.201    -1.44    3.12
 -66644.543    23.952    -0.86    3.06
 -66355.106    24.003     0.18    3.17
 -66065.654    24.069     0.23    3.27
 -65776.187    23.728    -1.18    3.09
 -65486.706    23.689    -0.14    2.96
 -65197.211    23.602    -0.30    2.90
 -64907.701    23.713     0.39    2.81
 -64618.176    23.966     0.87    3.02
 -64328.637    23.942    -0.08    3.10
 -64039.083    24.161     0.76    3.16
 -63749.514    24.289     0.44    2.86
 -63459.931    24.341     0.18    2.62
 -63170.334    24.833     1.70    2.75
 -62880.722    25.564     2.52    2.70
 -62591.095    25.833     0.93    2.52
 -62301.454    26.371     1.86    2.34
 -62011.798    26.908     1.86    2.41
 -61722.127    27.790     3.04    2.12
 -61432.442    28.385     2.05    1.82
 -61142.742    28.558     0.60    1.75
 -60853.028    28.770     0.73    1.55
 -60563.299    28.833     0.22    1.61
 -60273.555    28.863     0.10    1.62
 -59983.797    28.709    -0.53    1.77
 -59694.025    28.196    -1.77    1.94
 -59404.237    27.549    -2.23    2.15
 -59114.435    27.101    -1.54    2.17
 -58824.618    26.417    -2.36    1.99
 -58534.787    25.773    -2.22    1.79
 -58244.941    25.135    -2.20    1.58
 -57955.081    24.757    -1.31    1.50
 -57665.206    24.510    -0.85    1.57
 -57375.316    24.332    -0.61    1.60
 -57085.411    23.999    -1.15    1.38
 -56795.492    23.893    -0.37    1.48
 -56505.558    23.728    -0.57    1.54
 -56215.610    23.560    -0.58    1.46
 -55925.647    23.510    -0.17    1.50
 -55635.669    23.534     0.08    1.62
 -55345.712    23.893     1.24    1.79
 -55058.836    23.745    -0.52    1.72
 -54771.946    23.893     0.51    1.74
 -54485.042    24.263     1.29    1.59
 -54198.123    24.348     0.30    1.54
 -53911.190    24.281    -0.23    1.45
 -53624.243    23.937    -1.20    1.22
 -53337.281    24.057     0.42    1.29
 -53050.305    24.211     0.54    1.28
 -52763.315    24.196    -0.05    1.32
 -52476.311    24.257     0.21    1.26
 -52189.292    24.146    -0.38    1.32
 -51902.259    24.128    -0.06    1.35
 -51615.211    24.106    -0.08    1.24
 -51328.149    23.907    -0.69    1.30
 -51041.073    23.734    -0.60    1.17
 -50753.983    23.370    -1.27    1.21
 -50466.878    23.422     0.18    1.26
 -50179.759    23.216    -0.72    1.47
 -49892.625    23.081    -0.47    1.47
 -49605.477    22.922    -0.55    1.36
 -49318.315    22.642    -0.98    1.42
 -49031.138    22.471    -0.59    1.49
 -48743.947    22.177    -1.03    1.72
 -48456.742    21.642    -1.86    1.68
 -48169.523    21.091    -1.92    1.51
 -47882.289    20.753    -1.18    1.51
 -47595.040    20.534    -0.76    1.60
 -47307.777    20.075    -1.60    1.63
 -47020.500    19.819    -0.89    1.59
 -46733.209    19.703    -0.40    1.61
 -46445.903    19.236    -1.63    1.73
 -46158.583    18.967    -0.94    1.75
 -45871.248    18.802    -0.57    1.77
 -45583.899    18.711    -0.32    1.91
 -45296.536    18.632    -0.28    1.94
 -45009.158    18.385    -0.86    2.01
 -44721.766    18.639     0.88    2.15
 -44434.359    18.924     0.99    2.37
 -44146.938    19.340     1.45    2.41
 -43859.503    19.654     1.09    2.31
 -43572.053    19.832     0.62    2.08
 -43284.589    19.997     0.57    1.87
 -42997.110    19.955    -0.15    1.73
 -42709.617    19.863    -0.32    1.57
 -42422.109    19.997     0.47    1.47
 -42134.588    20.022     0.09    1.39
 -41847.051    20.182     0.55    1.17
 -41559.501    20.278     0.34    0.93
 -41271.935    20.113    -0.58    0.95
 -40984.356    19.956    -0.54    1.06
 -40696.762    19.760    -0.68    1.04
 -40409.153    19.422    -1.18    1.20
 -40121.530    19.163    -0.90    1.22
 -39833.893    18.877    -0.99    1.10
 -39546.241    18.696    -0.63    1.02
 -39258.575    18.569    -0.44    1.22
 -38970.894    18.401    -0.58    1.23
 -38683.199    18.296    -0.37    1.25
 -38395.490    17.863    -1.50    1.64
 -38107.766    17.260    -2.10    2.12
 -37820.027    16.558    -2.44    2.32
 -37532.274    16.170    -1.35    2.14
 -37244.507    16.363     0.67    2.63
 -36956.725    16.408     0.16    2.61
 -36668.928    16.878     1.63    2.52
 -36381.117    17.274     1.38    2.32
 -36093.292    17.460     0.64    1.63
 -35805.452    17.689     0.80    1.40
 -35517.598    17.877     0.66    1.28
 -35229.729    18.135     0.90    1.38
 -34941.846    18.317     0.63    1.39
 -34653.948    18.340     0.08    1.40
 -34366.036    18.554     0.74    1.34
 -34078.109    18.534    -0.07    1.35
 -33790.168    18.577     0.15    1.26
 -33502.212    18.672     0.33    1.12
 -33214.242    18.642    -0.10    1.13
 -32926.257    18.848     0.71    1.17
 -32638.258    18.770    -0.27    1.17
 -32350.244    19.010     0.83    1.25
 -32062.215    19.146     0.47    1.26
 -31774.172    19.063    -0.29    1.33
 -31486.115    18.966    -0.34    1.38
 -31198.043    19.022     0.20    1.38
 -30909.957    18.699    -1.12    1.19
 -30621.856    18.766     0.23    1.14
 -30333.740    18.730    -0.12    1.06
 -30045.610    18.609    -0.42    0.97
 -29757.466    18.384    -0.78    1.11
 -29469.306    18.163    -0.77    1.39
 -29181.133    17.732    -1.49    1.73
 -28892.944    16.892    -2.92    2.32
 -28604.742    16.191    -2.43    2.34
 -28316.524    15.466    -2.52    2.43
 -28028.292    14.377    -3.78    2.32
 -27740.046    13.648    -2.53    1.93
 -27451.785    13.048    -2.08    1.64
 -27163.509    12.657    -1.36    1.19
 -26875.219    12.529    -0.44    1.16
 -26586.914    12.438    -0.32    1.29
 -26298.595    12.514     0.26    1.16
 -26010.261    12.447    -0.23    1.20
 -25721.913    12.341    -0.37    1.31
 -25433.549    12.297    -0.15    1.40
 -25145.172    12.176    -0.42    1.60
 -24856.780    11.672    -1.75    2.10
 -24568.373    11.063    -2.11    2.41
 -24279.951    10.802    -0.90    2.44
 -23991.515    10.116    -2.38    2.74
 -23703.065     9.072    -3.62    3.36
 -23414.599     7.877    -4.14    4.02
 -23126.119     6.773    -3.83    4.26
 -22837.625     5.486    -4.46    4.20
 -22549.116     3.940    -5.36    3.21
 -22260.592     2.999    -3.26    2.29
 -21972.054     2.407    -2.05    1.27
 -21683.501     2.370    -0.13    1.35
 -21394.933     2.283    -0.30    1.25
 -21106.351     2.355     0.25    1.34
 -20817.754     2.277    -0.27    1.41
 -20529.143     2.281     0.01    1.37
 -20240.517     2.206    -0.26    1.21
 -19951.876     2.098    -0.38    1.20
 -19663.221     1.666    -1.50    2.13
 -19374.551     1.457    -0.72    2.12
 -19085.866     1.291    -0.57    2.04
 -18797.167     1.080    -0.73    2.08
 -18508.453     0.819    -0.91    2.08
 -18219.724     0.722    -0.33    2.07
 -17930.981     1.039     1.10    1.49
 -17642.223     1.355     1.09    1.51
 -17353.450     1.548     0.67    1.32
 -17064.663     1.506    -0.15    1.25
 -16775.861     1.598     0.32    1.27
 -16487.045     2.010     1.43    1.65
 -16198.213     2.302     1.01    1.78
 -15909.367     2.438     0.47    1.77
 -15620.507     2.540     0.35    1.74
 -15331.631     2.457    -0.29    1.78
 -15042.741     2.312    -0.50    1.82
 -14753.837     2.325     0.05    1.86
 -14464.917     2.054    -0.94    1.47
 -14175.983     2.293     0.83    1.68
 -13887.034     2.393     0.34    1.72
 -13598.071     2.281    -0.39    1.78
 -13309.093     1.952    -1.14    2.27
 -13020.100     1.761    -0.66    2.15
 -12731.092     1.699    -0.22    2.14
 -12442.070     1.573    -0.43    2.31
 -12153.033     1.408    -0.57    2.40
 -11863.981     1.590     0.63    2.50
 -11574.914     2.172     2.01    2.29
 -11285.833     2.247     0.26    2.38
 -10996.737     2.124    -0.43    2.21
 -10707.626     2.254     0.45    2.32
 -10418.501     2.095    -0.55    2.35
 -10129.361     2.181     0.30    2.57
  -9840.206     1.800    -1.32    2.22
  -9551.036     1.760    -0.14    2.41
  -9261.852     1.579    -0.62    1.72
  -8972.653     1.848     0.93    1.85
  -8683.439     1.777    -0.25    1.63
  -8394.210     2.083     1.06    1.68
  -8104.967     2.319     0.81    1.87
  -7815.709     2.488     0.58    2.00
  -7526.436     2.490     0.01    2.01
  -7237.148     2.686     0.68    2.10
  -6947.845     2.761     0.26    2.13
  -6658.528     2.720    -0.14    2.39
  -6369.196     2.519    -0.69    2.47
  -6079.849     2.113    -1.41    2.51
  -5790.488     1.817    -1.02    2.59
  -5501.111     1.666    -0.52    2.53
  -5211.720     1.743     0.27    2.65
  -4922.314     1.760     0.06    2.56
  -4632.894     1.634    -0.43    2.30
  -4343.458     1.657     0.08    2.02
  -4054.008     1.878     0.76    1.99
  -3764.543     2.090     0.73    2.03
  -3475.063     1.924    -0.57    1.98
  -3185.568     1.657    -0.92    1.90
  -2896.058     1.490    -0.58    1.85
  -2606.534     1.524     0.12    1.89
  -2316.995     1.268    -0.88    1.73
  -2027.441     1.105    -0.56    1.74
  -1737.872     0.803    -1.04    1.35
  -1448.288     0.724    -0.27    1.22
  -1158.690     0.563    -0.56    1.20
   -869.077     0.613     0.17    1.35
   -579.449     0.534    -0.27    1.18
   -289.806     0.341    -0.67    1.11
     -0.148     0.274    -0.23    1.04
    289.525     0.304     0.10    1.21
    579.212     0.285    -0.07    1.22
    868.915     0.131    -0.53    0.95
   1158.632     0.109    -0.08    0.86
   1448.364     0.020    -0.31    0.58
   1738.111     0.153     0.46    0.81
   2027.873     0.363     0.73    1.08
   2317.649     0.613     0.86    1.24
   2607.441     0.863     0.86    1.31
   2897.247     1.146     0.98    1.42
   3187.068     1.806     2.27    1.78
   3476.904     2.012     0.71    1.92
   3766.755     2.042     0.10    2.12
   4056.621     1.908    -0.46    2.36
   4346.502     1.773    -0.47    2.35
   4636.398     1.757    -0.06    2.38
   4926.308     1.480    -0.95    2.33
   5216.234     1.211    -0.93    2.15
   5506.174     1.093    -0.40    1.80
   5796.129     1.012    -0.28    1.71
   6086.099     1.039     0.09    1.57
   6376.084     0.954    -0.30    1.51
   6666.084     0.922    -0.11    1.39
   6954.309     0.954     0.11    1.39
   7241.155     0.893    -0.21    1.15
   7528.016     0.863    -0.11    1.14
   7814.892     0.834    -0.10    1.23
   8101.782     0.892     0.20    1.32
   8388.686     0.878    -0.05    1.29
   8675.606     1.127     0.87    1.56
   8962.539     0.972    -0.54    1.55
   9249.488     1.113     0.49    1.75
   9536.450     1.230     0.41    1.85
   9823.428     1.363     0.46    2.08
  10110.420     1.674     1.09    2.21
  10397.426     1.938     0.92    2.25
  10684.447     2.054     0.40    2.26
  10971.483     1.955    -0.34    2.45
  11258.533     1.635    -1.11    2.38
  11545.598     1.341    -1.03    2.38
  11832.677     0.982    -1.25    2.18
  12119.771     0.544    -1.53    2.01
  12406.879     0.436    -0.37    2.02
  12694.002     0.226    -0.73    1.90
  12981.140     0.196    -0.11    1.65
  13268.292     0.001    -0.68    1.51
  13555.459    -0.152    -0.53    1.52
  13842.640    -0.540    -1.35    2.05
  14129.836    -0.609    -0.24    2.01
  14417.047    -0.814    -0.71    2.02
  14704.272    -0.723     0.32    1.99
  14991.512    -0.600     0.43    2.03
  15278.767    -0.445     0.54    1.30
  15566.036    -0.461    -0.06    1.32
  15853.319    -0.755    -1.02    1.16
  16140.618    -0.652     0.36    1.19
  16427.930    -0.609     0.15    1.07
  16715.258    -0.833    -0.78    1.14
  17002.600    -0.847    -0.05    1.27
  17289.957    -0.722     0.44    1.38
  17577.328    -0.843    -0.42    1.32
  17864.714    -0.830     0.05    1.38
  18152.115    -0.828     0.00    1.37
  18439.530    -0.723     0.37    1.53
  18726.960    -0.600     0.43    1.48
  19014.405    -0.734    -0.47    1.50
  19301.864    -0.869    -0.47    1.56
  19589.338    -1.152    -0.99    1.64
  19876.827    -1.212    -0.21    1.68
  20164.330    -1.349    -0.48    1.51
  20451.848    -1.331     0.06    1.43
  20739.381    -1.197     0.47    1.37
  21026.928    -1.052     0.51    1.27
  21314.490    -1.093    -0.14    1.23
  21602.066    -1.152    -0.21    1.28
  21889.658    -1.461    -1.07    1.32
  22177.264    -1.583    -0.43    1.38
  22464.884    -1.873    -1.01    1.41
  22752.519    -1.963    -0.32    1.50
  23040.169    -1.978    -0.05    1.57
  23327.834    -2.063    -0.29    1.62
  23615.514    -2.137    -0.26    1.69
  23903.208    -1.828     1.07    1.71
  24190.916    -1.783     0.16    1.54
  24478.640    -1.913    -0.45    1.52
  24766.378    -1.978    -0.22    1.42
  25054.131    -1.899     0.28    1.36
  25341.899    -1.961    -0.22    1.36
  25629.681    -2.034    -0.26    1.25
  25917.478    -2.018     0.06    1.27
  26205.290    -1.895     0.43    1.30
  26493.116    -1.854     0.14    1.29
  26780.957    -1.615     0.83    1.30
  27068.813    -1.431     0.64    1.11
  27356.684    -1.366     0.23    1.04
  27644.569    -1.266     0.35    1.23
  27932.469    -1.211     0.19    1.37
  28220.384    -0.931     0.97    1.87
  28508.314    -0.907     0.09    1.88
  28796.258    -0.608     1.04    2.01
  29084.217    -0.340     0.93    2.09
  29372.191    -0.294     0.16    1.67
  29660.180    -0.210     0.29    1.57
  29948.183    -0.077     0.46    1.63
  30236.201    -0.181    -0.36    1.51
  30524.234    -0.245    -0.22    1.29
  30812.282    -0.440    -0.68    1.19
  31100.344    -0.703    -0.91    1.24
  31388.421    -0.839    -0.47    1.27
  31676.513    -0.934    -0.33    1.20
  31964.620    -1.078    -0.50    1.01
  32252.742    -1.031     0.16    1.02
  32540.878    -0.971     0.21    1.20
  32829.029    -0.737     0.81    1.23
  33117.195    -0.181     1.93    2.20
  33405.375     0.490     2.33    2.55
  33693.571     0.777     1.00    2.69
  33981.781     1.124     1.20    2.64
  34270.006     1.407     0.98    2.54
  34558.246     1.863     1.58    2.43
  34846.501     2.170     1.07    2.30
  35134.770     2.627     1.59    2.29
  35423.055     3.587     3.33    2.99
  35711.354     4.471     3.07    3.34
  35999.668     5.544     3.72    3.26
  36287.996     6.804     4.37    2.83
  36576.340     8.010     4.18    2.17
  36864.698     8.417     1.41    1.51
  37153.071     8.609     0.67    1.39
  37441.460     8.634     0.09    1.45
  37729.862     8.747     0.39    1.60
  38018.280     9.008     0.90    1.76
  38306.713     8.980    -0.09    1.77
  38595.160     8.893    -0.30    1.83
  38883.622     8.529    -1.26    1.94
  39172.099     8.408    -0.42    2.01
  39460.591     8.012    -1.37    1.75
  39749.098     7.672    -1.18    1.54
  40037.620     7.457    -0.74    1.35
  40326.156     7.660     0.70    1.51
  40614.708     8.239     2.01    1.99
  40903.274     9.236     3.45    2.21
  41191.855     9.923     2.38    2.23
  41480.451    10.583     2.29    2.25
  41769.062    11.167     2.02    1.91
  42057.688    11.463     1.02    1.48
  42346.329    11.631     0.58    1.16
  42634.984    11.539    -0.32    1.16
  42923.655    11.598     0.20    1.22
  43212.340    11.560    -0.13    1.28
  43501.040    11.669     0.38    1.66
  43789.755    11.648    -0.07    1.62
  44078.485    11.583    -0.23    1.67
  44367.230    11.663     0.28    1.65
  44655.990    11.699     0.12    1.70
  44944.765    11.514    -0.64    1.79
  45233.554    11.332    -0.63    1.27
  45522.359    11.201    -0.45    1.53
  45811.178    10.716    -1.68    1.85
  46100.013    10.495    -0.76    1.98
  46388.862    10.006    -1.69    2.11
  46677.726     9.239    -2.65    2.13
  46966.605     8.594    -2.23    1.87
  47255.499     8.206    -1.34    1.60
  47544.408     7.908    -1.03    1.39
  47833.332     7.657    -0.87    1.22
  48122.271     7.583    -0.25    1.10
  48411.225     7.620     0.13    1.10
  48700.194     7.718     0.34    1.17
  48989.178     7.907     0.65    1.31
  49278.176     7.966     0.20    1.25
  49567.190     7.954    -0.04    1.20
  49856.219     7.967     0.05    1.21
  50145.262     8.177     0.73    1.28
  50434.321     8.326     0.52    1.23
  50723.394     8.420     0.32    1.20
  51012.483     8.460     0.14    1.14
  51301.586     8.657     0.68    1.07
  51590.705     8.590    -0.23    1.25
  51879.838     8.524    -0.23    1.30
  52168.987     8.172    -1.22    1.70
  52458.150     7.966    -0.71    1.67
  52747.328     7.420    -1.89    1.83
  53036.522     7.268    -0.52    1.91
  53325.730     7.241    -0.09    1.80
  53614.953     7.385     0.50    1.82
  53904.192     7.609     0.77    1.75
  54193.445     7.935     1.13    1.59
  54482.713     8.466     1.83    1.58
  54771.997     8.834     1.27    1.56
  55061.295     8.948     0.40    1.59
  55350.609     9.201     0.87    1.52
  55639.937     9.377     0.61    1.47
  55929.280     9.196    -0.63    1.44
  56218.639     9.027    -0.58    1.31
  56508.012     8.935    -0.32    1.26
  56797.401     8.948     0.05    1.34
  57086.804     8.997     0.17    1.25
  57376.223     9.272     0.95    1.70
  57665.657     9.407     0.47    1.92
  57955.105     9.529     0.42    1.92
  58244.569     9.274    -0.88    1.96
  58534.048     9.087    -0.65    2.10
  58823.542     8.740    -1.20    2.36
  59113.050     8.326    -1.43    2.52
  59402.574     8.095    -0.80    2.08
  59692.113     7.924    -0.59    2.14
  59981.667     7.980     0.19    2.22
  60271.236     7.772    -0.72    2.24
  60560.821     7.639    -0.46    2.40
  60850.420     7.951     1.08    2.61
  61140.034     8.037     0.30    2.61
  61429.664     8.230     0.67    2.53
  61719.308     8.266     0.12    2.40
  62008.968     8.319     0.18    2.26
  62298.642     8.281    -0.13    2.05
  62588.332     7.964    -1.09    2.01
  62878.037     7.363    -2.08    1.95
  63167.757     7.268    -0.33    1.94
  63457.492     7.230    -0.13    2.04
  63747.242     6.967    -0.91    1.98
  64037.007     6.951    -0.06    2.07
  64326.787     6.801    -0.52    2.16
  64616.583     6.790    -0.04    2.39
  64906.393     6.777    -0.05    2.42
  65196.219     6.745    -0.11    2.28
  65486.060     6.936     0.66    2.26
  65775.916     7.201     0.91    2.12
  66065.787     7.287     0.30    2.08
  66355.673     7.422     0.46    2.01
  66645.574     7.549     0.44    1.79
  66935.491     7.448    -0.35    1.91
  67225.422     7.268    -0.62    2.10
  67515.369     7.320     0.18    2.15
  67805.331     7.236    -0.29    2.19
  68095.308     6.785    -1.56    1.96
  68385.300     6.510    -0.95    1.95
  68675.307     6.539     0.10    2.01
  68964.981     6.747     0.72    1.83
  69251.778     6.777     0.11    1.73
  69538.590     6.833     0.20    1.89
  69825.417     7.333     1.74    1.78
  70112.259     7.484     0.53    1.79
  70399.115     7.385    -0.34    1.80
  70685.986     7.087    -1.04    2.03
  70972.872     6.921    -0.58    1.98
  71259.773     7.077     0.54    1.85
  71546.688     7.024    -0.18    1.90
  71833.619     7.008    -0.06    1.95
  72120.564     6.817    -0.66    2.17
  72407.524     6.605    -0.74    2.14
  72694.498     6.216    -1.36    2.37
  72981.488     5.393    -2.87    2.59
  73268.492     4.616    -2.71    2.60
  73555.511     3.963    -2.28    2.47
  73842.545     3.863    -0.35    2.53
  74129.594     4.613     2.61    2.87
  74416.657     5.263     2.26    2.95
  74703.736     5.348     0.30    2.93
  74990.829     6.017     2.33    2.64
  75277.937     6.297     0.98    2.35
  75565.060     6.602     1.06    1.93
  75852.197     6.408    -0.67    1.82
  76139.350     6.095    -1.09    1.88
  76426.517     5.922    -0.60    2.51
  76713.699     5.309    -2.13    2.73
  77000.896     5.098    -0.73    2.88
  77288.108     4.863    -0.82    2.97
  77575.334     5.042     0.62    3.03
  77862.576     5.172     0.45    2.96
  78149.832     5.506     1.16    2.60
  78437.104     5.672     0.58    2.58
  78724.390     6.105     1.51    2.32
  79011.691     6.627     1.82    1.82
  79299.006     6.847     0.77    1.64
  79586.337     6.635    -0.74    1.81
  79873.683     6.587    -0.17    1.88
  80161.043     6.624     0.13    1.83
  80448.418     6.563    -0.21    1.88
  80735.808     6.703     0.49    1.78
  81023.213     6.590    -0.39    1.73
  81310.633     6.302    -1.00    1.66
  81598.068     6.045    -0.90    1.75
  81885.518     5.820    -0.78    1.87
  82172.982     5.716    -0.36    1.95
  82460.462     5.548    -0.58    1.82
  82747.956     5.500    -0.17    1.76
  83035.466     5.510     0.03    1.66
  83322.990     5.480    -0.10    1.72
  83610.529     5.408    -0.25    1.82
  83898.083     5.490     0.28    1.79
  84185.652     5.420    -0.24    1.79
  84473.236     5.268    -0.53    1.70
  84760.834     5.534     0.92    1.81
  85048.448     5.583     0.17    1.72
  85336.077     5.788     0.71    1.67
  85623.720     5.832     0.15    1.53
  85911.379     5.923     0.32    1.51
  86199.052     5.995     0.25    1.72
  86486.740     6.087     0.32    1.70
  86774.444     6.248     0.56    1.68
  87062.162     6.645     1.38    1.66
  87349.895     7.006     1.25    1.77
  87637.643     7.713     2.46    1.84
  87925.406     8.093     1.32    2.14
  88213.184     8.686     2.06    2.47
  88500.977     9.627     3.27    2.84
  88788.785    11.063     4.99    3.66
  89076.608    12.491     4.96    4.70
  89364.446    14.363     6.50    5.25
  89652.299    17.124     9.59    6.17
  89940.166    19.726     9.04    6.09
  90228.049    21.635     6.63    5.82
  90515.947    23.460     6.34    5.27
  90803.860    24.363     3.14    4.56
  91091.787    24.763     1.39    4.25
  91379.730    25.083     1.11    4.07
  91667.688    24.291    -2.75    4.77
  91955.660    22.802    -5.17    5.28
  92243.648    20.999    -6.26    5.70
  92531.651    18.172    -9.82    6.33
  92819.668    14.922   -11.28    6.37
  93107.701    12.434    -8.64    5.72
  93395.749    10.477    -6.80    4.41
  93683.812     9.297    -4.09    3.36
  93971.889     8.613    -2.38    2.13
  94259.982     8.639     0.09    1.58
  94548.090     8.848     0.73    1.51
  94836.212     9.181     1.16    1.44
  95124.350     9.466     0.99    1.54
  95412.503     9.763     1.03    1.67
  95700.671     9.848     0.30    1.74
  95988.854    10.186     1.17    1.83
  96277.052    10.907     2.50    2.08
  96565.265    10.955     0.16    1.98
  96853.493    11.319     1.26    2.48
  97141.736    11.423     0.36    2.51
  97429.994    11.774     1.22    2.65
  97718.267    12.248     1.64    2.70
  98006.555    12.834     2.03    3.01
  98294.859    13.370     1.86    3.06
  98583.177    13.923     1.92    3.21
  98871.510    14.966     3.62    3.68
  99159.859    15.447     1.67    3.78
  99448.222    16.326     3.05    3.79
  99736.601    16.991     2.31    3.71
 100024.994    17.266     0.95    3.77
 100313.403    18.274     3.50    4.14
 100601.827    19.113     2.91    4.03
 100890.266    19.832     2.50    4.39
 101178.720    20.995     4.03    4.51
 101467.189    21.969     3.38    4.55
 101755.673    22.627     2.28    4.51
 102044.173    23.391     2.65    4.55
 102332.687    24.109     2.49    4.46
 102621.216    24.686     2.00    4.72
 102909.761    25.581     3.10    4.88
 103198.321    25.819     0.82    5.00
 103486.896    26.348     1.83    5.17
 103775.486    26.763     1.44    4.95
 104064.091    27.539     2.69    4.97
 104352.711    28.495     3.31    4.90
 104641.346    28.997     1.74    4.60
 104929.996    28.937    -0.21    4.58
 105218.662    29.651     2.47    4.47
 105507.343    30.672     3.54    4.42
 105796.038    31.317     2.24    4.25
 106084.749    32.457     3.95    4.02
 106373.476    33.420     3.34    3.76
 106662.217    34.248     2.87    3.33
 106950.973    34.907     2.28    2.70
 107239.745    35.176     0.93    2.74
 107528.531    35.819     2.22    2.48
 107817.333    36.216     1.37    2.37
 108106.150    36.623     1.41    2.22
 108394.982    36.748     0.43    2.00
 108683.830    36.980     0.80    1.55
 108972.692    36.892    -0.31    1.42
 109261.570    36.863    -0.10    1.28
 109550.463    36.605    -0.89    1.42
 109839.371    36.161    -1.54    1.54
 110128.294    35.624    -1.86    1.83
 110417.232    35.177    -1.55    1.95
 110706.186    34.524    -2.26    2.12
 110995.155    34.263    -0.91    2.18
 111284.139    34.045    -0.76    2.21
 111573.138    33.954    -0.31    2.41
 111862.152    33.892    -0.21    2.53
 112151.182    33.348    -1.88    2.68
 112440.226    33.120    -0.79    2.68
 112729.286    33.148     0.10    2.54
 113018.362    33.083    -0.23    2.37
 113307.452    33.391     1.07    2.50
 113596.558    33.196    -0.68    2.42
 113885.678    33.967     2.67    2.72
 114174.814    34.635     2.31    2.40
 114463.966    35.268     2.19    2.12
 114753.132    35.706     1.51    1.91
 115042.314    35.964     0.89    1.92
 115331.511    36.095     0.45    2.07
 115620.723    36.176     0.28    2.24
 115909.951    36.251     0.26    2.05
 116199.193    36.554     1.05    1.90
 116488.451    36.848     1.02    1.74
 116777.724    36.819    -0.10    1.59
 117067.013    36.834     0.05    1.50
 117356.316    36.573    -0.90    1.54
 117645.635    35.848    -2.51    1.76
 117934.970    35.635    -0.73    1.79
 118224.319    35.236    -1.38    1.70
 118513.684    34.703    -1.84    1.68
 118803.064    34.254    -1.55    1.68
 119092.459    33.791    -1.60    1.56
 119381.870    33.471    -1.11    1.50
 119671.296    33.370    -0.35    1.49
 119960.737    33.385     0.05    1.48
 120250.193    33.454     0.24    1.48
 120539.665    33.734     0.97    1.41
 120829.152    33.950     0.74    1.39
 121118.654    34.106     0.54    1.26
 121408.172    34.506     1.38    1.35
 121697.705    34.642     0.47    1.36
 121987.253    34.951     1.07    1.39
 122276.816    35.014     0.22    1.47
 122566.395    35.072     0.20    1.52
 122855.989    35.257     0.64    1.53
 123145.599    35.274     0.06    1.55
 123435.223    35.486     0.73    1.50
 123724.864    35.684     0.68    1.38
 124014.519    35.743     0.21    1.31
 124304.190    35.699    -0.15    1.23
 124593.876    35.579    -0.41    1.41
 124883.577    35.569    -0.04    1.39
 125173.294    35.325    -0.84    1.49
 125463.026    34.948    -1.30    1.88
 125752.773    34.606    -1.18    2.00
 126042.536    34.146    -1.59    2.42
 126332.314    33.436    -2.45    2.58
 126622.108    32.684    -2.60    2.82
 126911.917    32.066    -2.13    2.92
 127201.741    31.138    -3.20    3.01
 127491.580    30.583    -1.91    3.01
 127781.435    30.451    -0.46    2.87
 128071.306    30.221    -0.79    2.85
 128361.191    30.024    -0.68    2.67
 128651.092    29.579    -1.54    3.00
 128941.009    28.907    -2.32    3.45
 129230.941    27.934    -3.36    3.77
 129520.888    27.101    -2.87    4.16
 129810.850    25.534    -5.41    4.20
 130100.828    23.954    -5.45    4.20
 130390.822    22.490    -5.05    4.06
 130680.830    20.789    -5.86    3.77
 130970.854    19.480    -4.51    3.45
 131258.784    18.534    -3.29    3.09
 131545.557    17.448    -3.79    2.27
 131832.346    16.587    -3.00    1.89
 132119.150    15.948    -2.23    1.59
 132405.969    15.624    -1.13    1.39
 132692.803    15.377    -0.86    1.35
 132979.651    15.287    -0.32    1.25
 133266.515    15.274    -0.04    1.30
 133553.394    15.520     0.86    1.55
 133840.288    15.609     0.31    1.62
 134127.197    15.791     0.64    1.73
 134414.121    16.392     2.09    2.17
 134701.060    17.057     2.32    2.22
 134988.014    17.583     1.84    2.44
 135274.983    17.848     0.92    2.63
 135561.967    18.206     1.25    2.72
 135848.966    18.720     1.79    2.68
 136135.980    19.042     1.12    2.60
 136423.009    19.760     2.50    2.68
 136710.054    20.098     1.18    2.72
 136997.113    20.758     2.30    2.68
 137284.187    21.274     1.80    2.59
 137571.277    21.758     1.69    2.74
 137858.381    22.230     1.64    2.94
 138145.501    22.341     0.39    3.01
 138432.635    22.434     0.32    3.21
 138719.785    22.648     0.75    3.40
 139006.950    22.519    -0.45    3.51
 139294.129    22.348    -0.60    3.17
 139581.324    21.999    -1.22    2.70
 139868.534    22.014     0.05    2.69
 140155.759    22.120     0.37    2.49
 140442.999    21.966    -0.54    2.23
 140730.255    22.356     1.36    2.43
 141017.525    22.689     1.16    2.24
 141304.810    22.787     0.34    2.15
 141592.111    23.172     1.34    2.27
 141879.427    23.348     0.61    2.22
 142166.757    23.892     1.90    2.32
 142454.103    24.834     3.28    2.65
 142741.464    25.391     1.94    2.64
 143028.840    25.763     1.29    2.97
 143316.231    26.216     1.58    3.11
 143603.638    26.701     1.69    3.25
 143891.059    26.923     0.77    3.28
 144178.496    27.579     2.28    3.47
 144465.947    28.451     3.03    3.16
 144753.414    29.451     3.48    3.13
 145040.896    30.440     3.44    3.09
 145328.393    31.477     3.61    2.99
 145615.905    32.406     3.23    2.98
 145903.433    33.230     2.87    2.56
 146190.975    33.923     2.41    2.25
 146478.533    34.113     0.66    2.37
 146766.106    34.515     1.40    2.06
 147053.694    34.761     0.86    1.76
 147341.297    34.778     0.06    1.68
 147628.915    35.037     0.90    1.60
 147916.549    35.471     1.51    1.73
 148204.197    35.786     1.09    1.81
 148491.861    35.999     0.74    1.77
 148779.540    36.201     0.70    1.94
 149067.234    35.906    -1.02    2.19
 149354.944    35.291    -2.14    3.02
 149642.668    34.254    -3.61    3.18
 149930.408    33.356    -3.12    3.13
 150218.163    32.422    -3.25    2.94
 150505.933    32.027    -1.37    2.79
 150793.718    31.539    -1.69    2.72
 151081.519    30.819    -2.50    2.90
 151369.334    30.163    -2.28    3.29
 151657.165    29.651    -1.78    3.26
 151945.011    29.254    -1.38    3.46
 152232.872    29.010    -0.85    3.61
 152520.749    28.609    -1.39    3.64
 152808.641    28.272    -1.17    3.58
 153096.548    28.672     1.39    3.44
 153384.470    29.120     1.56    3.11
 153672.407    29.748     2.18    2.89
 153960.360    30.463     2.48    3.18
 154248.328    31.148     2.38    3.54
 154536.311    32.095     3.29    3.34
 154824.309    33.146     3.65    3.07
 155112.323    33.789     2.23    2.75
 155400.352    34.408     2.15    2.66
 155688.396    34.907     1.73    2.46
 155976.455    35.434     1.83    2.02
 156264.529    35.758     1.13    1.71
 156552.619    35.703    -0.19    1.89
 156840.724    35.579    -0.43    1.99
 157128.845    35.166    -1.43    2.25
 157416.980    34.260    -3.14    2.65
 157705.131    32.922    -4.64    3.17
 157993.297    31.863    -3.67    3.39
 158281.479    30.791    -3.72    3.30
 158569.675    29.848    -3.27    2.89
 158857.887    29.480    -1.28    2.58
 159146.115    29.400    -0.28    2.70
 159434.357    29.422     0.07    2.80
 159722.615    29.743     1.12    2.79
 160010.888    29.818     0.26    2.54
 160299.177    29.834     0.05    2.44
 160587.480    29.805    -0.10    2.08
 160875.799    29.934     0.45    2.23
 161164.134    30.274     1.18    2.51
 161452.483    30.669     1.37    2.85
 161740.848    30.833     0.57    2.92
 162029.228    31.101     0.93    2.94
 162317.624    31.563     1.60    2.86
 162606.035    31.778     0.75    2.57
 162894.461    31.892     0.40    2.32
 163182.903    32.245     1.22    2.39
 163471.359    32.490     0.85    2.43
 163759.832    32.651     0.56    2.49
 164048.319    33.083     1.50    2.53
 164336.822    33.146     0.22    2.35
 164625.340    33.587     1.53    2.39
 164913.874    33.934     1.20    2.36
 165202.423    34.391     1.58    2.36
 165490.987    34.979     2.04    2.23
 165779.566    35.716     2.55    1.99
 166068.161    36.245     1.83    2.05
 166356.772    36.967     2.50    2.11
 166645.397    37.520     1.92    1.95
 166934.038    38.234     2.47    1.91
 167222.695    38.616     1.32    1.68
 167511.367    39.051     1.51    1.40
 167800.054    39.236     0.64    1.40
 168088.756    39.393     0.54    1.42
 168377.474    39.069    -1.12    1.64
 168666.207    38.415    -2.26    2.02
 168954.956    37.877    -1.86    2.36
 169243.720    37.648    -0.79    2.45
 169532.500    36.964    -2.37    2.46
 169821.294    36.334    -2.18    2.39
 170110.105    35.609    -2.51    2.31
 170398.930    35.480    -0.45    2.33
 170687.771    35.181    -1.04    2.23
 170976.628    35.399     0.75    2.27
 171265.500    35.710     1.08    2.26
 171554.387    36.201     1.70    2.45
 171843.290    36.848     2.24    2.26
 172132.208    37.757     3.14    1.90
 172421.141    38.161     1.40    1.66
 172710.090    38.348     0.65    1.72
 172999.055    38.642     1.02    1.60
 173288.035    38.563    -0.27    1.78
 173577.030    38.034    -1.83    2.20
 173866.041    37.672    -1.25    2.32
 174155.067    37.491    -0.62    2.40
 174444.108    37.423    -0.24    2.37
 174733.165    37.499     0.26    2.06
 175022.238    37.385    -0.39    2.41
 175311.326    37.196    -0.65    2.53
 175600.429    37.102    -0.32    2.48
 175889.548    37.080    -0.08    2.47
 176178.682    37.234     0.53    2.67
 176467.832    37.686     1.56    2.70
 176756.997    38.348     2.29    2.54
 177046.178    38.936     2.04    2.27
 177335.374    39.563     2.17    1.77
 177624.586    39.848     0.99    1.49
 177913.813    39.321    -1.82    1.92
 178203.056    38.686    -2.20    2.22
 178492.314    38.014    -2.32    2.35
 178781.587    37.579    -1.50    2.39
 179070.877    37.408    -0.59    2.48
 179360.181    37.191    -0.75    2.40
 179649.501    37.703     1.77    2.36
 179938.837    38.463     2.63    2.08
 180228.188    39.006     1.88    1.70
 180517.555    39.260     0.88    1.50
 180806.937    39.392     0.46    1.61
 181096.334    39.120    -0.94    2.09
 181385.748    38.681    -1.52    2.44
 181675.176    38.348    -1.15    2.48
 181964.621    38.325    -0.08    2.49
 182254.080    38.463     0.47    2.48
 182543.556    38.510     0.16    2.41
 182833.046    39.014     1.74    2.04
 183122.553    39.466     1.56    1.63
 183412.075    39.639     0.60    1.64
 183701.612    39.239    -1.38    1.93
 183991.165    38.645    -2.05    2.09
 184280.734    38.124    -1.80    2.10
 184570.318    37.701    -1.46    2.18
 184859.917    37.257    -1.53    2.29
 185149.532    36.539    -2.48    2.66
 185439.163    35.711    -2.86    2.89
 185728.810    34.877    -2.88    3.03
 186018.471    34.254    -2.15    2.96
 186308.149    33.669    -2.02    3.05
 186597.842    33.063    -2.09    3.28
 186887.550    31.921    -3.94    3.38
 187177.275    30.984    -3.23    3.37
 187467.014    29.686    -4.48    3.85
 187756.770    28.260    -4.92    3.88
 188046.541    27.020    -4.28    4.12
 188336.327    25.048    -6.80    4.02
 188626.129    23.297    -6.04    3.33
 188915.947    21.805    -5.15    2.82
 189205.781    20.788    -3.51    2.49
 189495.629    20.157    -2.18    2.20
 189785.494    19.590    -1.96    1.79
 190075.374    19.326    -0.91    1.61
 190365.270    19.553     0.78    1.70
 190655.181    20.008     1.57    1.78
 190945.108    20.334     1.13    1.74
 191235.051    21.024     2.38    1.82
 191525.009    21.609     2.02    1.74
 191814.983    22.260     2.24    1.46
 192104.973    23.063     2.77    1.79
 192394.978    23.819     2.61    1.97
 192684.999    24.553     2.53    2.02
 192975.035    25.399     2.92    2.11
 193264.494    26.348     3.28    2.22
 193551.221    27.120     2.69    2.26
 193837.964    27.907     2.75    2.09
 194124.722    28.587     2.37    1.83
 194411.496    28.921     1.16    1.57
 194698.284    29.060     0.49    1.70
 194985.088    28.906    -0.54    1.97
 195271.907    28.442    -1.62    2.41
 195558.741    28.142    -1.05    2.71
 195845.591    28.151     0.03    2.88
 196132.456    27.627    -1.82    3.26
 196419.336    27.609    -0.06    3.29
 196706.231    27.239    -1.29    3.37
 196993.141    27.398     0.55    3.50
 197280.067    27.645     0.86    3.55
 197567.008    27.334    -1.08    3.57
 197853.965    27.454     0.42    3.63
 198140.936    27.451    -0.01    3.52
 198427.923    27.554     0.36    3.35
 198714.925    27.539    -0.05    3.25
 199001.943    27.334    -0.71    2.85
 199288.976    27.229    -0.37    2.65
 199576.024    27.384     0.54    2.39
 199863.087    27.539     0.54    2.45
 200150.166    27.863     1.13    2.63
 200437.259    27.863     0.00    2.32
 200724.369    27.892     0.10    2.30
 201011.493    28.236     1.20    2.31
 201298.633    28.370     0.47    2.31
 201585.788    28.732     1.26    2.42
 201872.959    28.906     0.61    2.64
 202160.144    28.922     0.05    2.63
 202447.345    29.201     0.97    2.59
 202734.562    29.583     1.33    2.78
 203021.794    29.642     0.20    2.74
 203309.041    30.304     2.30    2.91
 203596.303    30.819     1.79    3.01
 203883.581    31.703     3.08    3.23
 204170.874    32.500     2.78    3.08
 204458.182    33.063     1.96    2.99
 204745.506    33.554     1.71    2.93
 205032.845    33.627     0.26    3.06
 205320.199    33.484    -0.50    2.90
 205607.569    33.877     1.37    2.88
 205894.954    33.863    -0.05    2.88
 206182.355    33.935     0.25    2.86
 206469.771    34.257     1.12    2.82
 206757.202    34.706     1.56    2.67
 207044.648    35.534     2.88    2.58
 207332.110    35.966     1.50    2.32
 207619.588    36.274     1.07    2.04
 207907.080    36.519     0.85    1.91
 208194.588    36.468    -0.18    2.06
 208482.112    36.761     1.02    2.03
 208769.651    36.918     0.55    1.99
 209057.205    37.080     0.56    1.81
 209344.775    37.469     1.35    1.61
 209632.360    37.407    -0.22    1.57
 209919.960    37.639     0.81    1.50
 210207.576    37.748     0.38    1.52
 210495.207    37.977     0.79    1.51
 210782.854    38.163     0.65    1.49
 211070.516    38.248     0.30    1.40
 211358.193    38.377     0.45    1.32
 211645.886    38.642     0.92    1.05
 211933.594    38.605    -0.13    1.14
 212221.318    38.545    -0.21    1.20
 212509.057    38.442    -0.35    1.37
 212796.812    38.471     0.10    1.44
 213084.582    38.406    -0.23    1.58
 213372.367    38.320    -0.30    1.76
 213660.168    38.225    -0.33    1.71
 213947.984    38.260     0.12    1.54
 214235.816    38.216    -0.15    1.42
 214523.663    37.937    -0.97    1.62
 214811.526    37.648    -1.00    1.52
 215099.404    37.471    -0.62    1.40
 215387.297    37.313    -0.55    1.32
 215675.206    37.306    -0.03    1.28
 215963.131    37.544     0.83    1.24
 216251.071    37.554     0.03    1.22
 216539.026    37.639     0.30    1.06
 216826.997    37.627    -0.04    1.12
 217114.983    37.477    -0.52    1.29
 217402.985    37.211    -0.93    1.54
 217691.003    36.961    -0.87    1.67
 217979.035    36.703    -0.90    2.00
 218267.084    36.206    -1.73    2.42
 218555.147    35.430    -2.69    2.57
 218843.227    34.908    -1.81    2.87
 219131.321    34.260    -2.25    3.03
 219419.432    33.413    -2.94    3.00
 219707.557    32.777    -2.21    3.18
 219995.699    31.863    -3.17    3.16
 220283.855    31.167    -2.41    3.26
 220572.028    30.127    -3.61    2.78
 220860.215    29.460    -2.32    2.62
 221148.419    28.713    -2.59    2.17
 221436.638    28.054    -2.29    1.62
 221724.872    27.790    -0.91    1.17
 222013.122    27.765    -0.09    1.15
 222301.387    28.034     0.93    1.18
 222589.668    28.291     0.89    1.17
 222877.965    28.642     1.22    1.18
 223166.277    29.012     1.28    1.35
 223454.604    29.392     1.32    1.40
 223742.947    30.006     2.13    1.64
 224031.306    30.406     1.39    1.81
 224319.680    31.060     2.27    1.92
 224608.070    31.631     1.98    1.90
 224896.475    32.191     1.94    1.96
 225184.896    32.848     2.28    2.02
 225473.332    33.310     1.60    2.03
 225761.784    33.613     1.05    2.01
 226050.252    34.334     2.50    2.08
 226338.735    34.819     1.68    2.14
 226627.234    35.285     1.62    2.05
 226915.748    35.761     1.65    1.86
 227204.278    36.495     2.54    2.01
 227492.823    37.514     3.53    2.54
 227781.384    38.045     1.84    2.51
 228069.961    38.761     2.48    2.49
 228358.553    39.377     2.13    2.40
 228647.161    39.591     0.74    2.52
 228935.785    39.563    -0.10    2.56
 229224.424    39.436    -0.44    2.34
 229513.078    39.289    -0.51    2.03
 229801.748    38.995    -1.02    1.69
 230090.434    38.938    -0.20    1.17
 230379.136    38.934    -0.01    1.05
 230667.853    38.834    -0.35    1.06
 230956.586    38.682    -0.53    1.21
 231245.334    38.412    -0.94    1.24
 231534.098    38.326    -0.30    1.20
 231822.878    38.245    -0.28    1.15
 232111.673    38.363     0.41    1.05
 232400.484    38.524     0.56    0.91
 232689.310    38.454    -0.24    0.89
 232978.152    38.211    -0.84    1.00
 233267.010    38.074    -0.47    1.11
 233555.884    37.848    -0.78    1.18
 233844.773    37.510    -1.17    1.29
 234133.677    37.348    -0.56    1.30
 234422.598    37.057    -1.01    1.43
 234711.534    37.083     0.09    1.47
 235000.486    37.020    -0.22    1.56
 235289.453    36.563    -1.58    1.71
 235578.436    36.413    -0.52    1.84
 235867.435    36.495     0.28    1.93
 236156.449    36.422    -0.25    1.84
 236445.480    36.332    -0.31    2.05
 236734.525    36.008    -1.12    2.11
 237023.587    36.167     0.55    2.02
 237312.664    36.113    -0.19    1.87
 237601.757    35.577    -1.85    2.21
 237890.866    34.906    -2.32    2.47
 238179.990    34.266    -2.21    2.49
 238469.130    33.936    -1.14    2.58
 238758.286    33.743    -0.67    2.66
 239047.457    33.820     0.26    2.61
 239336.644    33.991     0.59    2.63
 239625.847    34.598     2.10    2.36
 239915.066    35.037     1.52    1.81
 240204.300    34.732    -1.05    1.83
 240493.550    33.878    -2.95    2.59
 240782.816    33.010    -3.00    2.60
 241072.097    32.422    -2.03    2.63
 241361.394    32.051    -1.28    2.46
 241650.707    32.006    -0.16    2.11
 241940.036    32.120     0.40    2.26
 242229.380    32.529     1.42    2.41
 242518.741    32.758     0.79    2.41
 242808.116    33.216     1.58    2.48
 243097.508    33.613     1.37    2.37
 243386.916    34.399     2.72    2.34
 243676.339    34.849     1.55    2.24
 243965.778    35.283     1.50    2.15
 244255.232    35.877     2.05    2.22
 244544.703    36.642     2.64    2.13
 244834.189    37.048     1.40    2.14
 245123.691    37.363     1.09    1.87
 245413.209    37.747     1.33    1.78
 245702.743    38.063     1.09    1.72
 245992.292    38.113     0.17    1.76
 246281.857    38.124     0.04    1.96
 246571.438    37.963    -0.56    2.20
 246861.035    37.760    -0.70    2.46
 247150.648    37.758    -0.01    2.46
 247440.276    37.701    -0.20    2.30
 247729.920    37.777     0.26    1.90
 248019.580    37.950     0.60    1.49
 248309.256    37.835    -0.40    1.48
 248598.948    37.906     0.25    1.48
 248888.655    37.833    -0.25    1.74
 249178.378    37.954     0.42    1.93
 249468.117    37.848    -0.37    2.19
 249757.872    37.442    -1.40    2.39
 250047.643    37.048    -1.36    2.44
 250337.430    37.032    -0.06    2.51
 250627.232    37.299     0.92    2.64
 250917.050    37.716     1.44    2.39
 251206.884    37.966     0.86    2.37
 251496.734    38.135     0.59    2.38
 251786.600    38.326     0.66    2.10
 252076.482    38.163    -0.57    1.94
 252366.379    38.027    -0.47    1.81
 252656.292    37.906    -0.42    1.85
 252946.222    37.934     0.10    1.64
 253236.167    37.999     0.22    1.59
 253526.128    38.113     0.39    1.43
 253816.104    38.161     0.17    1.24
 254106.097    38.106    -0.19    1.06
 254396.106    37.820    -0.99    1.22
 254686.130    37.720    -0.34    1.18
 254976.170    37.863     0.49    1.07
 255266.227    37.669    -0.67    1.08
 255553.913    37.490    -0.62    1.36
 255840.615    37.363    -0.44    1.39
 256127.331    36.936    -1.49    1.75
 256414.063    36.477    -1.60    1.91
 256700.810    36.291    -0.65    1.89
 256987.573    35.991    -1.05    1.68
 257274.352    35.716    -0.96    1.72
 257561.146    35.355    -1.26    1.96
 257847.955    34.774    -2.03    2.37
 258134.780    33.774    -3.49    3.48
 258421.620    33.024    -2.62    3.61
 258708.476    31.407    -5.64    4.37
 258995.347    29.138    -7.91    5.03
 259282.234    27.384    -6.11    5.26
 259569.136    25.413    -6.87    5.34
 259856.054    23.631    -6.21    5.08
 260142.987    22.524    -3.86    4.70
 260429.936    21.863    -2.31    4.65
 260716.900    21.191    -2.34    4.69
 261003.880    19.980    -4.22    4.69
 261290.875    18.921    -3.69    4.96
 261577.886    18.370    -1.92    5.11
 261864.912    17.506    -3.01    5.22
 262151.954    16.422    -3.78    5.17
 262439.012    15.657    -2.66    5.18
 262726.085    14.893    -2.66    4.99
 263013.173    13.819    -3.74    4.19
 263300.277    13.534    -0.99    4.40
 263587.397    13.761     0.79    5.54
 263874.532    14.525     2.66    6.08
 264161.682    15.623     3.83    6.33
 264448.848    17.274     5.75    6.33
 264736.030    17.951     2.36    5.38
 265023.227    18.319     1.28    4.78
 265310.440    18.666     1.21    4.34
 265597.669    18.006    -2.30    4.78
 265884.913    16.506    -5.22    5.58
 266172.172    14.960    -5.38    6.02
 266459.447    13.177    -6.21    6.44
 266746.738    11.008    -7.55    5.96
 267034.044     9.024    -6.90    5.28
 267321.366     7.413    -5.61    4.97
 267608.703     6.392    -3.56    4.85
 267896.056     4.906    -5.17    4.45
 268183.425     4.177    -2.54    3.58
 268470.809     3.627    -1.92    2.56
 268758.209     3.934     1.07    3.20
 269045.624     4.677     2.59    3.97
 269333.055     5.701     3.56    4.83
 269620.501     6.950     4.35    5.93
 269907.964     7.760     2.82    6.22
 270195.441     8.234     1.65    6.49
 270482.935     8.534     1.04    6.63
 270770.444     8.515    -0.06    6.28
 271057.968     8.420    -0.33    6.30
 271345.509     8.451     0.11    6.15
 271633.064     8.142    -1.07    6.39
 271920.636     8.245     0.36    6.04
 272208.223     7.407    -2.92    5.95
 272495.826     5.520    -6.56    5.97
 272783.444     4.134    -4.82    5.77
 273071.078     2.779    -4.71    5.84
 273358.728     0.834    -6.77    4.50
 273646.393    -0.543    -4.79    3.56
 273934.074    -1.726    -4.11    2.16
 274221.771    -1.854    -0.45    1.91
 274509.483    -1.593     0.91    2.37
 274797.211    -0.255     4.65    4.07
 275084.955     1.091     4.68    4.87
 275372.714     3.048     6.80    5.50
 275660.489     5.234     7.60    5.80
 275948.279     8.006     9.63    6.34
 276236.086     9.999     6.93    5.84
 276523.908    10.696     2.42    5.37
 276811.745    10.216    -1.67    5.55
 277099.599     8.891    -4.60    5.84
 277387.468     6.991    -6.60    6.14
 277675.352     5.448    -5.36    5.36
 277963.253     4.420    -3.57    5.06
 278251.169     3.548    -3.03    4.94
 278539.101     3.802     0.88    6.11
 278827.048     4.922     3.89    6.66
 279115.011     5.436     1.79    7.32
 279402.990     6.234     2.77    7.51
 279690.985     5.750    -1.68    7.56
 279978.995     4.863    -3.08    6.89
 280267.021     4.426    -1.52    5.92
 280555.063     4.703     0.96    5.45
 280843.121     5.892     4.13    5.65
 281131.194     7.804     6.64    6.21
 281419.283    10.060     7.83    5.86
 281707.388    13.520    12.01    6.78
 281995.508    16.446    10.16    6.52
 282283.644    18.312     6.48    6.04
 282571.796    18.158    -0.53    6.52
 282859.964    18.054    -0.36    6.87
 283148.147    17.748    -1.06    7.10
 283436.346    17.216    -1.85    6.87
 283724.561    17.558     1.19    6.74
 284012.792    17.163    -1.37    7.38
 284301.038    16.613    -1.91    7.85
 284589.301    15.520    -3.79    8.44
 284877.579    14.420    -3.82    8.36
 285165.872    12.524    -6.58    7.57
 285454.182    11.891    -2.20    6.92
 285742.507    11.819    -0.25    5.88
 286030.848    12.906     3.77    5.70
 286319.205    14.706     6.24    5.29
 286607.578    16.099     4.83    4.52
 286895.966    16.763     2.30    4.50
 287184.371    16.577    -0.64    4.56
 287472.791    16.260    -1.10    4.54
 287761.227    15.789    -1.63    4.93
 288049.678    15.642    -0.51    5.20
 288338.146    14.234    -4.88    5.62
 288626.629    11.948    -7.93    5.62
 288915.128     9.696    -7.81    5.92
 289203.643     8.177    -5.27    5.88
 289492.174     6.587    -5.51    5.80
 289780.720     5.281    -4.53    5.73
 290069.283     3.745    -5.32    5.47
 290357.861     2.407    -4.64    5.20
 290646.455     1.206    -4.16    4.56
 290935.065     0.691    -1.78    3.58
 291223.691     0.482    -0.72    3.24
 291512.332     0.720     0.82    3.75
 291800.990     1.790     3.71    4.71
 292089.663     2.833     3.61    5.34
 292378.352     4.564     6.00    5.63
 292667.057     5.789     4.24    6.08
 292955.778     6.935     3.97    5.91
 293244.514     6.934    -0.00    5.45
 293533.267     5.991    -3.27    5.56
 293822.035     4.563    -4.95    5.58
 294110.820     2.848    -5.94    5.25
 294399.620     0.969    -6.51    4.61
 294688.436    -0.316    -4.45    4.04
 294977.268    -0.369    -0.18    4.87
 295266.115    -0.766    -1.37    5.20
 295554.979    -1.952    -4.11    5.46
 295843.859    -2.637    -2.37    5.22
 296132.754    -2.619     0.06    5.17
 296421.666    -2.615     0.02    5.29
