#  238.063  -3.943  16.101 ;Mean Elev.(m), Avg Gradient(m/km), RMS Gradient(m/km) - SRTM1     
#  215.309  -4.091  17.624 ;Mean Elev.(m), Avg Gradient(m/km), RMS Gradient(m/km) - ASTER GDEM
#  238.402  -3.888  16.153 ;Mean Elev.(m), Avg Gradient(m/km), RMS Gradient(m/km) - GMTED2010 
   1 306.610767 -22.811323   234.416   234.416  6 54666.40885826 52.856
   2 306.609671 -22.812288   302.637   302.780  7 54676.32450211 27.259
   6 306.613135 -22.811529   289.475   289.435  4 54715.98707751  7.499
   9 306.598995 -22.819679   305.098   307.105  5 54745.73402064 20.021
  10 306.598229 -22.820304   302.356   302.222  5 54755.64966784 24.847
  11 306.599143 -22.820075   234.198   234.194  6 54765.56531394 40.593
  12 306.600345 -22.818725   311.401   313.162  6 54775.48095726  4.093
  13 306.600173 -22.819199   300.597   300.601  6 54785.39659744 25.493
  14 306.599395 -22.822964   308.784   308.784  2 54795.31223519  1.591
  15 306.606540 -22.814287   298.834   295.593  6 54805.22787527 12.882
  16 306.611622 -22.812228   309.968   310.037  5 54815.14351331 10.127
  17 306.611600 -22.812420   280.274   280.171  5 54825.05915937 27.754
  19 306.601078 -22.818971   236.028   233.741  6 54844.89044696 23.496
  20 306.596557 -22.824167   309.988   309.988  2 54854.80609501  1.090
  21 306.597694 -22.820550   234.325   234.379  5 54864.72174528 53.254
  23 306.598162 -22.819375   235.299   235.297  5 54884.55304094 45.595
  24 306.596026 -22.821498   235.059   235.058  4 54894.46868298 43.873
  25 306.593738 -22.822932   316.266   316.861  3 54904.38432221  0.594
  26 306.594107 -22.822224   296.138   295.732  4 54914.29996057 24.835
  27 306.596410 -22.821243   235.755   235.736  4 54924.21559847 28.979
  28 306.601470 -22.818103   234.403   234.404  6 54934.13123629 52.408
  30 306.612901 -22.811144   234.049   234.052  4 54953.96250626 53.396
  31 306.610074 -22.812889   234.281   234.278  6 54963.87815051 48.709
  32 306.606354 -22.814920   235.002   235.028  6 54973.79379809 42.681
  33 306.605461 -22.815536   300.011   301.804  7 54983.70944569  3.052
  42 306.611387 -22.811853   234.617   234.619  5 55072.95023190 51.278
  43 306.607184 -22.810672   234.609   234.532  3 55082.86588007 26.041
  44 306.600134 -22.819133   296.605   298.341  6 55092.78152486 12.913
  45 306.598574 -22.820334   235.123   235.168  6 55102.69717148 21.284
  54 306.610669 -22.812632   297.650   294.085  6 55191.93794744 21.047
  55 306.604523 -22.816342   297.615   297.698  7 55201.85359664 23.489
  56 306.600254 -22.819305   302.540   306.977  6 55211.76924574  7.071
  57 306.599550 -22.819395   295.771   292.936  6 55221.68489528 25.388
  67 306.605467 -22.814950   234.659   234.656  7 55320.84130691 47.537
  68 306.602875 -22.817073   234.645   234.605  6 55330.75695075 24.613
  77 306.611213 -22.812196   234.571   234.559  6 55419.99773055 44.658
  78 306.606626 -22.814547   234.000   233.993  6 55429.91337659 42.620
  80 306.600056 -22.819587   234.466   234.225  6 55449.74466331 45.001
  89 306.606648 -22.814728   302.264   301.953  6 55538.98544576 27.424
  90 306.605286 -22.815491   234.844   234.851  7 55548.90109084 51.655
  91 306.602794 -22.817515   234.443   234.448  6 55558.81673405 53.419
  92 306.602240 -22.817980   234.180   234.231  6 55568.73237702 27.205
 101 306.606212 -22.814304   235.779   235.788  7 55657.97315374 40.385
 102 306.604210 -22.815871   307.687   310.587  7 55667.88879520  4.875
 103 306.604419 -22.815796   305.320   306.026  6 55677.80443475  7.841
 114 306.610292 -22.812250   303.745   302.051  5 55786.87649190  2.383
 115 306.611694 -22.813616   305.926   297.682  3 55796.79212551  2.300
 116 306.612526 -22.813416   297.146   297.146  2 55806.70776789  3.319
 118 306.611331 -22.814392   298.331   297.546  3 55826.53906334  1.682
 120 306.610983 -22.812384   316.892   317.652  5 55846.37034374  1.628
 121 306.611734 -22.814488   307.300   307.300  2 55856.28597891  3.628
 125 306.611457 -22.812555   234.543   234.591  5 55895.94856154 28.605
 126 306.613052 -22.812500   234.899   234.849  3 55905.86419763 46.380
 127 306.612821 -22.811086   234.842   234.759  4 55915.77984170 26.515
 128 306.608451 -22.813166   234.530   234.563  7 55925.69549523 40.049
 129 306.605999 -22.814747   234.006   234.047  7 55935.61114574 22.061
 130 306.603501 -22.816923   235.385   235.402  7 55945.52679121 43.300
 131 306.601791 -22.818072   235.918   235.883  6 55955.44243230 45.357
 132 306.601072 -22.818930   234.866   234.909  7 55965.35807058 52.621
 137 306.605601 -22.818716   310.361   310.361  2 56014.93627759  2.113
 138 306.602680 -22.817429   234.310   234.321  6 56024.85192271 33.831
 139 306.601262 -22.818695   235.010   234.978  7 56034.76756564 50.780
 141 306.610279 -22.812269   234.042   234.027  6 56054.59884739 24.739
 142 306.614110 -22.811702   234.532   234.532  2 56064.51448243 28.939
 143 306.612763 -22.812068   234.522   234.504  4 56074.43012591 29.081
 144 306.608436 -22.813060   310.692   310.759  6 56084.34577451 11.540
 150 306.612170 -22.810845   234.537   234.501  5 56143.83960776 40.735
 151 306.608053 -22.813876   234.323   234.320  6 56153.75525741 22.803
 152 306.607366 -22.813858   234.289   234.319  7 56163.67090679 23.251
 153 306.607995 -22.813892   234.747   234.753  6 56173.58655420 50.509
 154 306.609674 -22.812413   234.392   234.378  6 56183.50219689 35.896
 156 306.608914 -22.813110   317.756   318.953  7 56203.33347037 11.554
 162 306.607347 -22.814186   312.569   313.812  7 56262.82733601  8.796
 163 306.606872 -22.814475   234.672   234.658  7 56272.74297782 34.563
 165 306.605941 -22.814468   233.660   233.715  7 56292.57427349 25.575
 166 306.602375 -22.817857   284.225   284.413  7 56302.48992043 12.551
 168 306.598760 -22.820349   238.681   239.623  6 56322.32120413 17.942
 173 306.605640 -22.817170   335.566   335.780  4 56371.89941223  2.614
 174 306.600668 -22.820065   306.390   305.921  6 56381.81505800  2.949
 175 306.601806 -22.815103   234.119   234.119  2 56391.73070392 53.495
 176 306.603007 -22.817360   311.859   308.704  6 56401.64634668  8.863
 177 306.607737 -22.814103   233.543   233.524  6 56411.56198801 31.873
 178 306.612291 -22.812135   234.025   234.013  5 56421.47762395 50.145
 180 306.606807 -22.814199   233.815   233.866  6 56441.30891448 22.390
 185 306.605502 -22.815037   234.507   234.455  6 56490.88713271 52.503
 186 306.608571 -22.813197   297.221   297.811  7 56500.80276807 22.067
 187 306.612807 -22.812943   323.446   323.446  2 56510.71840200  2.455
 191 306.606819 -22.814373   233.992   233.978  7 56550.38099374 53.580
 192 306.604332 -22.816391   234.001   234.082  7 56560.29663571 30.210
 197 306.610008 -22.812218   234.417   234.410  7 56609.87485216 49.044
 198 306.606295 -22.814907   234.194   234.190  6 56619.79049755 35.372
 199 306.603822 -22.819109   321.786   323.415  4 56629.70613975  1.735
 200 306.608319 -22.813058   234.261   234.261  6 56639.62178128 23.128
 201 306.608366 -22.813167   233.991   233.992  6 56649.53742747 25.057
 202 306.603185 -22.817518   236.217   234.358  7 56659.45307776 23.958
 204 306.599656 -22.818988   234.393   234.331  6 56679.28436952 41.120
 208 306.610788 -22.811132   233.882   233.847  6 56718.94693081 34.125
 210 306.600031 -22.819725   320.809   317.854  5 56738.77822950  4.463
 211 306.598336 -22.824016   327.303   327.303  2 56748.69387350  1.835
 212 306.604625 -22.816539   307.803   307.535  5 56758.60951577  1.326
 213 306.609060 -22.816874   324.360   324.360  2 56768.52515010  0.777
 214 306.608399 -22.814944   326.907   327.380  4 56778.44079768  2.391
 215 306.602487 -22.817383   235.294   233.338  7 56788.35645208 24.465
 216 306.596742 -22.821381   282.999   283.934  5 56798.27210251 17.542
 219 306.602293 -22.817460   299.590   293.217  6 56828.01902642 17.884
 224 306.604275 -22.816049   233.450   233.484  7 56877.59724997 53.358
 225 306.601393 -22.818549   233.441   233.451  6 56887.51289788 49.579
 226 306.598671 -22.819806   233.594   233.500  6 56897.42854316 49.215
 227 306.596189 -22.822479   283.996   275.355  3 56907.34418523  6.497
 228 306.597930 -22.820617   279.138   279.502  5 56917.25982638 27.145
 229 306.602809 -22.817551   329.523   329.570  7 56927.17546607  1.767
 230 306.610407 -22.811259   233.019   233.051  6 56937.09110304 23.375
 235 306.606991 -22.813957   233.548   233.550  7 56986.66932161 23.301
 237 306.611448 -22.812012   233.415   233.481  5 57006.50060273 24.132
 239 306.601068 -22.818067   296.332   300.383  6 57026.33190583 23.360
 240 306.600027 -22.819406   294.710   294.836  6 57036.24755383 24.748
 241 306.602620 -22.817395   234.912   234.869  7 57046.16320012 52.539
 242 306.606273 -22.814482   233.650   233.610  7 57056.07884332 25.350
 243 306.608796 -22.812514   234.412   234.357  6 57065.99448107 53.494
 247 306.606559 -22.814378   233.944   233.962  6 57105.65705744 19.674
 248 306.605930 -22.814516   233.934   233.927  7 57115.57270930 17.395
 249 306.604812 -22.815846   233.665   233.668  6 57125.48835447 34.280
 251 306.606266 -22.814459   233.273   233.320  6 57145.31963019 30.623
 252 306.610804 -22.812337   303.151   300.670  6 57155.23526381 23.540
 253 306.613427 -22.812188   234.520   234.484  4 57165.15090314 49.384
 254 306.610254 -22.812611   315.846   314.755  6 57175.06655879 11.002
 255 306.606803 -22.814048   233.777   233.799  7 57184.98221066 52.901
 259 306.607624 -22.809383   233.653   233.653  2 57224.64478508 22.730
 260 306.608468 -22.813292   233.226   233.219  6 57234.56042651 19.486
 261 306.610230 -22.812062   233.046   233.030  6 57244.47606572 43.939
 262 306.610951 -22.811500   233.172   233.140  6 57254.39170190 53.496
 263 306.612054 -22.812431   233.040   232.981  4 57264.30733631 52.391
 265 306.613131 -22.811987   233.628   233.632  3 57284.13863284 55.294
 266 306.611809 -22.811354   234.162   234.125  5 57294.05428708 52.999
 267 306.608009 -22.813952   310.648   310.590  6 57303.96993703 10.642
 270 306.599827 -22.819527   287.660   289.788  6 57333.71686935 27.359
 271 306.603887 -22.816259   330.937   331.522  7 57343.63251104 10.634
 272 306.600616 -22.818571   301.902   307.285  6 57353.54816415  7.640
 274 306.600524 -22.819139   297.153   297.779  6 57373.37944964  7.844
 275 306.602517 -22.817260   288.924   287.070  7 57383.29508914 26.450
 276 306.606972 -22.813855   304.492   304.790  7 57393.21072854 25.759
 277 306.612498 -22.811623   305.439   305.814  5 57403.12636685 27.699
 278 306.613925 -22.811844   284.099   284.099  2 57413.04201145 23.691
 282 306.601207 -22.818888   303.009   305.578  7 57452.70460393  7.695
 284 306.608562 -22.813286   327.688   327.906  6 57472.53589212  1.859
 285 306.610869 -22.812287   297.449   297.456  6 57482.45152981 22.033
 286 306.611423 -22.812584   312.107   312.057  5 57492.36716370  3.314
 287 306.613898 -22.812194   318.969   315.686  3 57502.28279564  4.224
 288 306.612299 -22.811408   315.549   312.291  5 57512.19844535 10.122
 289 306.609781 -22.811760   301.723   304.713  6 57522.11409958 24.722
 290 306.607532 -22.813454   303.853   306.526  7 57532.02975124 18.480
 293 306.601273 -22.818963   288.123   288.956  6 57561.77669015 26.303
 294 306.602381 -22.817545   315.162   315.451  7 57571.69233544  2.584
 296 306.607018 -22.814098   300.596   299.176  7 57591.52362425 11.716
 297 306.607910 -22.813845   306.486   305.298  6 57601.43926451 20.584
