-152878.796    17.519     0.00    0.85
-152589.055    17.474    -0.16    0.90
-152299.301    17.465    -0.03    0.99
-152009.535    17.400    -0.22    0.92
-151719.755    17.362    -0.13    0.83
-151429.961    17.431     0.24    0.86
-151140.155    17.523     0.32    0.93
-150850.336    17.476    -0.16    0.90
-150560.503    17.567     0.31    0.92
-150270.658    17.577     0.03    0.89
-149980.799    17.643     0.23    1.03
-149690.927    17.577    -0.23    1.06
-149401.042    17.431    -0.51    1.04
-149111.143    17.191    -0.83    0.91
-148821.232    17.039    -0.52    0.85
-148531.307    17.008    -0.11    0.95
-148241.370    17.128     0.41    1.08
-147951.419    17.377     0.86    1.34
-147662.492    17.885     1.76    1.89
-147375.330    18.158     0.95    1.93
-147088.155    18.431     0.95    2.04
-146800.966    18.431     0.00    2.06
-146513.765    18.506     0.26    2.18
-146226.552    18.597     0.32    2.34
-145939.325    18.742     0.50    2.59
-145652.085    18.809     0.24    2.81
-145364.833    18.626    -0.64    2.92
-145077.567    18.700     0.26    3.05
-144790.289    18.736     0.12    3.14
-144502.998    18.796     0.21    3.32
-144215.693    19.064     0.93    3.46
-143928.376    19.259     0.68    3.52
-143641.047    19.062    -0.69    3.33
-143353.704    19.264     0.70    3.33
-143066.348    19.623     1.25    3.20
-142778.979    19.826     0.70    2.96
-142491.598    19.960     0.47    2.49
-142204.203    19.522    -1.53    2.66
-141916.796    19.234    -1.00    2.99
-141629.376    18.723    -1.78    2.98
-141341.942    18.348    -1.30    3.07
-141054.496    17.808    -1.88    3.07
-140767.037    17.658    -0.52    2.98
-140479.565    17.279    -1.32    2.79
-140192.080    16.628    -2.27    2.24
-139904.582    16.716     0.31    1.99
-139617.072    16.623    -0.32    2.02
-139329.548    16.794     0.59    2.03
-139042.011    17.029     0.82    2.29
-138754.462    17.476     1.55    2.42
-138466.899    17.746     0.94    2.50
-138179.324    18.064     1.11    2.57
-137891.735    17.977    -0.30    2.58
-137604.134    18.037     0.21    2.46
-137316.519    17.787    -0.87    2.42
-137028.892    17.531    -0.89    2.38
-136741.252    17.542     0.04    2.26
-136453.598    17.567     0.09    2.17
-136165.932    17.628     0.21    2.15
-135878.253    18.023     1.38    2.33
-135590.561    17.991    -0.11    2.49
-135302.856    17.917    -0.26    2.58
-135015.138    18.131     0.75    2.58
-134727.406    18.348     0.75    2.66
-134439.662    18.348     0.00    2.84
-134151.905    18.214    -0.47    2.82
-133864.135    18.064    -0.52    2.83
-133576.352    18.186     0.42    2.88
-133288.556    18.022    -0.57    2.86
-133000.747    17.977    -0.15    2.83
-132712.925    18.249     0.94    2.83
-132425.090    18.239    -0.04    2.69
-132137.242    18.393     0.54    2.65
-131849.381    18.900     1.76    2.47
-131561.507    18.835    -0.23    2.39
-131273.620    18.632    -0.71    2.42
-130985.720    18.228    -1.40    2.45
-130697.807    17.385    -2.93    2.74
-130409.881    16.688    -2.42    2.77
-130121.942    15.960    -2.53    2.65
-129833.990    15.400    -1.94    2.40
-129546.024    14.884    -1.79    2.14
-129258.046    14.537    -1.21    1.89
-128970.055    14.666     0.45    2.52
-128682.051    14.961     1.02    2.82
-128394.034    15.100     0.48    2.90
-128106.003    15.006    -0.33    2.90
-127817.960    14.793    -0.74    2.87
-127529.904    14.264    -1.84    2.67
-127241.834    13.853    -1.43    2.29
-126953.752    13.249    -2.10    1.56
-126665.656    13.158    -0.32    1.24
-126377.548    12.974    -0.64    1.18
-126089.426    13.052     0.27    1.22
-125801.291    13.059     0.03    1.17
-125513.144    12.961    -0.34    1.20
-125224.983    12.835    -0.44    1.08
-124936.809    12.688    -0.51    0.95
-124648.622    12.706     0.06    1.00
-124360.422    12.812     0.37    1.05
-124072.209    12.841     0.10    1.06
-123783.983    12.991     0.52    1.06
-123495.743    13.052     0.21    1.04
-123207.491    13.088     0.12    1.14
-122919.226    12.885    -0.70    1.21
-122630.947    13.082     0.68    1.43
-122342.656    13.497     1.44    2.06
-122054.351    14.020     1.81    2.50
-121766.033    14.158     0.48    2.60
-121477.702    14.146    -0.04    2.66
-121189.359    13.825    -1.12    2.71
-120901.001    13.762    -0.22    2.77
-120612.631    13.288    -1.64    2.70
-120324.248    13.112    -0.61    2.55
-120035.852    13.067    -0.16    2.45
-119747.442    13.746     2.36    2.91
-119459.020    14.062     1.09    2.94
-119170.584    14.393     1.15    2.89
-118882.135    14.572     0.62    2.83
-118593.673    14.856     0.99    2.81
-118305.198    14.718    -0.48    2.73
-118016.710    14.288    -1.49    2.82
-117728.209    13.771    -1.79    2.59
-117439.694    13.522    -0.87    2.41
-117151.167    13.331    -0.66    2.16
-116862.626    13.348     0.06    2.09
-116574.072    13.400     0.18    2.09
-116285.505    13.279    -0.42    2.14
-115996.925    13.112    -0.58    2.22
-115708.332    13.081    -0.11    2.34
-115419.725    12.811    -0.94    2.16
-115131.106    12.916     0.36    2.19
-114842.473    12.749    -0.58    2.20
-114553.827    12.670    -0.27    2.52
-114265.168    12.676     0.02    2.49
-113976.496    12.567    -0.38    2.48
-113687.811    12.541    -0.09    2.65
-113399.112    12.643     0.35    2.67
-113110.401    12.650     0.03    2.94
-112821.676    12.542    -0.37    3.15
-112532.938    12.516    -0.09    3.01
-112244.186    12.400    -0.40    2.97
-111955.422    12.567     0.58    2.89
-111666.644    12.294    -0.94    2.82
-111377.854    12.223    -0.25    3.01
-111089.050    11.885    -1.17    2.74
-110800.233    11.749    -0.47    2.63
-110511.402    11.676    -0.25    2.45
-110222.559    11.597    -0.27    2.53
-109933.702    11.062    -1.85    2.67
-109644.832    10.885    -0.61    2.47
-109355.949    10.791    -0.33    2.54
-109067.053    11.022     0.80    2.71
-108778.143    10.900    -0.42    2.66
-108489.220    10.673    -0.79    2.36
-108200.285    10.777     0.36    2.07
-107911.335    10.716    -0.21    1.92
-107622.373    10.491    -0.78    1.83
-107333.397    10.218    -0.95    1.93
-107044.409    10.325     0.37    1.85
-106755.407    10.331     0.02    2.08
-106466.391    10.294    -0.13    2.11
-106177.363     9.962    -1.15    1.94
-105888.321     9.766    -0.68    1.87
-105599.266     9.933     0.58    1.94
-105310.198     9.870    -0.21    1.74
-105021.116     9.811    -0.21    1.81
-104732.022     9.658    -0.53    1.66
-104442.914     9.593    -0.23    1.97
-104153.793     9.787     0.67    2.38
-103864.658     9.749    -0.13    2.38
-103575.511     9.642    -0.37    2.42
-103286.350     9.764     0.42    2.62
-102997.175     9.764     0.00    2.81
-102707.988     9.915     0.52    2.94
-102418.787     9.703    -0.73    2.70
-102129.573     9.454    -0.86    2.63
-101840.346     9.202    -0.87    2.43
-101551.105     8.916    -0.99    2.02
-101261.852     9.100     0.64    2.22
-100972.585     9.006    -0.32    2.40
-100683.304     8.961    -0.16    2.20
-100394.011     8.993     0.11    2.10
-100104.704     9.154     0.56    2.23
 -99815.383     9.015    -0.48    2.23
 -99526.050     8.930    -0.29    2.30
 -99236.703     8.931     0.00    2.77
 -98947.343     9.062     0.45    3.00
 -98657.970     9.294     0.80    3.34
 -98368.583     8.932    -1.25    3.08
 -98079.183     8.279    -2.25    2.90
 -97789.770     7.594    -2.37    2.42
 -97500.343     7.703     0.38    2.94
 -97210.903     8.188     1.68    3.86
 -96921.450     8.356     0.58    4.18
 -96631.983     8.673     1.09    4.55
 -96342.504     8.915     0.84    4.45
 -96053.010     9.043     0.44    4.31
 -95763.504     8.825    -0.76    4.19
 -95473.984     8.885     0.21    3.92
 -95184.451     8.224    -2.28    3.04
 -94894.905     8.158    -0.23    2.70
 -94605.345     8.197     0.14    2.56
 -94315.772     8.128    -0.24    2.58
 -94026.185     8.392     0.91    2.59
 -93736.585     8.143    -0.86    2.50
 -93446.972     7.990    -0.53    2.38
 -93157.346     7.547    -1.53    2.27
 -92867.706     7.362    -0.64    2.17
 -92578.053     6.885    -1.65    2.88
 -92288.386     6.052    -2.88    3.42
 -91998.706     5.400    -2.25    3.74
 -91709.013     5.184    -0.75    3.92
 -91419.306     4.976    -0.72    4.10
 -91129.586     4.856    -0.42    4.06
 -90839.853     4.685    -0.59    3.93
 -90550.106     4.602    -0.29    3.96
 -90260.346     4.658     0.20    4.06
 -89970.572     4.809     0.52    4.29
 -89680.786     5.022     0.73    4.58
 -89390.985     4.665    -1.23    4.66
 -89101.172     4.685     0.07    5.02
 -88811.345     5.175     1.69    5.38
 -88521.504     5.597     1.46    5.55
 -88231.650     6.255     2.27    5.65
 -87941.783     6.855     2.07    5.24
 -87651.903     7.143     0.99    4.65
 -87362.009     7.825     2.35    3.70
 -87072.101     7.762    -0.22    3.04
 -86782.181     7.085    -2.33    2.72
 -86492.246     6.485    -2.07    2.58
 -86202.299     5.916    -1.96    2.77
 -85912.338     5.552    -1.26    2.83
 -85622.363     5.377    -0.60    3.26
 -85335.095     5.522     0.50    3.65
 -85047.965     5.946     1.48    3.84
 -84760.823     6.438     1.71    4.23
 -84473.667     6.610     0.60    3.94
 -84186.498     6.779     0.59    3.83
 -83899.316     6.606    -0.60    3.91
 -83612.121     6.259    -1.21    4.05
 -83324.912     6.214    -0.16    4.08
 -83037.691     6.478     0.92    4.34
 -82750.456     6.840     1.26    4.59
 -82463.209     6.753    -0.30    4.58
 -82175.948     7.285     1.85    4.39
 -81888.674     7.124    -0.56    4.04
 -81601.387     7.341     0.76    3.63
 -81314.086     6.840    -1.75    3.56
 -81026.773     6.557    -0.98    3.48
 -80739.446     6.619     0.22    3.48
 -80452.106     6.173    -1.55    3.35
 -80164.754     6.008    -0.57    3.20
 -79877.388     6.244     0.82    3.24
 -79590.008     6.150    -0.32    2.98
 -79302.616     5.423    -2.53    2.46
 -79015.210     4.734    -2.40    2.45
 -78727.792     4.562    -0.60    2.44
 -78440.360     4.476    -0.30    2.48
 -78152.915     3.997    -1.67    2.19
 -77865.456     3.976    -0.07    1.99
 -77577.985     3.688    -1.00    1.88
 -77290.500     3.259    -1.49    1.95
 -77003.003     3.037    -0.77    1.99
 -76715.492     2.594    -1.54    2.40
 -76427.968     2.097    -1.73    2.37
 -76140.430     1.478    -2.15    1.87
 -75852.880     1.203    -0.96    1.61
 -75565.316     1.325     0.42    1.40
 -75277.739     1.386     0.21    1.60
 -74990.149     0.991    -1.37    1.88
 -74702.546     0.762    -0.80    2.15
 -74414.929     1.158     1.38    2.71
 -74127.299     2.045     3.09    3.84
 -73839.656     3.064     3.54    4.36
 -73552.000     3.841     2.70    4.35
 -73264.331     4.989     3.99    4.31
 -72976.648     5.572     2.03    3.85
 -72688.952     6.825     4.35    2.20
 -72401.243     6.583    -0.84    1.97
 -72113.521     6.054    -1.84    1.86
 -71825.785     5.870    -0.64    1.75
 -71538.037     5.706    -0.57    1.66
 -71250.275     5.694    -0.04    1.64
 -70962.500     5.721     0.09    1.70
 -70674.711     5.794     0.25    1.64
 -70386.909     6.017     0.77    1.49
 -70099.094     5.930    -0.30    1.35
 -69811.266     5.900    -0.10    1.48
 -69523.425     5.960     0.21    1.44
 -69235.570     5.811    -0.52    1.52
 -68947.702     5.841     0.10    1.55
 -68659.821     5.870     0.10    1.60
 -68371.926     5.869    -0.00    1.57
 -68084.019     5.794    -0.26    1.39
 -67796.098     5.916     0.42    1.43
 -67508.164     6.077     0.56    1.46
 -67220.216     6.131     0.19    1.47
 -66932.255     6.203     0.25    1.63
 -66644.281     6.336     0.46    1.62
 -66356.294     6.309    -0.09    1.40
 -66068.293     6.362     0.18    1.38
 -65780.279     6.300    -0.21    1.32
 -65492.252     6.244    -0.20    1.38
 -65204.211     6.612     1.28    1.52
 -64916.158     6.703     0.32    1.52
 -64628.091     6.697    -0.02    1.57
 -64340.010     6.870     0.60    1.66
 -64051.917     6.884     0.05    1.72
 -63763.810     6.900     0.06    1.63
 -63475.689     7.050     0.52    1.64
 -63187.556     6.885    -0.57    1.59
 -62899.409     6.931     0.16    1.61
 -62611.249     6.900    -0.11    1.55
 -62323.075     6.779    -0.42    1.55
 -62034.888     6.630    -0.52    1.62
 -61746.688     6.294    -1.17    1.54
 -61458.475     5.931    -1.26    1.34
 -61170.248     5.636    -1.02    0.87
 -60882.008     5.749     0.39    0.90
 -60593.754     5.808     0.21    0.90
 -60305.488     5.931     0.43    1.04
 -60017.207     5.994     0.22    1.14
 -59728.914     6.288     1.02    1.25
 -59440.607     6.491     0.70    1.23
 -59152.287     6.547     0.19    1.18
 -58863.954     6.856     1.07    1.31
 -58575.607     7.079     0.78    1.72
 -58287.247     7.271     0.67    1.79
 -57998.873     7.777     1.75    2.16
 -57710.486     7.840     0.22    2.10
 -57422.086     7.766    -0.26    2.03
 -57133.672     7.724    -0.15    1.70
 -56845.245     7.688    -0.12    1.73
 -56556.805     7.751     0.22    1.71
 -56268.351     7.834     0.29    1.77
 -55979.884     8.064     0.80    1.74
 -55691.404     8.244     0.62    1.65
 -55402.910     8.444     0.70    1.60
 -55114.403     8.408    -0.13    1.61
 -54825.882     8.915     1.76    2.22
 -54537.348     8.916     0.00    2.39
 -54248.801     8.996     0.28    2.42
 -53960.240     8.718    -0.96    2.47
 -53671.666     8.676    -0.15    2.47
 -53383.078     8.856     0.62    2.40
 -53094.477     8.915     0.20    2.38
 -52805.863     8.856    -0.20    2.15
 -52517.235     8.710    -0.51    2.06
 -52228.594     8.643    -0.23    2.14
 -51939.940     8.582    -0.21    2.09
 -51651.272     8.768     0.64    2.43
 -51362.590     8.768     0.00    2.51
 -51073.896     8.647    -0.42    2.59
 -50785.187     8.960     1.09    2.79
 -50496.466     9.277     1.10    2.85
 -50207.731     9.482     0.71    2.86
 -49918.982     9.338    -0.50    2.51
 -49630.220     8.856    -1.67    2.22
 -49341.445     8.680    -0.61    2.04
 -49052.656     8.688     0.03    2.12
 -48763.854     8.855     0.58    2.27
 -48475.039     8.853    -0.01    2.30
 -48186.209     8.706    -0.51    2.17
 -47897.367     8.270    -1.51    1.47
 -47608.511     8.214    -0.19    1.38
 -47319.642     8.400     0.65    1.65
 -47030.759     8.318    -0.28    1.56
 -46741.862     8.244    -0.26    1.79
 -46452.953     8.143    -0.35    1.66
 -46164.029     8.300     0.55    1.83
 -45875.093     8.685     1.33    2.13
 -45586.143     8.855     0.59    2.18
 -45297.179     8.612    -0.84    2.06
 -45008.202     8.825     0.73    2.10
 -44719.211     8.658    -0.58    1.95
 -44430.207     8.537    -0.42    2.03
 -44141.190     8.449    -0.30    1.87
 -43852.159     8.264    -0.64    1.79
 -43563.114     8.325     0.21    1.73
 -43274.056     8.288    -0.13    1.62
 -42984.985     8.341     0.18    1.53
 -42695.900     8.207    -0.47    1.50
 -42406.801     7.900    -1.06    1.05
 -42117.690     8.116     0.74    1.10
 -41828.564     8.203     0.30    1.29
 -41539.425     8.112    -0.31    1.25
 -41250.273     8.229     0.40    1.64
 -40961.107     8.415     0.65    1.80
 -40671.927     8.254    -0.56    1.46
 -40382.734     8.264     0.03    1.26
 -40093.528     8.008    -0.88    1.03
 -39804.308     8.022     0.05    1.06
 -39515.074     8.100     0.27    1.02
 -39225.827     8.340     0.83    0.98
 -38936.567     8.529     0.66    1.01
 -38647.293     8.673     0.50    1.44
 -38358.005     8.823     0.52    1.49
 -38068.704     8.839     0.05    1.48
 -37779.389     8.886     0.16    1.39
 -37490.061     8.809    -0.26    1.22
 -37200.719     8.976     0.58    1.62
 -36911.364     9.275     1.03    1.80
 -36621.995     9.312     0.13    1.66
 -36332.613     9.384     0.25    1.62
 -36043.217     9.378    -0.02    1.59
 -35753.807     9.318    -0.21    1.62
 -35464.384     9.385     0.23    1.34
 -35174.947     9.393     0.03    1.39
 -34885.497     9.345    -0.17    1.19
 -34596.034     9.279    -0.23    1.16
 -34306.556     9.408     0.45    1.02
 -34017.065     9.597     0.65    1.54
 -33727.561     9.700     0.36    1.66
 -33438.043     9.676    -0.08    1.61
 -33148.511     9.588    -0.31    1.66
 -32858.966     9.582    -0.02    1.64
 -32569.407     9.746     0.57    1.93
 -32279.835     9.961     0.74    2.33
 -31990.249    10.006     0.16    2.25
 -31700.649    10.688     2.35    2.73
 -31411.036    10.961     0.94    2.74
 -31121.409    11.119     0.55    2.79
 -30831.769    11.249     0.45    2.70
 -30542.115    11.352     0.36    2.81
 -30252.448    11.128    -0.77    3.00
 -29962.767    10.826    -1.04    3.06
 -29673.072    10.751    -0.26    3.18
 -29383.363    10.268    -1.67    2.88
 -29093.641     9.852    -1.44    2.54
 -28803.906    10.812     3.31    4.32
 -28514.157    10.639    -0.60    4.11
 -28224.394    10.658     0.07    4.07
 -27934.617    10.746     0.31    4.16
 -27644.827    10.423    -1.12    3.85
 -27355.024    10.249    -0.60    3.54
 -27065.206    10.085    -0.57    2.87
 -26775.375     9.597    -1.68    1.61
 -26485.531     9.643     0.16    1.54
 -26195.672     9.871     0.79    1.84
 -25905.800     9.749    -0.42    1.50
 -25615.915     9.779     0.10    1.20
 -25326.016     9.787     0.03    1.23
 -25036.103     9.779    -0.03    1.16
 -24746.176     9.793     0.05    1.17
 -24456.236    10.050     0.89    1.40
 -24166.282    10.253     0.70    1.36
 -23876.315    10.497     0.84    1.26
 -23586.333    10.552     0.19    1.45
 -23297.850    10.642     0.31    1.43
 -23010.760    10.721     0.28    1.38
 -22723.656    10.742     0.07    1.46
 -22436.539    10.916     0.61    2.14
 -22149.408    10.811    -0.37    2.13
 -21862.264    10.930     0.42    2.41
 -21575.107    10.632    -1.04    1.98
 -21287.936    10.707     0.26    1.95
 -21000.752    10.542    -0.57    1.36
 -20713.555    10.807     0.92    1.38
 -20426.344    10.991     0.64    1.88
 -20139.120    11.128     0.47    1.84
 -19851.883    11.312     0.64    1.96
 -19564.632    11.355     0.15    1.95
 -19277.367    10.885    -1.64    1.17
 -18990.090    10.779    -0.37    1.13
 -18702.798    10.852     0.25    1.15
 -18415.494    10.703    -0.52    1.22
 -18128.176    10.587    -0.41    1.20
 -17840.845    10.378    -0.73    1.22
 -17553.500    10.244    -0.47    1.27
 -17266.142    10.054    -0.66    1.36
 -16978.771     9.825    -0.80    1.24
 -16691.386     9.793    -0.11    1.48
 -16403.987     9.512    -0.98    1.42
 -16116.576     9.482    -0.10    1.42
 -15829.150     9.577     0.33    1.40
 -15541.712     9.751     0.61    1.60
 -15254.260     9.856     0.36    1.66
 -14966.794    10.345     1.70    1.84
 -14679.316    10.749     1.41    1.90
 -14391.823    10.916     0.58    1.80
 -14104.318    11.325     1.42    1.64
 -13816.799    11.591     0.93    1.50
 -13529.266    11.796     0.71    1.43
 -13241.720    11.680    -0.40    1.53
 -12954.160    11.626    -0.19    1.68
 -12666.588    11.662     0.12    1.72
 -12379.001    11.700     0.13    1.62
 -12091.401    11.691    -0.03    1.75
 -11803.788    11.318    -1.30    1.79
 -11516.161    10.796    -1.82    1.92
 -11228.521    10.288    -1.76    1.77
 -10940.868     9.562    -2.53    1.69
 -10653.201     9.169    -1.36    1.55
 -10365.520     8.744    -1.48    1.48
 -10077.826     8.552    -0.67    1.33
  -9790.118     8.522    -0.11    1.45
  -9502.397     8.665     0.50    1.65
  -9214.663     9.037     1.29    1.94
  -8926.915     9.146     0.38    1.92
  -8639.154     9.249     0.36    1.93
  -8351.379     9.497     0.86    1.95
  -8063.590    10.112     2.14    2.55
  -7775.788    10.977     3.00    3.09
  -7487.973    10.812    -0.57    3.30
  -7200.144    10.188    -2.17    3.62
  -6912.302    10.039    -0.52    3.87
  -6624.446     9.400    -2.22    3.97
  -6336.577     8.531    -3.02    4.13
  -6048.694     7.244    -4.47    3.42
  -5760.797     5.809    -4.98    1.91
  -5472.887     5.518    -1.01    1.44
  -5184.964     5.423    -0.33    1.52
  -4897.027     4.811    -2.13    1.37
  -4609.077     4.320    -1.71    1.42
  -4321.113     4.193    -0.44    1.53
  -4033.135     3.930    -0.91    2.07
  -3745.144     3.766    -0.57    2.16
  -3457.140     3.459    -1.07    2.12
  -3169.122     3.094    -1.27    2.06
  -2881.090     3.214     0.41    2.12
  -2593.045     2.817    -1.38    2.16
  -2304.986     2.572    -0.85    1.63
  -2016.914     2.931     1.25    1.60
  -1728.828     3.459     1.83    1.90
  -1440.729     3.333    -0.44    2.32
  -1152.616     2.840    -1.71    3.16
   -864.489     2.516    -1.12    3.55
   -576.349     2.013    -1.74    3.86
   -288.196     1.079    -3.24    3.98
     -0.029     0.039    -3.61    3.69
    288.152    -0.965    -3.48    2.52
    576.346    -0.888     0.27    2.72
    864.554    -1.009    -0.42    2.59
   1152.775    -1.100    -0.32    2.68
   1441.010    -0.842     0.89    3.01
   1729.259    -0.524     1.10    3.24
   2017.521    -0.085     1.52    3.18
   2305.797     0.562     2.24    3.36
   2594.086     0.623     0.21    3.31
   2882.389     0.348    -0.95    3.26
   3170.705    -0.309    -2.28    2.76
   3459.035    -0.797    -1.69    2.42
   3747.379    -0.284     1.78    3.14
   4035.736    -0.069     0.75    3.60
   4324.107     0.244     1.09    3.91
   4612.491     0.900     2.28    4.02
   4900.889     1.673     2.68    4.11
   5189.301     3.916     7.78    6.18
   5477.726     6.718     9.72    7.27
   5766.165     8.291     5.45    7.64
   6054.618     9.676     4.80    7.56
   6343.084    11.945     7.86    6.31
   6631.563    13.557     5.59    4.82
   6920.057    14.975     4.91    2.08
   7208.564    14.635    -1.18    1.75
   7497.084    14.180    -1.58    1.03
   7785.619    14.265     0.30    0.90
   8074.166    14.423     0.55    0.91
   8362.728    14.363    -0.21    0.93
   8651.303    14.444     0.28    0.95
   8939.892    14.423    -0.08    0.88
   9228.494    14.551     0.44    0.79
   9517.110    14.506    -0.15    0.84
   9805.740    14.572     0.23    0.84
  10094.383    14.567    -0.02    0.90
  10383.041    14.522    -0.16    0.91
  10671.711    14.617     0.33    1.06
  10960.396    14.718     0.35    1.12
  11249.094    14.746     0.10    1.09
  11537.805    14.628    -0.41    1.10
  11826.531    14.610    -0.06    1.14
  12115.270    14.643     0.11    1.07
  12404.022    14.734     0.31    1.06
  12692.789    14.724    -0.03    0.95
  12981.569    14.734     0.03    0.92
  13270.363    14.731    -0.01    0.98
  13559.170    14.855     0.43    0.90
  13847.991    14.962     0.37    0.85
  14136.826    14.915    -0.16    1.05
  14425.675    14.825    -0.31    1.13
  14714.537    14.796    -0.10    1.14
  15003.413    14.793    -0.01    1.12
  15292.302    14.736    -0.20    1.12
  15581.206    14.567    -0.59    1.11
  15870.123    14.408    -0.55    0.92
  16159.053    14.665     0.89    1.05
  16447.998    14.841     0.61    1.18
  16736.956    15.136     1.02    1.49
  17025.928    15.208     0.25    1.52
  17314.913    15.244     0.12    1.50
  17603.913    15.277     0.12    1.51
  17892.926    15.094    -0.63    1.41
  18181.952    15.297     0.70    1.50
  18470.993    15.586     1.00    1.44
  18760.047    15.647     0.21    1.44
  19049.115    15.900     0.88    1.60
  19338.197    15.931     0.10    1.63
  19627.292    16.029     0.34    1.61
  19916.401    15.734    -1.02    1.57
  20205.524    15.482    -0.87    1.63
  20494.661    15.194    -1.00    1.46
  20783.811    15.165    -0.10    1.40
  21072.976    14.977    -0.65    1.12
  21362.154    14.961    -0.06    1.05
  21651.345    14.980     0.06    1.00
  21940.551    15.005     0.09    0.92
  22229.770    15.094     0.31    0.78
  22519.003    15.091    -0.01    0.83
  22808.250    15.109     0.06    0.84
  23097.510    15.439     1.14    2.22
  23386.785    15.840     1.39    2.86
  23676.073    15.962     0.42    2.92
  23965.375    16.482     1.80    3.35
  24254.690    17.097     2.13    3.72
  24544.020    17.474     1.30    3.89
  24833.363    17.716     0.84    3.90
  25122.720    17.587    -0.45    3.85
  25412.091    16.916    -2.32    3.63
  25701.475    16.762    -0.53    3.59
  25990.874    16.408    -1.22    2.96
  26280.286    16.139    -0.93    2.65
  26569.712    15.827    -1.08    2.07
  26859.152    15.531    -1.02    1.67
  27148.605    15.239    -1.01    0.66
  27438.073    15.261     0.08    0.71
  27727.554    15.259    -0.01    0.81
  28017.049    15.297     0.13    0.87
  28306.558    15.257    -0.14    0.87
  28596.081    15.393     0.47    0.94
  28885.618    15.291    -0.35    0.95
  29175.168    15.173    -0.41    1.00
  29464.732    15.255     0.28    0.99
  29754.310    15.188    -0.23    0.97
  30043.902    15.497     1.07    1.05
  30333.508    15.547     0.17    1.10
  30623.128    15.503    -0.15    1.05
  30912.761    15.485    -0.06    1.06
  31202.408    15.446    -0.14    1.11
  31492.069    15.384    -0.21    1.05
  31781.744    15.408     0.08    1.16
  32071.433    15.348    -0.21    1.09
  32361.136    15.503     0.54    1.07
  32650.852    15.794     1.00    1.52
  32940.583    16.100     1.06    1.80
  33230.327    16.309     0.72    2.11
  33520.085    16.300    -0.03    2.10
  33809.857    16.259    -0.14    1.94
  34099.643    16.097    -0.56    1.24
  34389.443    15.885    -0.73    0.95
  34679.257    15.823    -0.21    0.91
  34969.084    15.781    -0.15    0.83
  35258.926    15.900     0.41    0.93
  35548.781    15.961     0.21    0.93
  35838.650    15.960    -0.00    0.94
  36128.534    16.050     0.31    0.93
  36418.431    16.109     0.21    0.90
  36708.342    16.119     0.03    0.92
  36998.266    16.165     0.16    0.89
  37288.205    16.170     0.02    0.83
  37578.158    16.136    -0.12    0.88
  37868.124    16.169     0.12    0.83
  38158.105    16.239     0.24    0.86
  38448.099    16.259     0.07    0.88
  38737.848    16.352     0.32    0.92
  39024.894    16.363     0.04    0.89
  39311.954    16.385     0.08    0.94
  39599.027    16.552     0.58    0.94
  39886.114    16.658     0.37    0.93
  40173.215    16.625    -0.11    0.92
  40460.329    16.632     0.02    0.86
  40747.456    16.608    -0.08    0.86
  41034.597    16.628     0.07    0.83
  41321.752    16.658     0.11    0.80
  41608.921    16.658    -0.00    0.80
  41896.103    16.721     0.22    0.78
  42183.298    16.886     0.57    0.86
  42470.508    16.915     0.10    0.87
  42757.731    16.961     0.16    0.94
  43044.967    17.006     0.16    0.91
  43332.218    16.853    -0.53    0.90
  43619.481    16.900     0.16    0.84
  43906.759    16.885    -0.05    0.83
  44194.050    16.900     0.05    0.77
  44481.355    16.945     0.16    0.81
  44768.673    16.989     0.15    0.84
  45056.005    17.008     0.07    0.81
  45343.351    17.082     0.26    0.86
  45630.710    17.039    -0.15    0.81
  45918.083    16.991    -0.17    0.82
  46205.470    17.003     0.04    0.83
  46492.870    16.885    -0.41    0.75
  46780.284    16.885     0.00    0.79
  47067.712    16.836    -0.17    0.81
  47355.153    16.809    -0.09    0.76
  47642.608    16.854     0.16    0.72
  47930.077    17.112     0.90    0.83
  48217.559    17.292     0.62    0.96
  48505.055    17.377     0.30    1.06
  48792.565    17.597     0.77    1.24
  49080.088    17.762     0.57    1.18
  49367.625    17.870     0.38    1.14
  49655.176    17.916     0.16    1.10
  49942.740    17.946     0.10    1.10
  50230.318    18.003     0.20    1.04
  50517.910    18.112     0.38    0.98
  50805.516    18.673     1.95    1.53
  51093.135    19.070     1.38    1.70
  51380.768    19.229     0.55    1.85
  51668.414    19.361     0.46    1.83
  51956.075    19.279    -0.28    1.81
  52243.749    19.018    -0.91    1.84
  52531.437    18.647    -1.29    1.55
  52819.138    18.268    -1.32    1.28
  53106.853    18.070    -0.69    0.94
  53394.582    17.974    -0.33    0.94
  53682.325    18.013     0.14    0.93
  53970.081    18.067     0.19    0.94
  54257.851    17.960    -0.37    0.97
  54545.635    18.033     0.25    0.93
  54833.433    18.121     0.31    0.93
  55121.244    18.184     0.22    0.87
  55409.069    18.602     1.45    1.91
  55696.908    18.984     1.33    2.27
  55984.761    19.363     1.32    2.23
  56272.627    19.688     1.13    2.35
  56560.507    19.694     0.02    2.43
  56848.401    19.783     0.31    2.30
  57136.308    19.703    -0.28    2.05
  57424.230    19.734     0.11    2.02
  57712.165    20.029     1.03    2.49
  58000.114    20.283     0.88    2.46
  58288.076    20.531     0.86    2.56
  58576.053    20.871     1.18    2.53
  58864.043    21.363     1.71    3.42
  59152.047    21.736     1.30    3.86
  59440.065    21.808     0.25    3.86
  59728.096    22.091     0.98    3.81
  60016.141    22.229     0.48    3.61
  60304.201    22.546     1.10    3.38
  60592.273    22.587     0.14    2.89
  60880.360    22.461    -0.44    2.90
  61168.461    22.930     1.63    2.70
  61456.575    22.703    -0.79    2.90
  61744.703    21.977    -2.52    3.16
  62032.845    21.522    -1.58    3.36
  62321.000    21.270    -0.87    3.40
  62609.170    20.855    -1.44    3.22
  62897.353    20.270    -2.03    2.41
  63185.550    19.647    -2.16    2.08
  63473.761    19.244    -1.40    1.84
  63761.986    18.946    -1.03    1.82
  64050.225    18.840    -0.37    1.82
  64338.477    18.567    -0.95    1.75
  64626.743    18.173    -1.37    1.14
  64915.023    18.177     0.01    1.11
  65203.317    18.294     0.41    1.48
  65491.625    18.362     0.23    1.61
  65779.946    18.734     1.29    2.00
  66068.282    19.128     1.37    2.29
  66356.631    19.516     1.35    2.54
  66644.994    20.184     2.32    2.56
  66933.371    20.716     1.84    2.52
  67221.762    20.809     0.32    2.33
  67510.166    20.962     0.53    2.84
  67798.585    20.506    -1.58    3.23
  68087.017    19.346    -4.02    3.46
  68375.464    18.537    -2.81    3.67
  68663.924    17.577    -3.33    3.43
  68952.398    16.975    -2.09    3.10
  69240.885    16.557    -1.45    2.08
  69529.387    16.470    -0.30    1.46
  69817.903    16.482     0.04    1.26
  70106.432    16.884     1.39    1.02
  70394.975    16.915     0.11    1.02
  70683.533    16.915    -0.00    1.01
  70972.104    16.900    -0.05    1.06
  71260.689    16.871    -0.10    1.33
  71549.288    16.762    -0.38    1.22
  71837.900    16.518    -0.85    1.65
  72126.527    16.535     0.06    1.73
  72415.168    16.587     0.18    1.72
  72703.822    16.489    -0.34    1.68
  72992.491    16.400    -0.31    1.77
  73281.173    16.209    -0.66    1.66
  73569.869    16.146    -0.22    1.62
  73858.579    16.121    -0.09    1.45
  74147.303    16.223     0.35    1.51
  74436.041    15.960    -0.91    1.44
  74724.793    15.944    -0.05    1.42
  75013.559    15.843    -0.35    1.24
  75302.339    15.930     0.30    1.10
  75591.132    15.900    -0.10    1.11
  75879.940    15.885    -0.05    1.07
  76168.761    15.707    -0.62    0.87
  76457.597    15.736     0.10    0.83
  76746.446    15.632    -0.36    0.83
  77035.310    15.654     0.08    0.90
  77324.187    15.739     0.29    0.87
  77613.078    15.825     0.30    0.97
  77901.983    15.855     0.10    0.92
  78190.902    15.773    -0.28    0.87
  78479.836    15.680    -0.32    0.86
  78768.783    15.662    -0.06    0.85
  79057.744    15.665     0.01    0.87
  79346.719    15.694     0.10    0.91
  79635.708    15.643    -0.18    0.95
  79924.711    15.764     0.42    0.99
  80213.727    16.011     0.86    0.99
  80502.758    16.444     1.50    1.23
  80791.803    16.796     1.22    1.21
  81080.862    17.091     1.02    1.12
  81369.935    17.386     1.02    1.03
  81659.022    17.703     1.10    1.13
  81948.122    17.961     0.89    1.14
  82237.237    18.116     0.54    1.14
  82526.366    18.194     0.27    1.09
  82815.509    18.408     0.74    1.06
  83104.666    18.538     0.45    1.07
  83393.836    18.647     0.38    1.03
  83683.021    18.673     0.09    0.91
  83972.220    18.809     0.47    1.00
  84261.433    18.946     0.47    0.91
  84550.660    18.989     0.15    0.93
  84839.901    18.915    -0.25    0.90
  85129.155    18.827    -0.31    0.92
  85418.424    18.781    -0.16    0.98
  85707.707    18.673    -0.37    0.94
  85997.004    18.976     1.05    1.57
  86286.315    19.362     1.33    2.08
  86575.640    20.050     2.38    2.49
  86864.979    21.169     3.87    2.98
  87154.332    21.987     2.83    3.00
  87443.700    22.378     1.35    2.71
  87733.081    23.005     2.17    2.19
  88022.476    22.583    -1.46    1.87
  88311.885    22.223    -1.24    1.80
  88601.309    21.781    -1.53    1.59
  88890.746    21.527    -0.88    1.38
  89180.197    21.224    -1.05    1.16
  89469.663    21.203    -0.07    1.28
  89759.142    21.650     1.54    2.29
  90048.636    22.771     3.87    3.79
  90338.144    23.597     2.85    4.22
  90627.666    23.944     1.20    4.02
  90917.201    24.214     0.93    3.91
  91206.751    24.312     0.34    3.79
  91496.315    24.223    -0.31    3.90
  91785.894    23.371    -2.94    3.33
  92075.486    22.851    -1.79    2.01
  92365.092    22.915     0.22    1.63
  92654.712    23.621     2.44    1.93
  92944.347    24.086     1.61    1.99
  93233.995    24.356     0.93    2.02
  93523.658    24.279    -0.27    2.28
  93813.335    23.886    -1.36    2.71
  94103.026    23.170    -2.47    3.04
  94392.731    22.489    -2.35    2.92
  94682.450    21.797    -2.39    3.02
  94972.183    20.872    -3.20    2.68
  95261.930    19.946    -3.20    2.20
  95551.692    19.456    -1.69    2.18
  95841.467    19.199    -0.89    1.89
  96131.257    19.400     0.70    2.37
  96421.061    19.915     1.78    2.77
  96710.879    21.094     4.07    3.25
  97000.711    22.132     3.58    3.24
  97290.557    23.005     3.01    3.00
  97580.417    23.239     0.81    3.01
  97870.292    22.779    -1.59    3.14
  98160.180    21.369    -4.86    3.23
  98450.083    20.158    -4.18    2.93
  98740.000    19.143    -3.50    2.42
  99029.931    18.371    -2.66    2.13
  99319.876    17.766    -2.09    1.70
  99609.836    17.362    -1.39    1.83
  99899.809    16.885    -1.64    2.00
 100189.797    16.223    -2.28    2.10
 100479.799    15.764    -1.58    2.07
 100769.815    15.577    -0.64    2.03
 101057.877    15.430    -0.51    1.77
 101344.889    15.309    -0.42    1.47
 101631.916    15.408     0.34    1.38
 101918.956    15.446     0.13    1.52
 102206.011    15.488     0.15    1.49
 102493.079    15.318    -0.59    1.37
 102780.161    15.199    -0.42    1.34
 103067.257    15.263     0.22    1.41
 103354.366    15.035    -0.79    1.47
 103641.490    14.639    -1.38    1.40
 103928.627    14.476    -0.57    1.25
 104215.779    14.331    -0.50    1.29
 104502.944    14.121    -0.73    1.42
 104790.123    14.124     0.01    1.43
 105077.316    14.045    -0.27    1.40
 105364.522    13.856    -0.66    1.43
 105651.743    13.766    -0.31    1.67
 105938.977    13.608    -0.55    1.65
 106226.226    13.454    -0.54    1.60
 106513.488    13.109    -1.20    1.70
 106800.764    12.647    -1.61    1.54
 107088.054    12.312    -1.16    1.53
 107375.358    11.915    -1.38    1.39
 107662.676    11.547    -1.28    1.10
 107950.007    11.377    -0.59    0.94
 108237.353    11.309    -0.24    0.91
 108524.712    11.279    -0.11    1.12
 108812.086    11.249    -0.11    1.14
 109099.473    11.312     0.22    1.32
 109386.874    11.325     0.04    1.38
 109674.289    11.229    -0.33    1.30
 109961.718    11.177    -0.18    1.43
 110249.161    11.143    -0.12    1.38
 110536.618    11.355     0.74    1.42
 110824.088    11.264    -0.32    1.48
 111111.573    11.264     0.00    1.59
 111399.072    11.285     0.07    1.74
 111686.584    11.214    -0.25    1.55
 111974.111    11.067    -0.51    1.56
 112261.651    10.961    -0.37    1.59
 112549.205    10.915    -0.16    1.28
 112836.773    10.734    -0.63    1.18
 113124.356    10.676    -0.20    1.08
 113411.952    10.839     0.56    1.27
 113699.562    10.960     0.42    1.53
 113987.186    11.079     0.42    1.61
 114274.824    11.054    -0.09    1.31
 114562.476    11.022    -0.11    1.26
 114850.142    11.116     0.33    1.15
 115137.821    11.064    -0.18    1.19
 115425.515    10.751    -1.09    1.12
 115713.223    10.755     0.02    1.14
 116000.945    10.591    -0.57    1.11
 116288.680    10.500    -0.32    1.17
 116576.430    10.431    -0.24    1.13
 116864.194    10.316    -0.40    1.16
 117151.971    10.430     0.40    1.33
 117439.763    10.393    -0.13    1.36
 117727.568    10.277    -0.40    1.25
 118015.388    10.199    -0.27    1.21
 118303.222    10.303     0.36    1.14
 118591.069    10.218    -0.29    1.14
 118878.931    10.223     0.02    0.90
 119166.806    10.209    -0.05    0.98
 119454.696     9.975    -0.81    1.09
 119742.599     9.829    -0.51    1.18
 120030.517     9.557    -0.94    1.19
 120318.449     9.430    -0.44    1.25
 120606.394     9.346    -0.29    1.26
 120894.354     9.309    -0.13    1.25
 121182.327     9.370     0.21    1.30
 121470.315     9.542     0.60    1.29
 121758.317     9.654     0.39    1.24
 122046.332     9.885     0.80    1.19
 122334.362    10.239     1.23    1.43
 122622.406    10.377     0.48    1.48
 122910.464    10.431     0.19    1.58
 123198.535    10.639     0.72    1.58
 123486.621    10.915     0.96    1.40
 123774.721    11.150     0.82    1.35
 124062.835    11.064    -0.30    1.27
 124350.963    11.199     0.47    1.29
 124639.105    11.408     0.73    1.26
 124927.261    11.370    -0.13    1.27
 125215.431    11.593     0.77    1.30
 125503.616    11.632     0.14    1.52
 125791.814    11.444    -0.65    1.59
 126080.026    11.112    -1.15    1.79
 126368.253    10.736    -1.31    1.68
 126656.493    10.346    -1.35    1.65
 126944.748    10.037    -1.07    1.49
 127233.016     9.777    -0.90    1.19
 127521.299     9.647    -0.45    0.94
 127809.596     9.736     0.31    0.85
 128097.906     9.639    -0.34    0.94
 128386.231     9.766     0.44    1.04
 128674.570     9.734    -0.11    1.05
 128962.924     9.628    -0.37    1.09
 129251.291     9.673     0.16    1.08
 129539.672     9.582    -0.32    0.98
 129828.067     9.577    -0.02    1.01
 130116.477     9.577     0.00    1.08
 130404.901     9.431    -0.51    1.03
 130693.338     9.446     0.05    1.01
 130981.790     9.446     0.00    1.13
 131270.256     9.476     0.11    1.01
 131558.736     9.461    -0.05    0.99
 131847.230     9.482     0.07    1.02
 132135.739     9.346    -0.47    1.26
 132424.261     9.522     0.61    1.32
 132712.797     9.567     0.16    1.32
 133001.348     9.506    -0.21    1.35
 133289.913     9.385    -0.42    1.28
 133578.492     9.512     0.44    1.15
 133867.085     9.542     0.10    1.14
 134155.692     9.639     0.33    1.55
 134444.314     9.542    -0.33    1.55
 134732.949     9.400    -0.49    1.24
 135021.599     9.476     0.26    1.20
 135310.263     9.506     0.10    1.20
 135598.940     9.582     0.26    1.19
 135887.633     9.706     0.43    1.16
 136176.339    10.039     1.15    1.26
 136465.059    10.288     0.86    1.25
 136753.794    10.415     0.44    1.21
 137042.543    10.658     0.84    1.18
 137331.306    10.612    -0.16    1.13
 137620.083    10.639     0.09    1.15
 137908.874    10.512    -0.44    1.10
 138197.680    10.423    -0.31    1.05
 138486.499    10.497     0.26    1.09
 138775.333    10.546     0.17    1.01
 139064.181    10.718     0.60    1.05
 139353.043    10.885     0.58    1.13
 139641.920    10.993     0.37    1.06
 139930.810    11.214     0.77    1.06
 140219.715    11.112    -0.35    1.20
 140508.634    11.047    -0.23    1.21
 140797.567    11.023    -0.08    1.28
 141086.515    11.052     0.10    1.28
 141375.476    10.855    -0.68    1.34
 141664.452    10.916     0.21    1.28
 141953.442    10.736    -0.62    1.25
 142242.447    10.703    -0.11    1.22
 142531.465    10.636    -0.23    1.22
 142820.498    10.593    -0.15    1.13
 143109.545    10.506    -0.30    1.08
 143398.606    10.522     0.05    1.11
 143687.681    10.331    -0.66    1.12
 143976.771    10.169    -0.56    1.07
 144265.875    10.082    -0.30    1.07
 144554.993    10.003    -0.27    1.04
 144844.125     9.962    -0.14    1.04
 145133.272     9.825    -0.47    0.95
 145422.433     9.779    -0.16    1.00
 145711.608     9.808     0.10    0.93
 146000.797     9.766    -0.15    0.87
 146290.001     9.670    -0.33    0.88
 146579.219     9.706     0.13    0.86
 146868.451     9.685    -0.07    0.82
 147157.697     9.643    -0.15    0.85
 147446.958     9.749     0.37    0.90
 147736.233     9.582    -0.58    1.13
 148025.522     9.527    -0.19    1.22
 148314.826     9.639     0.39    1.42
 148604.143     9.688     0.17    1.46
 148893.475     9.793     0.36    1.45
 149182.822     9.931     0.48    1.40
 149472.182    10.143     0.73    1.28
 149761.557    10.309     0.58    1.05
 150050.946    10.318     0.03    1.10
 150340.350    10.331     0.04    1.07
 150629.768    10.446     0.40    1.10
 150919.200    10.562     0.40    1.06
 151208.646    10.658     0.33    1.16
 151498.107    10.673     0.05    1.13
 151787.582    10.673     0.00    1.17
 152077.071    10.621    -0.18    1.05
 152366.575    10.685     0.22    0.99
 152656.093    10.718     0.12    1.05
 152945.625    10.808     0.31    1.04
 153235.172    10.900     0.32    1.02
 153524.733    10.900     0.00    0.98
 153814.308    10.856    -0.15    1.01
 154103.898    10.799    -0.20    0.97
 154393.502    10.746    -0.18    0.87
 154683.120    10.749     0.01    0.79
 154972.753    10.749     0.00    0.79
 155262.400    10.688    -0.21    0.81
 155552.061    10.685    -0.01    0.78
 155841.737    10.694     0.03    0.87
 156131.427    10.726     0.11    0.95
 156421.131    10.809     0.29    0.97
 156710.850    10.718    -0.31    0.98
 157000.583    10.793     0.26    1.03
 157290.330    10.688    -0.36    1.02
 157580.092    10.777     0.31    0.98
 157869.868    10.797     0.07    0.95
 158159.659    10.900     0.36    0.82
 158449.464    10.870    -0.10    0.74
 158739.283    10.811    -0.20    0.75
 159029.117    10.822     0.04    0.80
 159318.965    10.870     0.17    0.80
 159608.828    11.085     0.74    1.06
 159898.704    11.768     2.36    1.96
 160188.596    12.929     4.01    2.73
 160478.501    14.288     4.69    3.48
 160768.421    15.632     4.63    3.54
 161058.356    16.978     4.65    3.07
 161348.305    17.779     2.76    2.42
 161638.268    18.639     2.97    1.73
 161928.246    18.900     0.90    1.32
 162218.238    18.783    -0.41    1.31
 162508.244    18.721    -0.21    1.25
 162798.265    18.783     0.21    1.18
 163087.675    18.670    -0.39    1.16
 163374.646    18.597    -0.25    1.20
 163661.632    18.670     0.25    1.28
 163948.632    18.547    -0.43    1.26
 164235.646    18.581     0.12    1.12
 164522.674    18.512    -0.24    1.18
 164809.716    18.378    -0.47    1.16
 165096.772    18.239    -0.48    1.20
 165383.843    18.143    -0.33    1.15
 165670.927    18.052    -0.32    1.15
 165958.025    17.961    -0.32    1.19
 166245.138    17.811    -0.52    1.30
 166532.264    17.654    -0.55    1.26
 166819.405    17.512    -0.49    1.28
 167106.560    17.482    -0.10    1.27
 167393.729    17.439    -0.15    1.26
 167680.912    17.309    -0.45    1.26
 167968.109    17.362     0.18    1.34
 168255.320    17.408     0.16    1.30
 168542.546    17.415     0.03    1.24
 168829.785    17.329    -0.30    1.28
 169117.039    17.209    -0.42    1.27
 169404.307    17.208    -0.00    1.27
 169691.589    17.188    -0.07    1.24
 169978.885    17.135    -0.19    1.12
 170266.195    16.945    -0.66    1.19
 170553.519    17.035     0.31    1.27
 170840.857    17.121     0.30    1.28
 171128.210    17.002    -0.41    1.42
 171415.577    16.855    -0.51    1.35
 171702.957    16.582    -0.95    1.34
 171990.352    16.424    -0.55    1.29
 172277.762    16.489     0.22    1.47
 172565.185    16.512     0.08    1.35
 172852.622    16.625     0.39    1.40
 173140.074    16.562    -0.22    1.41
 173427.540    16.650     0.31    1.54
 173715.020    16.796     0.51    1.68
 174002.514    16.787    -0.03    1.62
 174290.022    16.621    -0.58    1.74
 174577.544    16.446    -0.61    1.80
 174865.081    16.077    -1.28    1.98
 175152.632    15.683    -1.37    2.12
 175440.197    15.074    -2.12    2.09
 175727.776    14.706    -1.28    2.09
 176015.369    14.260    -1.55    1.91
 176302.977    13.989    -0.94    1.77
 176590.599    13.779    -0.73    1.57
 176878.235    13.799     0.07    1.47
 177165.885    14.072     0.95    1.58
 177453.549    14.348     0.96    1.61
 177741.228    14.739     1.36    1.60
 178028.920    14.916     0.62    1.49
 178316.627    15.136     0.76    1.29
 178604.349    15.203     0.24    1.20
 178892.084    15.132    -0.25    1.20
 179179.834    15.060    -0.25    1.01
 179467.597    14.930    -0.45    0.95
 179755.376    14.945     0.05    0.84
 180043.168    14.947     0.01    0.84
 180330.974    14.974     0.09    0.80
 180618.795    14.916    -0.20    0.80
 180906.630    14.900    -0.05    0.85
 181194.479    14.958     0.20    0.87
 181482.343    14.915    -0.15    0.90
 181770.220    14.960     0.16    0.92
 182058.112    14.885    -0.26    0.98
 182346.019    14.796    -0.31    0.96
 182633.939    14.808     0.04    0.91
 182921.874    14.749    -0.21    1.01
 183209.823    14.697    -0.18    1.07
 183497.786    14.706     0.03    1.16
 183785.763    14.766     0.21    1.19
 184073.755    14.777     0.04    1.26
 184361.761    14.647    -0.45    1.21
 184649.781    14.597    -0.17    1.15
 184937.816    14.500    -0.34    1.13
 185225.865    14.408    -0.32    1.05
 185513.928    14.378    -0.10    1.06
 185802.005    14.430     0.18    0.89
 186090.097    14.279    -0.52    0.99
 186378.203    14.446     0.58    1.23
 186666.323    14.400    -0.16    1.37
 186954.458    14.346    -0.19    1.38
 187242.607    14.562     0.75    1.55
 187530.770    14.781     0.76    1.53
 187818.947    15.002     0.77    1.57
 188107.139    15.283     0.97    1.56
 188395.345    15.325     0.15    1.60
 188683.565    15.628     1.05    1.41
 188971.800    15.716     0.31    1.53
 189260.049    15.886     0.59    1.52
 189548.312    15.841    -0.16    1.51
 189836.590    15.797    -0.15    1.46
 190124.882    15.547    -0.87    1.29
 190413.188    15.628     0.28    1.36
 190701.509    15.809     0.63    1.43
 190989.844    15.808    -0.00    1.51
 191278.193    16.064     0.89    1.52
 191566.557    16.423     1.24    1.52
 191854.935    16.797     1.30    1.49
 192143.327    17.094     1.03    1.36
 192431.734    16.885    -0.72    1.43
 192720.155    17.143     0.89    1.43
 193008.590    17.322     0.62    1.34
 193297.040    17.371     0.17    1.54
 193585.504    17.318    -0.18    1.57
 193873.982    17.234    -0.29    1.63
 194162.475    17.312     0.27    1.55
 194450.982    17.364     0.18    1.51
 194739.504    17.035    -1.14    1.40
 195028.039    16.949    -0.30    1.27
 195316.590    17.047     0.34    1.27
 195605.154    16.974    -0.25    1.18
 195893.733    16.871    -0.36    1.15
 196182.327    16.973     0.35    1.17
 196470.935    16.930    -0.15    1.23
 196759.557    17.094     0.57    1.32
 197048.193    17.075    -0.07    1.37
 197336.844    17.283     0.72    1.37
 197625.510    17.184    -0.34    1.51
 197914.189    17.132    -0.18    1.60
 198202.884    17.243     0.38    1.68
 198491.592    17.297     0.19    1.72
 198780.315    17.423     0.43    1.69
 199069.053    17.313    -0.38    1.76
 199357.804    17.393     0.28    1.61
 199646.571    17.253    -0.48    1.57
 199935.351    17.552     1.04    1.42
 200224.146    17.515    -0.13    1.45
 200512.956    17.489    -0.09    1.38
 200801.780    17.591     0.36    1.48
 201090.618    17.572    -0.07    1.51
 201379.471    17.587     0.05    1.55
 201668.338    17.886     1.03    1.54
 201957.220    17.930     0.15    1.59
 202246.116    17.957     0.10    1.53
 202535.026    17.989     0.11    1.48
 202823.951    18.043     0.19    1.45
 203112.891    17.996    -0.16    1.46
 203401.845    18.143     0.51    1.47
 203690.813    18.097    -0.16    1.38
 203979.796    18.089    -0.03    1.42
 204268.793    18.091     0.01    1.45
 204557.805    18.169     0.27    1.56
 204846.831    18.136    -0.12    1.57
 205135.872    18.285     0.52    1.44
 205424.927    18.234    -0.18    1.56
 205713.996    18.112    -0.42    1.58
 206003.081    18.239     0.44    1.70
 206292.179    18.194    -0.15    1.51
 206581.292    18.035    -0.55    1.32
 206870.420    18.136     0.35    1.31
 207159.562    18.316     0.62    1.36
 207448.718    18.325     0.03    1.39
 207737.889    18.438     0.39    1.47
 208027.075    18.415    -0.08    1.41
 208316.275    18.372    -0.15    1.43
 208605.490    18.438     0.23    1.42
 208894.719    18.400    -0.13    1.48
 209183.962    18.177    -0.77    1.63
 209473.220    18.203     0.09    1.64
 209762.493    18.288     0.29    1.71
 210051.780    18.408     0.41    1.58
 210341.082    18.500     0.32    1.61
 210630.398    18.503     0.01    1.62
 210919.728    18.400    -0.36    1.51
 211209.074    18.734     1.15    1.45
 211498.433    18.731    -0.01    1.39
 211787.808    18.721    -0.03    1.55
 212077.196    18.915     0.67    1.72
 212366.600    19.091     0.61    1.74
 212656.018    19.680     2.03    3.36
 212945.450    19.602    -0.27    3.37
 213234.897    19.794     0.66    3.56
 213524.359    20.039     0.84    3.57
 213813.835    20.150     0.39    3.56
 214103.325    20.691     1.87    3.75
 214392.831    21.277     2.02    3.92
 214682.351    22.033     2.61    3.14
 214971.885    23.453     4.90    4.10
 215261.434    24.811     4.69    4.77
 215550.997    26.322     5.22    5.61
 215840.575    27.190     3.00    5.50
 216130.168    28.033     2.91    5.40
 216419.775    28.429     1.37    5.08
 216709.397    28.886     1.58    4.24
 216999.034    29.474     2.03    3.93
 217288.685    30.283     2.79    3.70
 217578.350    31.186     3.12    4.09
 217868.030    32.547     4.70    4.92
 218157.725    34.356     6.25    5.24
 218447.435    35.915     5.38    5.15
 218737.159    37.350     4.95    5.01
 219026.897    38.400     3.63    4.66
 219316.650    39.430     3.55    3.53
 219606.418    39.494     0.22    2.91
 219896.201    39.268    -0.78    2.99
 220185.998    39.031    -0.82    3.00
 220475.809    38.386    -2.23    3.02
 220765.636    37.474    -3.15    3.28
 221055.477    36.746    -2.51    3.22
 221345.332    35.724    -3.53    3.19
 221635.203    34.670    -3.64    3.32
 221925.087    33.371    -4.48    2.88
 222214.987    32.089    -4.42    2.51
 222504.901    30.856    -4.25    2.31
 222794.830    29.602    -4.33    2.68
 223084.773    28.700    -3.11    2.80
 223374.731    27.327    -4.74    2.92
 223664.704    26.177    -3.97    3.05
 223954.691    24.974    -4.15    3.13
 224244.693    23.741    -4.25    2.87
 224534.710    22.482    -4.34    2.69
 224824.741    21.527    -3.29    2.78
 225114.787    20.713    -2.81    2.92
 225402.489    19.990    -2.51    2.75
 225689.433    19.377    -2.14    2.59
 225976.391    19.018    -1.25    2.58
 226263.363    18.596    -1.47    2.61
 226550.350    18.546    -0.17    2.61
 226837.350    18.552     0.02    2.64
 227124.366    18.658     0.37    2.73
 227411.395    18.415    -0.84    2.73
 227698.439    18.218    -0.69    2.57
 227985.497    17.431    -2.75    2.53
 228272.569    16.527    -3.15    2.78
 228559.656    15.766    -2.65    2.87
 228846.757    14.557    -4.21    2.73
 229133.873    13.668    -3.10    2.42
 229421.003    12.749    -3.20    1.83
 229708.147    12.173    -2.01    1.51
 229995.305    11.808    -1.27    1.33
 230282.478    11.415    -1.37    1.21
 230569.665    11.106    -1.07    1.26
 230856.867    10.929    -0.62    1.10
 231144.083    10.683    -0.86    1.03
 231431.313    10.459    -0.78    1.00
 231718.558    10.259    -0.70    0.95
 232005.817    10.275     0.06    0.97
 232293.090    10.444     0.59    1.00
 232580.378    10.371    -0.26    1.00
 232867.680    10.205    -0.58    1.05
 233154.996    10.229     0.08    1.13
 233442.327    10.180    -0.17    1.12
 233729.673    10.118    -0.22    1.17
 234017.032     9.947    -0.59    1.15
 234304.406     9.736    -0.73    1.10
 234591.795     9.703    -0.11    0.95
 234879.197     9.480    -0.78    0.93
 235166.615     9.486     0.02    0.96
 235454.046     9.459    -0.09    0.95
 235741.492     9.363    -0.33    0.91
 236028.953     9.309    -0.19    0.89
 236316.428     9.385     0.26    1.00
 236603.917     9.731     1.20    1.21
 236891.420    10.386     2.28    1.57
 237178.939    10.987     2.09    1.89
 237466.471    11.485     1.73    1.88
 237754.018    12.064     2.02    1.83
 238041.579    12.356     1.01    1.62
 238329.155    12.643     1.00    1.52
 238616.745    12.628    -0.05    1.56
 238904.350    12.506    -0.42    1.43
 239191.969    12.431    -0.26    1.38
 239479.602    12.273    -0.55    1.18
 239767.250    12.306     0.11    1.15
 240054.913    12.147    -0.55    1.17
 240342.590    12.131    -0.05    1.13
 240630.281    11.974    -0.55    1.11
 240917.987    11.963    -0.04    1.04
 241205.707    12.079     0.41    1.06
 241493.441    12.154     0.26    1.11
 241781.191    12.229     0.26    1.06
 242068.954    12.386     0.54    1.13
 242356.732    12.582     0.68    1.01
 242644.525    12.886     1.05    1.10
 242932.332    12.978     0.32    1.16
 243220.153    13.259     0.97    1.19
 243507.989    13.581     1.12    1.08
 243795.839    13.743     0.56    1.07
 244083.704    13.973     0.80    1.00
 244371.584    14.116     0.50    0.94
 244659.478    14.180     0.22    0.97
 244947.386    14.254     0.26    1.04
 245235.309    14.370     0.40    1.01
 245523.246    14.350    -0.07    1.04
 245811.198    14.348    -0.01    0.99
 246099.164    14.248    -0.35    1.01
 246387.145    14.064    -0.64    1.04
 246675.141    14.082     0.06    0.99
 246963.151    14.037    -0.16    1.09
 247251.175    13.885    -0.53    1.12
 247539.214    13.591    -1.02    1.34
 247827.267    13.194    -1.38    1.35
 248115.335    13.043    -0.53    1.49
 248403.418    13.033    -0.04    1.72
 248691.515    12.975    -0.20    1.90
 248979.627    12.809    -0.57    2.40
 249267.753    12.439    -1.29    2.98
 249555.893    12.139    -1.04    3.11
 249844.049    11.288    -2.95    3.52
 250132.218    11.029    -0.90    3.60
 250420.403    10.724    -1.06    3.71
 250708.601    10.509    -0.75    3.97
 250996.815    10.184    -1.13    4.10
 251285.043    10.175    -0.03    4.31
 251573.285    10.400     0.78    4.50
 251861.542    10.273    -0.44    4.97
 252149.814     9.987    -0.99    5.12
 252438.100     9.089    -3.12    5.27
 252726.401     8.205    -3.07    5.22
 253014.716     6.841    -4.73    5.01
 253303.046     5.619    -4.24    4.51
 253591.390     4.621    -3.46    3.91
 253879.750     4.268    -1.22    3.87
 254168.123     4.031    -0.82    3.78
 254456.511     4.457     1.48    4.55
 254744.914     4.812     1.23    5.18
 255033.332     5.315     1.74    6.04
 255321.764     5.355     0.14    6.06
 255610.210     5.960     2.10    6.86
 255898.671     4.794    -4.04    6.37
 256187.147     3.596    -4.15    6.24
 256475.638     2.089    -5.23    5.28
 256764.143     0.900    -4.12    4.18
 257052.662    -0.011    -3.16    3.04
 257341.197    -1.054    -3.61    1.48
 257629.745    -1.312    -0.90    1.20
 257918.309    -1.372    -0.21    1.16
 258206.887    -1.379    -0.02    1.14
 258495.480    -1.216     0.57    1.30
 258784.087    -0.876     1.18    2.71
 259072.709    -0.173     2.43    3.98
 259361.346     0.562     2.55    4.91
 259649.997     0.764     0.70    5.16
 259938.663     1.268     1.75    5.79
 260227.344     0.546    -2.50    5.28
 260516.039     0.451    -0.33    4.67
 260804.749     0.533     0.28    4.41
 261093.473     1.057     1.82    4.56
 261382.212     2.112     3.65    5.21
 261670.966     3.447     4.62    6.01
 261959.735     5.503     7.12    6.56
 262248.518     6.794     4.47    6.42
 262537.316     7.074     0.97    6.30
 262826.128     7.372     1.03    6.01
 263114.955     7.929     1.93    5.68
 263403.797     7.706    -0.77    4.85
 263692.654     7.916     0.73    4.05
 263981.525     8.297     1.32    3.38
 264270.411     9.033     2.55    3.14
 264559.311    10.115     3.75    2.78
 264848.226    10.700     2.03    2.87
 265137.156    11.180     1.66    2.94
 265426.101    11.335     0.54    3.07
 265715.060    11.582     0.86    2.85
 266004.034    11.294    -1.00    2.91
 266293.023    11.408     0.39    2.67
 266582.027    11.074    -1.16    2.84
 266871.045    10.031    -3.61    3.42
 267160.078     9.512    -1.79    3.80
 267449.125     9.106    -1.41    4.04
 267738.188     7.746    -4.70    5.39
 268027.265     5.506    -7.75    7.09
 268316.356     2.491   -10.43    8.11
 268605.463    -0.261    -9.52    8.35
 268894.584    -2.766    -8.67    7.56
 269183.720    -4.741    -6.83    5.98
 269472.871    -6.129    -4.80    3.83
 269762.036    -5.946     0.63    3.43
 270051.216    -5.100     2.93    3.53
 270340.411    -4.070     3.56    3.39
 270629.621    -2.980     3.77    2.86
 270918.845    -2.400     2.01    2.29
 271208.085    -2.361     0.14    1.65
 271497.339    -2.259     0.35    1.56
 271786.607    -2.010     0.86    1.40
 272075.891    -2.004     0.02    1.27
 272365.189    -1.732     0.94    1.13
 272654.502    -1.306     1.47    1.36
 272943.830    -0.549     2.62    2.34
 273233.172     0.596     3.96    3.30
 273522.529     2.283     5.83    4.36
 273811.902     4.709     8.39    5.08
 274101.288     6.630     6.64    5.18
 274390.690     8.244     5.58    4.71
 274680.107     9.871     5.63    4.07
 274969.538    11.239     4.72    3.34
 275258.984    12.057     2.83    2.65
 275548.445    12.647     2.04    2.11
 275837.920    13.003     1.23    1.95
 276127.411    13.552     1.90    3.78
 276416.916    13.993     1.52    4.99
 276706.436    15.018     3.54    6.79
 276995.971    14.989    -0.10    7.98
 277285.521    14.800    -0.65    9.19
 277575.085    14.077    -2.50    9.78
 277864.664    12.355    -5.95    9.13
 278154.258    11.006    -4.66    8.12
 278443.867     8.900    -7.27    6.53
 278733.491     7.165    -5.99    4.65
 279023.130     5.841    -4.57    3.00
 279312.783     5.029    -2.80    2.69
 279602.452     4.567    -1.59    2.69
 279892.135     3.639    -3.20    2.35
 280181.833     2.930    -2.45    1.96
 280471.546     2.531    -1.38    1.67
 280761.273     2.606     0.26    1.68
 281051.016     2.621     0.05    1.49
 281340.773     2.772     0.52    1.62
 281630.545     2.643    -0.44    1.38
 281920.333     2.662     0.06    1.14
 282210.135     2.768     0.37    1.12
 282499.951     3.041     0.94    1.32
 282789.783     3.327     0.99    1.43
 283079.630     3.799     1.63    1.82
 283369.491     4.089     1.00    1.78
 283659.368     4.438     1.20    1.89
 283949.259     4.588     0.52    1.56
 284239.165     5.062     1.64    1.91
 284529.086     5.370     1.06    2.09
 284819.022     5.783     1.42    2.17
 285108.973     6.393     2.11    2.44
 285398.938     6.691     1.03    2.52
 285688.919     6.945     0.88    2.53
 285978.914     7.193     0.85    2.49
 286268.925     7.415     0.77    2.15
 286558.950     7.900     1.67    2.34
 286848.990     8.596     2.40    2.84
 287139.045     9.422     2.85    3.35
 287428.166    10.612     4.12    4.02
 287715.067    11.915     4.54    4.28
 288001.982    13.136     4.25    4.56
 288288.911    14.203     3.72    4.65
 288575.856    15.154     3.31    4.56
 288862.814    15.643     1.70    4.09
 289149.788    16.094     1.57    3.81
 289436.776    16.408     1.09    3.51
 289723.778    16.654     0.86    3.25
 290010.795    15.886    -2.68    3.33
 290297.827    14.960    -3.23    3.59
 290584.873    13.915    -3.64    3.83
 290871.934    12.746    -4.07    3.73
 291159.009    11.533    -4.23    3.10
 291446.099    10.929    -2.10    2.22
 291733.203    10.800    -0.45    1.83
 292020.322    11.552     2.62    2.51
 292307.456    12.962     4.91    3.59
 292594.604    15.194     7.78    4.67
 292881.767    17.218     7.05    5.05
 293168.944    19.285     7.20    4.64
 293456.136    21.224     6.75    4.49
 293743.343    22.136     3.18    3.69
 294030.564    22.600     1.62    3.86
 294317.800    22.489    -0.39    4.58
 294605.050    21.527    -3.35    5.12
 294892.315    20.128    -4.87    5.36
 295179.595    18.023    -7.33    5.66
 295466.889    16.209    -6.32    5.49
 295754.198    14.378    -6.38    5.21
 296041.521    13.757    -2.16    4.86
 296328.859    13.625    -0.46    5.08
 296616.212    13.205    -1.46    4.83
 296903.579    12.647    -1.94    4.11
 297190.961    12.150    -1.73    3.72
 297478.358    11.974    -0.61    3.21
 297765.769    12.318     1.20    3.47
 298053.195    12.957     2.22    3.72
 298340.636    13.600     2.24    3.87
 298628.091    14.827     4.27    4.58
 298915.561    15.697     3.03    4.74
 299203.045    16.915     4.24    4.92
 299490.544    18.606     5.88    4.60
 299778.058    20.162     5.41    4.22
 300065.586    20.444     0.98    3.99
 300353.129    21.200     2.63    3.61
 300640.687    21.348     0.51    3.36
 300928.260    21.229    -0.42    3.30
 301215.847    20.812    -1.45    3.00
 301503.449    20.309    -1.75    2.90
 301791.065    19.960    -1.22    2.64
 302078.696    20.325     1.27    2.81
 302366.342    21.064     2.57    3.38
 302654.003    22.050     3.43    4.18
 302941.678    22.668     2.15    4.28
 303229.368    23.533     3.00    4.64
 303517.072    24.567     3.60    5.00
 303804.792    25.209     2.23    5.36
 304092.526    26.249     3.61    5.46
 304380.274    26.959     2.47    5.71
 304668.038    27.697     2.57    6.01
 304955.816    28.132     1.51    6.16
 305243.609    28.348     0.75    6.09
 305531.416    27.870    -1.66    5.47
 305819.238    28.239     1.28    5.21
 306107.075    27.900    -1.18    4.58
 306394.927    28.067     0.58    4.30
 306682.793    29.106     3.61    4.80
 306970.675    30.109     3.49    5.27
 307258.571    31.615     5.23    5.40
 307546.481    32.886     4.42    5.21
 307834.407    34.052     4.05    5.32
 308122.347    35.597     5.37    5.62
 308410.301    36.766     4.06    5.94
 308698.271    37.533     2.66    6.49
 308986.255    37.989     1.58    6.15
 309274.255    39.257     4.41    6.27
 309562.268    40.421     4.04    6.41
 309850.297    42.106     5.85    6.42
 310138.340    43.959     6.43    6.91
 310426.399    46.670     9.41    8.01
 310714.471    49.467     9.72    7.93
 311002.559    53.379    13.58    7.42
 311290.662    56.700    11.53    7.11
 311578.779    59.625    10.15    6.98
 311866.911    62.158     8.79    6.38
 312155.058    64.606     8.50    5.29
 312443.219    66.522     6.65    4.43
 312731.396    67.491     3.37    3.36
 313019.587    68.466     3.38    2.71
 313307.793    68.636     0.59    2.42
 313596.013    68.529    -0.37    2.59
 313884.249    68.400    -0.45    3.08
 314172.499    68.249    -0.53    3.42
 314460.764    68.128    -0.42    3.81
 314749.044    68.054    -0.25    3.92
 315037.339    66.712    -4.66    5.11
 315325.649    65.297    -4.91    6.50
 315613.973    63.815    -5.14    6.59
 315902.312    62.443    -4.76    5.86
 316190.666    61.341    -3.82    4.88
 316479.035    60.856    -1.68    4.97
 316767.419    61.635     2.70    5.41
 317055.817    62.709     3.73    5.51
 317344.231    64.248     5.34    5.40
 317632.659    64.292     0.15    5.43
 317921.102    64.086    -0.71    5.23
 318209.560    63.797    -1.00    4.77
 318498.033    64.621     2.86    4.48
 318786.520    65.385     2.65    4.90
 319075.023    66.512     3.91    5.26
 319363.540    68.466     6.77    5.92
 319652.072    70.150     5.84    5.96
 319940.619    72.257     7.30    5.14
 320229.181    73.753     5.19    4.98
 320517.758    74.960     4.18    4.69
 320806.349    76.173     4.20    4.69
 321094.956    77.177     3.48    4.61
 321383.577    78.518     4.65    4.51
 321672.213    79.542     3.55    3.93
 321960.864    80.972     4.95    3.59
 322249.530    82.257     4.46    3.43
 322538.211    83.393     3.93    3.35
 322826.907    84.650     4.36    3.36
 323115.618    85.623     3.37    3.48
 323404.343    86.856     4.27    3.33
 323693.084    88.393     5.32    3.31
 323981.839    89.712     4.57    3.53
 324270.609    90.828     3.87    3.91
 324559.395    91.856     3.56    3.73
 324848.195    92.665     2.80    3.46
 325137.010    92.976     1.08    3.34
 325425.840    92.467    -1.76    3.82
 325714.684    90.538    -6.68    5.49
 326003.544    88.205    -8.08    6.26
 326292.419    86.002    -7.63    6.05
 326581.308    83.989    -6.97    6.05
 326870.213    80.931   -10.59    5.72
 327159.132    78.749    -7.55    5.30
 327448.067    77.408    -4.64    4.09
 327737.016    77.459     0.18    3.91
 328025.981    78.721     4.37    5.62
 328314.960    80.057     4.63    6.12
 328603.954    81.393     4.62    5.89
 328892.963    83.297     6.59    5.19
 329181.987    85.150     6.41    4.43
 329471.026    86.572     4.92    4.11
 329760.080    87.533     3.32    3.78
 330049.149    87.755     0.77    3.49
 330338.233    88.100     1.19    3.29
 330627.332    88.657     1.93    3.08
 330916.446    89.188     1.84    2.85
 331205.575    89.287     0.34    2.84
 331494.719    89.567     0.97    2.88
 331783.877    89.805     0.82    2.67
