-373475.561    96.811     0.00    1.36
-373185.838    96.987     0.61    1.43
-372896.132    97.136     0.51    1.41
-372606.444    97.295     0.55    1.41
-372316.773    97.606     1.07    1.43
-372027.120    97.726     0.41    1.36
-371737.484    98.032     1.06    1.40
-371447.865    98.259     0.78    1.49
-371158.264    98.317     0.20    1.41
-370868.680    98.120    -0.68    1.36
-370579.114    98.275     0.54    1.36
-370289.565    98.481     0.71    1.48
-370000.033    98.557     0.26    1.49
-369710.519    98.698     0.49    1.45
-369421.022    98.909     0.73    1.51
-369131.542    99.297     1.34    1.45
-368842.080    99.506     0.72    1.15
-368552.635    99.620     0.39    1.13
-368263.208    99.689     0.24    1.88
-367973.797   100.023     1.15    2.31
-367684.405   100.284     0.90    2.46
-367395.029   100.430     0.50    2.60
-367105.671   100.512     0.28    2.57
-366816.330   100.273    -0.83    2.56
-366527.006   100.034    -0.83    2.28
-366237.700   100.219     0.64    2.21
-365948.411   100.270     0.18    2.23
-365659.140   100.390     0.41    2.05
-365369.885   100.740     1.21    1.72
-365080.648   100.866     0.44    1.27
-364791.429   101.077     0.73    1.05
-364502.226   101.253     0.61    1.04
-364213.041   101.463     0.73    1.06
-363923.874   101.669     0.71    1.04
-363634.723   102.092     1.46    1.24
-363345.590   102.572     1.66    1.46
-363056.474   103.024     1.56    1.53
-362767.375   103.529     1.75    1.62
-362478.294   104.092     1.95    1.66
-362189.230   104.686     2.05    1.56
-361900.183   105.327     2.22    1.30
-361611.154   105.782     1.58    1.47
-361322.141   106.289     1.75    1.43
-361033.146   106.859     1.97    1.30
-360744.169   107.398     1.86    1.50
-360455.208   107.842     1.54    1.50
-360166.265   108.273     1.49    1.47
-359877.339   108.669     1.37    1.49
-359588.430   109.049     1.31    1.39
-359299.538   109.474     1.47    1.48
-359010.664   109.939     1.61    1.44
-358721.807   110.078     0.48    1.49
-358432.967   110.498     1.45    1.59
-358144.144   110.695     0.68    1.50
-357855.339   110.800     0.37    1.38
-357566.551   110.961     0.56    1.25
-357277.780   110.703    -0.89    1.26
-356989.026   110.439    -0.91    1.47
-356700.289   109.903    -1.86    1.55
-356411.570   109.435    -1.62    1.56
-356122.868   109.092    -1.19    1.55
-355834.183   108.525    -1.96    1.43
-355545.515   108.243    -0.98    1.32
-355256.864   107.895    -1.21    1.21
-354968.231   107.959     0.22    1.93
-354679.615   107.703    -0.89    2.12
-354391.016   107.641    -0.21    2.52
-354102.434   107.564    -0.27    2.90
-353813.869   106.832    -2.54    2.74
-353525.321   106.273    -1.94    2.50
-353236.791   105.593    -2.36    2.28
-352948.278   105.010    -2.02    2.19
-352659.782   104.749    -0.91    2.11
-352371.303   104.282    -1.62    1.97
-352082.841   103.928    -1.23    1.97
-351794.396   103.649    -0.97    1.78
-351505.969   103.412    -0.82    1.73
-351217.558   103.134    -0.96    1.70
-350929.165   103.064    -0.24    1.75
-350640.789   102.648    -1.45    2.14
-350352.430   102.233    -1.44    2.30
-350064.088   101.814    -1.45    2.29
-349775.763   101.268    -1.90    1.86
-349487.456   101.024    -0.85    1.82
-349199.165   100.571    -1.57    1.86
-348910.892   100.259    -1.08    1.80
-348622.635    99.951    -1.07    1.67
-348334.396    99.717    -0.81    1.70
-348046.174    99.439    -0.96    1.72
-347757.969    98.895    -1.89    1.71
-347469.781    98.627    -0.93    1.68
-347181.610    98.356    -0.94    1.70
-346893.457    97.923    -1.50    1.71
-346605.320    97.620    -1.05    1.66
-346317.200    97.187    -1.50    1.66
-346029.098    96.937    -0.87    1.59
-345741.012    96.592    -1.20    1.75
-345452.944    96.120    -1.64    1.56
-345164.893    95.993    -0.44    1.58
-344876.859    95.814    -0.62    1.63
-344588.841    95.621    -0.67    1.63
-344300.841    95.425    -0.68    1.56
-344012.858    95.133    -1.01    1.58
-343724.892    95.052    -0.28    1.77
-343436.943    94.745    -1.07    1.82
-343149.011    94.490    -0.89    1.75
-342861.096    94.277    -0.74    1.67
-342573.198    93.969    -1.07    1.63
-342285.317    93.814    -0.54    1.66
-341997.454    93.753    -0.21    1.54
-341709.607    93.782     0.10    1.53
-341421.777    93.764    -0.06    1.51
-341133.964    93.687    -0.27    1.58
-340846.168    93.648    -0.14    1.49
-340558.390    93.448    -0.69    1.49
-340270.628    93.474     0.09    1.41
-339982.883    93.394    -0.28    1.38
-339695.155    93.189    -0.71    1.26
-339407.445    93.003    -0.65    1.33
-339119.751    92.796    -0.72    1.26
-338832.074    92.773    -0.08    1.29
-338544.414    92.849     0.27    1.30
-338256.771    92.648    -0.70    1.17
-337969.145    92.773     0.43    1.17
-337681.537    92.974     0.70    1.18
-337393.945    93.134     0.56    1.24
-337106.370    93.147     0.05    1.25
-336818.812    93.224     0.27    1.29
-336531.271    93.233     0.03    1.32
-336243.747    93.217    -0.05    1.33
-335956.239    93.255     0.13    1.37
-335668.749    93.162    -0.32    1.34
-335381.276    93.134    -0.10    1.31
-335093.820    93.165     0.11    1.30
-334806.380    93.384     0.76    1.33
-334518.958    93.476     0.32    1.31
-334231.553    93.532     0.20    1.32
-333944.164    93.495    -0.13    1.30
-333656.792    93.564     0.24    1.30
-333369.438    93.538    -0.09    1.41
-333082.100    93.412    -0.44    1.50
-332794.779    93.384    -0.10    1.51
-332507.475    93.444     0.21    1.51
-332220.188    93.606     0.56    1.51
-331932.918    93.942     1.17    1.73
-331645.665    94.092     0.52    1.62
-331358.428    94.342     0.87    1.55
-331071.209    94.509     0.58    1.42
-330784.006    94.606     0.34    1.34
-330496.820    94.787     0.63    1.25
-330209.652    94.824     0.13    1.26
-329922.500    94.959     0.47    1.16
-329635.365    94.939    -0.07    1.26
-329348.246    94.996     0.20    1.28
-329061.145    95.063     0.23    1.26
-328774.061    95.175     0.39    1.28
-328486.993    95.134    -0.14    1.26
-328199.942    95.025    -0.38    1.24
-327912.908    95.050     0.09    1.12
-327625.891    95.275     0.78    1.22
-327338.891    95.282     0.03    1.34
-327051.908    95.425     0.50    1.47
-326764.941    95.490     0.22    1.49
-326477.992    95.506     0.06    1.55
-326191.059    95.523     0.06    1.37
-325904.143    95.388    -0.47    1.35
-325617.244    95.309    -0.28    1.26
-325330.362    95.273    -0.13    1.27
-325043.496    95.263    -0.03    1.30
-324756.647    95.062    -0.70    1.27
-324469.815    95.106     0.15    1.28
-324183.000    94.955    -0.53    1.22
-323896.202    95.135     0.63    1.35
-323609.421    95.202     0.23    1.22
-323322.656    95.655     1.58    1.87
-323035.908    95.741     0.30    1.83
-322749.177    95.887     0.51    1.83
-322462.463    96.064     0.62    1.84
-322175.765    96.312     0.87    1.78
-321889.085    96.412     0.35    1.70
-321602.421    96.219    -0.67    1.25
-321315.774    96.209    -0.03    1.28
-321029.143    96.435     0.79    1.26
-320742.530    96.345    -0.31    1.26
-320455.933    96.552     0.72    1.27
-320169.353    96.668     0.40    1.33
-319882.789    96.731     0.22    1.44
-319596.243    96.974     0.85    1.52
-319309.713    97.188     0.75    1.58
-319023.200    97.381     0.67    1.63
-318736.704    97.797     1.45    1.63
-318450.224    98.106     1.08    1.59
-318163.761    98.314     0.73    1.59
-317877.315    98.403     0.31    1.60
-317588.995    98.476     0.25    1.65
-317298.918    98.500     0.08    1.60
-317008.858    98.577     0.26    1.55
-316718.815    98.549    -0.10    1.52
-316428.789    98.663     0.39    1.49
-316138.781    98.641    -0.08    1.51
-315848.790    98.523    -0.41    1.47
-315558.816    98.425    -0.34    1.45
-315268.859    98.550     0.43    1.38
-314978.920    98.683     0.46    1.44
-314688.997    98.845     0.56    1.29
-314399.092    98.856     0.04    1.27
-314109.204    98.895     0.13    1.13
-313819.334    98.951     0.19    1.14
-313529.480    98.912    -0.14    1.30
-313239.644    99.106     0.67    1.33
-312949.825    99.314     0.72    1.44
-312660.023    99.402     0.30    1.50
-312370.239    99.463     0.21    1.47
-312080.471    99.680     0.75    1.59
-311790.721    99.802     0.42    1.57
-311500.988    99.928     0.44    1.64
-311211.272    99.937     0.03    1.59
-310921.573   100.162     0.78    1.66
-310631.892   100.462     1.04    1.66
-310342.227   100.712     0.86    1.78
-310052.580   101.048     1.16    1.64
-309762.950   101.259     0.73    1.41
-309473.337   101.512     0.87    1.30
-309183.742   101.853     1.18    1.26
-308894.163   101.955     0.36    1.28
-308604.601   102.203     0.86    1.33
-308315.057   102.384     0.62    1.31
-308025.530   102.731     1.20    1.76
-307736.020   102.903     0.59    1.84
-307446.527   103.003     0.35    1.99
-307157.051   103.430     1.48    2.23
-306867.593   103.740     1.07    2.22
-306578.151   104.217     1.65    2.46
-306288.727   104.448     0.80    2.29
-305999.319   104.856     1.41    2.37
-305709.929   105.345     1.69    2.33
-305420.556   105.951     2.09    2.12
-305131.200   106.062     0.38    1.71
-304841.861   106.512     1.56    1.59
-304552.539   106.993     1.66    1.53
-304263.235   107.273     0.97    1.35
-303973.947   107.472     0.69    1.31
-303684.677   107.675     0.70    1.34
-303395.423   107.923     0.86    1.29
-303106.187   107.949     0.09    1.22
-302816.968   108.064     0.40    1.14
-302527.765   108.268     0.70    1.27
-302238.580   108.458     0.66    1.47
-301949.412   108.435    -0.08    1.56
-301660.261   108.552     0.41    1.59
-301371.127   108.481    -0.25    1.60
-301082.010   108.284    -0.68    1.69
-300792.910   107.841    -1.53    1.72
-300503.827   107.509    -1.15    1.48
-300214.762   107.229    -0.97    1.55
-299925.713   106.812    -1.44    1.52
-299636.681   106.037    -2.68    1.76
-299347.667   105.627    -1.42    1.71
-299058.669   105.093    -1.85    1.77
-298769.688   104.606    -1.68    1.61
-298480.725   104.303    -1.05    1.40
-298191.778   104.150    -0.53    1.39
-297902.849   103.996    -0.53    1.61
-297613.936   103.635    -1.25    1.74
-297325.041   103.134    -1.73    2.00
-297036.162   102.689    -1.54    2.03
-296747.301   102.217    -1.64    2.03
-296458.456   101.698    -1.80    1.73
-296169.629   101.444    -0.88    1.66
-295880.818   101.425    -0.07    1.62
-295592.024   101.488     0.22    1.60
-295303.248   101.740     0.87    1.61
-295014.488   101.951     0.73    1.48
-294725.746   101.981     0.10    1.43
-294437.020   101.681    -1.04    1.65
-294148.311   101.472    -0.72    1.83
-293859.620   101.275    -0.68    1.84
-293570.945   100.824    -1.56    1.80
-293282.287   100.797    -0.09    1.73
-292993.646   100.768    -0.10    1.69
-292705.023   100.898     0.45    1.82
-292416.416   101.384     1.68    1.91
-292127.826   101.787     1.40    1.91
-291839.253   102.380     2.06    1.87
-291550.697   102.881     1.74    1.80
-291262.157   103.220     1.18    1.81
-290973.635   103.649     1.49    1.58
-290685.130   104.062     1.43    1.60
-290396.641   104.335     0.95    1.69
-290108.170   104.750     1.44    1.73
-289819.716   105.120     1.28    1.91
-289531.278   105.458     1.17    1.90
-289242.857   105.731     0.95    1.73
-288954.453   106.078     1.20    1.72
-288666.067   106.280     0.70    1.48
-288377.697   106.416     0.47    1.53
-288089.343   106.341    -0.26    1.60
-287801.007   105.951    -1.35    1.69
-287512.688   105.846    -0.37    1.55
-287224.385   105.701    -0.50    1.38
-286936.100   105.842     0.49    1.37
-286647.831   106.078     0.82    1.51
-286359.580   106.268     0.66    1.50
-286071.345   106.303     0.12    1.42
-285783.127   106.229    -0.26    1.48
-285494.925   106.048    -0.63    1.63
-285206.741   105.537    -1.78    1.88
-284918.574   104.992    -1.89    2.12
-284630.423   104.417    -2.00    2.39
-284342.289   103.453    -3.35    2.53
-284054.172   102.692    -2.64    2.83
-283766.072   101.503    -4.13    2.79
-283477.989   100.759    -2.58    2.82
-283189.923   100.020    -2.56    2.86
-282901.873    99.233    -2.73    2.66
-282613.841    99.050    -0.63    2.75
-282325.825    99.078     0.10    2.73
-282037.826    99.814     2.56    3.09
-281749.843   100.620     2.80    3.22
-281461.878   101.320     2.43    3.33
-281173.929   101.856     1.86    2.78
-280885.998   101.949     0.32    2.67
-280598.083   102.063     0.40    2.63
-280310.184   101.810    -0.88    2.62
-280022.303   101.654    -0.54    2.60
-279734.439   101.342    -1.08    2.57
-279446.591   100.698    -2.24    2.21
-279158.760   100.191    -1.76    2.39
-278870.946    99.474    -2.49    2.50
-278583.148    98.694    -2.71    2.40
-278295.368    98.506    -0.65    2.42
-278007.604    98.430    -0.26    2.20
-277719.857    98.543     0.39    2.36
-277432.126    98.439    -0.36    2.71
-277144.413    98.353    -0.30    2.88
-276856.716    98.050    -1.05    3.17
-276569.036    97.712    -1.18    3.55
-276281.373    97.415    -1.03    3.69
-275993.726    96.425    -3.44    4.05
-275706.096    96.064    -1.26    3.83
-275418.483    95.106    -3.33    3.30
-275130.887    94.768    -1.18    2.89
-274843.307    94.577    -0.66    2.35
-274555.745    94.717     0.49    2.54
-274268.199    94.935     0.76    2.44
-273980.669    95.120     0.65    2.35
-273693.157    95.209     0.31    2.31
-273405.661    95.300     0.32    2.54
-273118.182    95.049    -0.88    3.03
-272830.719    94.641    -1.42    3.10
-272543.273    93.692    -3.30    3.29
-272255.844    92.810    -3.07    3.56
-271968.432    91.895    -3.19    3.33
-271681.036    91.303    -2.06    3.26
-271393.657    91.410     0.37    3.23
-271106.295    91.341    -0.24    2.98
-270818.950    91.895     1.93    2.87
-270531.621    92.444     1.91    2.57
-270244.309    93.106     2.30    2.10
-269957.013    93.717     2.13    1.52
-269669.734    94.020     1.06    1.41
-269382.472    94.120     0.35    1.59
-269095.227    94.392     0.95    1.75
-268807.998    94.665     0.95    1.98
-268520.786    94.988     1.13    2.18
-268233.590    95.277     1.01    2.32
-267946.412    95.557     0.97    2.62
-267659.249    95.820     0.92    2.71
-267372.104    95.675    -0.50    2.80
-267084.975    95.669    -0.02    3.01
-266797.863    95.500    -0.59    3.07
-266510.767    95.134    -1.28    2.88
-266223.688    94.885    -0.87    2.58
-265936.626    95.048     0.57    2.73
-265649.580    95.233     0.64    2.71
-265362.551    95.392     0.55    2.71
-265075.539    95.867     1.65    2.83
-264788.543    96.720     2.98    3.00
-264501.564    97.773     3.67    3.07
-264214.601    98.963     4.15    2.90
-263927.655    99.740     2.71    2.57
-263640.726   100.577     2.92    2.15
-263353.813   101.162     2.04    2.07
-263066.917   101.773     2.13    1.93
-262780.038   102.263     1.71    1.78
-262493.175   102.331     0.24    1.61
-262206.328   102.585     0.88    1.61
-261919.498   102.763     0.62    1.51
-261632.685   102.698    -0.23    1.50
-261345.889   102.700     0.01    1.66
-261059.109   102.444    -0.89    1.70
-260772.345   102.149    -1.03    1.81
-260485.598   101.754    -1.38    2.17
-260198.868   101.453    -1.05    2.45
-259912.154   100.846    -2.12    2.15
-259625.457   100.613    -0.81    1.92
-259338.776   100.543    -0.25    1.88
-259052.112   100.467    -0.26    1.83
-258765.465   100.782     1.10    1.62
-258478.834   101.297     1.80    1.74
-258192.219   101.796     1.74    1.95
-257905.621   102.398     2.10    2.04
-257619.040   103.078     2.37    2.25
-257332.475   103.677     2.09    2.15
-257045.927   104.106     1.50    1.92
-256759.395   104.247     0.49    1.91
-256472.880   104.824     2.02    1.82
-256186.381   105.121     1.03    1.85
-255899.899   105.458     1.18    1.88
-255613.307   105.671     0.74    1.89
-255323.229   105.620    -0.18    1.90
-255033.167   105.592    -0.10    1.97
-254743.122   105.500    -0.32    2.00
-254453.094   105.439    -0.21    1.89
-254163.083   105.458     0.06    1.80
-253873.089   105.744     0.98    2.02
-253583.113   105.841     0.34    1.99
-253293.153   105.740    -0.35    2.03
-253003.210   105.740     0.00    2.02
-252713.284   105.421    -1.10    2.19
-252423.375   105.188    -0.80    2.15
-252133.483   104.814    -1.29    1.88
-251843.608   104.500    -1.08    1.57
-251553.751   104.449    -0.18    1.53
-251263.910   104.209    -0.83    1.62
-250974.086   103.892    -1.09    1.54
-250684.279   103.777    -0.40    1.65
-250394.488   103.627    -0.52    1.76
-250104.715   103.641     0.05    1.72
-249814.959   103.503    -0.48    1.69
-249525.220   103.430    -0.25    1.73
-249235.498   103.526     0.33    1.66
-248945.792   103.717     0.66    1.78
-248656.104   103.753     0.12    1.77
-248366.433   103.592    -0.56    1.79
-248076.778   103.277    -1.09    2.04
-247787.141   102.944    -1.15    2.11
-247497.520   102.398    -1.89    2.41
-247207.916   101.797    -2.07    2.41
-246918.329   100.782    -3.50    2.48
-246628.759    99.995    -2.72    2.63
-246339.206    98.877    -3.86    3.02
-246049.670    97.663    -4.19    3.04
-245760.151    96.787    -3.03    2.99
-245470.649    96.049    -2.55    2.72
-245181.163    95.106    -3.26    2.75
-244891.695    94.406    -2.42    2.37
-244602.243    94.047    -1.24    2.60
-244312.809    94.077     0.10    2.56
-244023.391    93.796    -0.97    2.69
-243733.990    93.412    -1.33    2.94
-243444.606    93.036    -1.30    2.94
-243155.239    93.009    -0.09    2.89
-242865.888    93.134     0.43    3.07
-242576.555    93.749     2.12    3.32
-242287.238    94.331     2.01    3.40
-241997.939    95.150     2.83    3.34
-241708.656    96.164     3.51    2.88
-241419.390    97.189     3.55    2.37
-241130.141    97.538     1.21    2.39
-240840.908    97.578     0.14    2.47
-240551.693    97.613     0.12    2.58
-240262.494    97.371    -0.84    2.55
-239973.312    97.571     0.69    2.47
-239684.147    97.845     0.95    2.35
-239394.999    98.592     2.58    2.20
-239105.868    99.079     1.68    2.31
-238816.753    99.712     2.19    2.62
-238527.656   100.476     2.64    2.61
-238238.575   101.092     2.13    2.75
-237949.511   101.367     0.95    2.66
-237660.463   101.018    -1.21    2.74
-237371.433   100.720    -1.03    2.59
-237082.419   100.261    -1.59    2.84
-236793.423    99.537    -2.51    2.69
-236504.442    99.079    -1.59    2.34
-236215.479    98.654    -1.47    2.05
-235926.533    98.306    -1.20    1.84
-235637.603    97.849    -1.58    1.90
-235348.690    97.312    -1.86    2.22
-235059.794    96.468    -2.92    2.32
-234770.915    95.920    -1.90    2.32
-234482.052    95.392    -1.83    2.34
-234193.206    94.906    -1.68    2.04
-233904.377    94.863    -0.15    1.85
-233615.565    94.935     0.25    1.99
-233326.769    95.317     1.33    2.02
-233037.991    95.468     0.52    1.89
-232749.229    95.797     1.14    1.86
-232460.483    96.420     2.16    1.78
-232171.755    97.206     2.72    3.37
-231883.043    98.120     3.17    4.34
-231594.348    98.572     1.57    4.27
-231305.669    99.078     1.75    4.15
-231017.008    99.444     1.27    4.15
-230728.363    99.620     0.61    4.06
-230439.735    99.724     0.36    3.32
-230151.123    99.392    -1.15    2.40
-229862.529    99.640     0.86    2.28
-229573.951    99.901     0.90    2.13
-229285.389    99.937     0.13    2.15
-228996.845   100.189     0.87    2.10
-228708.317   100.106    -0.29    1.97
-228419.806   100.106     0.00    1.99
-228131.311   100.120     0.05    1.90
-227842.833   100.106    -0.05    1.96
-227554.372   100.402     1.03    1.97
-227265.928   100.881     1.66    1.97
-226977.500   101.011     0.45    1.95
-226689.089   101.388     1.30    1.75
-226400.695   101.406     0.06    1.79
-226112.317   101.341    -0.22    1.75
-225823.956   101.303    -0.13    1.75
-225535.611   100.976    -1.14    1.89
-225247.284   100.979     0.01    1.93
-224958.973   100.983     0.01    2.00
-224670.678   100.939    -0.15    1.99
-224382.400   100.763    -0.61    1.93
-224094.139   100.585    -0.62    1.96
-223805.895   100.268    -1.10    1.77
-223517.667    99.816    -1.57    1.72
-223229.456    99.360    -1.58    1.65
-222941.261    99.121    -0.83    1.66
-222653.083    98.655    -1.62    1.82
-222364.922    98.392    -0.91    1.80
-222076.777    97.890    -1.74    1.99
-221788.649    97.287    -2.09    2.00
-221500.538    96.860    -1.48    1.96
-221212.443    96.327    -1.85    2.09
-220924.365    95.806    -1.81    2.16
-220636.303    95.606    -0.69    2.13
-220348.258    95.402    -0.71    2.03
-220060.230    95.384    -0.06    2.00
-219772.218    95.606     0.77    2.21
-219484.222    95.937     1.15    2.41
-219196.244    96.458     1.81    2.36
-218908.282    97.297     2.91    2.05
-218620.336    97.577     0.97    2.11
-218332.407    97.720     0.50    1.88
-218044.495    97.662    -0.20    1.63
-217756.599    97.726     0.22    2.05
-217468.720    97.477    -0.86    2.02
-217180.858    97.229    -0.86    2.05
-216893.012    96.620    -2.12    2.49
-216605.182    95.932    -2.39    2.64
-216317.369    95.297    -2.21    2.84
-216029.573    94.669    -2.18    2.49
-215741.793    94.323    -1.20    2.25
-215454.030    94.275    -0.17    2.31
-215166.283    94.303     0.10    2.22
-214878.553    94.458     0.54    2.22
-214590.839    94.806     1.21    1.99
-214303.142    95.317     1.78    1.56
-214015.462    95.526     0.73    1.53
-213727.798    95.621     0.33    1.54
-213440.150    95.949     1.14    1.65
-213152.519    96.317     1.28    1.70
-212864.904    96.698     1.32    1.63
-212577.306    97.063     1.27    1.80
-212289.725    97.476     1.44    1.77
-212002.160    97.777     1.05    1.55
-211714.612    98.106     1.14    1.49
-211427.080    98.356     0.87    1.45
-211139.564    98.439     0.29    1.44
-210852.065    98.649     0.73    1.45
-210564.583    98.686     0.13    1.37
-210277.117    98.965     0.97    1.31
-209989.667    99.176     0.74    1.22
-209702.234    99.306     0.45    1.28
-209414.818    99.627     1.12    1.26
-209127.417    99.773     0.51    1.20
-208840.034    99.532    -0.84    1.34
-208552.667    99.335    -0.69    1.50
-208265.316    98.951    -1.33    1.78
-207977.982    98.592    -1.25    1.86
-207690.664    97.981    -2.13    1.91
-207403.363    97.791    -0.66    1.89
-207116.078    97.677    -0.40    1.85
-206828.809    97.792     0.40    1.81
-206541.557    97.988     0.68    1.62
-206254.322    98.063     0.26    1.63
-205967.103    98.425     1.26    1.51
-205679.900    98.621     0.68    1.64
-205392.714    98.768     0.51    1.62
-205105.544    99.006     0.83    1.67
-204818.391    99.277     0.95    1.65
-204531.254    99.444     0.58    1.52
-204244.133    99.715     0.94    1.55
-203957.029    99.900     0.65    1.52
-203669.941   100.092     0.67    1.42
-203382.870   100.303     0.74    1.27
-203095.815   100.537     0.81    1.14
-202808.776   100.764     0.79    1.15
-202521.754   100.832     0.24    1.08
-202234.749   100.706    -0.44    1.15
-201947.759   100.669    -0.13    1.18
-201660.786   100.621    -0.17    1.23
-201373.830   100.512    -0.38    1.30
-201086.890   100.222    -1.01    1.28
-200799.966   100.006    -0.75    1.23
-200513.058    99.662    -1.20    1.21
-200226.167    99.435    -0.79    1.30
-199939.292    99.092    -1.19    1.39
-199652.434    98.648    -1.55    1.32
-199365.592    98.392    -0.89    1.42
-199078.767    98.165    -0.79    1.41
-198791.957    98.063    -0.35    1.54
-198505.164    97.947    -0.41    1.58
-198218.388    97.951     0.02    1.63
-197931.627    97.981     0.10    1.59
-197644.884    97.814    -0.58    1.56
-197358.156    97.740    -0.26    1.49
-197071.445    97.698    -0.15    1.49
-196784.750    97.562    -0.47    1.27
-196498.071    97.592     0.10    1.35
-196211.409    97.449    -0.50    1.53
-195924.763    97.277    -0.60    1.59
-195638.134    97.120    -0.55    1.69
-195351.520    97.149     0.10    1.64
-195064.923    97.120    -0.10    1.37
-194778.343    97.245     0.44    1.32
-194491.778    97.492     0.86    1.39
-194205.230    97.577     0.30    1.34
-193918.698    97.571    -0.02    1.29
-193632.183    97.356    -0.75    1.36
-193343.672    96.867    -1.70    1.68
-193053.620    96.300    -1.95    1.73
-192763.586    95.689    -2.11    1.79
-192473.568    95.134    -1.91    1.90
-192183.567    94.563    -1.97    1.92
-191893.583    94.062    -1.73    1.98
-191603.616    93.249    -2.80    2.35
-191313.665    92.797    -1.56    2.22
-191023.731    92.193    -2.08    2.47
-190733.814    91.641    -1.90    2.29
-190443.914    91.331    -1.07    2.25
-190154.030    91.049    -0.97    2.19
-189864.164    90.649    -1.38    1.92
-189574.313    90.591    -0.20    1.82
-189284.480    90.327    -0.91    1.75
-188994.663    90.148    -0.62    1.56
-188704.863    89.838    -1.07    1.22
-188415.080    89.683    -0.53    1.25
-188125.314    89.585    -0.34    1.27
-187835.564    89.543    -0.15    1.33
-187545.831    89.468    -0.26    1.33
-187256.115    89.563     0.33    1.25
-186966.415    89.635     0.25    1.28
-186676.732    89.920     0.98    1.23
-186387.066    90.078     0.54    1.43
-186097.416    90.322     0.84    1.44
-185807.784    90.585     0.91    1.43
-185518.167    90.920     1.16    1.50
-185228.568    91.312     1.35    1.43
-184938.985    91.683     1.28    1.42
-184649.419    92.003     1.10    1.33
-184359.870    92.500     1.72    1.31
-184070.337    92.953     1.56    1.37
-183780.821    93.342     1.34    1.33
-183491.322    93.543     0.69    1.27
-183201.839    93.906     1.26    1.22
-182912.373    94.459     1.91    1.32
-182622.923    94.877     1.45    1.34
-182333.491    95.238     1.25    1.52
-182044.075    95.715     1.65    1.56
-181754.675    96.134     1.45    1.62
-181465.292    96.669     1.85    1.68
-181175.926    97.235     1.95    1.78
-180886.577    97.749     1.78    1.65
-180597.244    98.371     2.15    1.63
-180307.928    98.871     1.73    1.68
-180018.628    99.249     1.31    1.55
-179729.345    99.486     0.82    1.37
-179440.078    99.692     0.71    1.38
-179150.829    99.754     0.21    1.29
-178861.596    99.677    -0.26    1.36
-178572.379    99.352    -1.12    1.38
-178283.179    98.932    -1.45    1.38
-177993.996    98.635    -1.03    1.53
-177704.829    98.063    -1.98    1.65
-177415.679    97.500    -1.95    1.71
-177126.545    97.079    -1.46    1.57
-176837.428    96.472    -2.10    1.50
-176548.328    96.192    -0.97    1.54
-176259.244    95.976    -0.75    1.45
-175970.177    95.835    -0.49    1.43
-175681.126    95.709    -0.43    1.48
-175392.092    95.635    -0.26    1.58
-175103.075    95.439    -0.68    1.91
-174814.074    95.270    -0.58    1.98
-174525.089    95.035    -0.82    2.33
-174236.122    94.925    -0.38    2.54
-173947.170    94.724    -0.70    2.75
-173658.236    94.628    -0.33    2.86
-173369.317    94.251    -1.30    3.07
-173080.416    93.874    -1.30    3.32
-172791.531    93.275    -2.07    3.32
-172502.662    92.599    -2.34    3.26
-172213.810    91.881    -2.49    3.13
-171924.975    91.191    -2.39    3.07
-171636.156    90.238    -3.30    2.75
-171347.354    89.459    -2.70    2.71
-171058.568    88.677    -2.71    2.50
-170769.798    87.892    -2.72    2.29
-170481.045    86.937    -3.31    2.11
-170192.309    86.306    -2.19    2.01
-169903.589    85.674    -2.19    1.95
-169614.886    85.092    -2.02    1.84
-169326.199    84.488    -2.09    1.94
-169037.529    83.812    -2.34    2.05
-168748.875    82.892    -3.19    2.36
-168460.238    81.963    -3.22    2.46
-168171.617    81.233    -2.53    2.24
-167883.013    81.229    -0.01    2.15
-167594.425    81.599     1.28    2.55
-167305.853    82.706     3.84    3.11
-167017.298    84.019     4.55    3.32
-166728.760    85.547     5.30    3.09
-166440.238    87.150     5.55    2.71
-166151.732    88.149     3.46    2.49
-165863.243    89.163     3.52    2.41
-165574.771    90.163     3.47    2.52
-165286.315    91.106     3.27    2.36
-164997.875    91.853     2.59    2.32
-164709.452    92.468     2.14    2.12
-164421.045    92.944     1.65    1.83
-164132.655    93.268     1.12    1.31
-163844.281    93.345     0.27    1.27
-163555.923    93.120    -0.78    1.27
-163267.582    92.838    -0.98    1.34
-162979.258    92.303    -1.86    1.46
-162690.949    91.820    -1.68    1.31
-162402.658    91.396    -1.47    1.18
-162114.382    91.135    -0.90    1.18
-161826.123    90.974    -0.56    1.35
-161537.881    90.729    -0.85    1.28
-161249.655    90.520    -0.72    1.12
-160961.445    90.503    -0.06    1.11
-160673.252    90.374    -0.45    1.25
-160385.075    90.176    -0.68    1.25
-160096.914    89.977    -0.69    1.14
-159808.770    89.720    -0.89    1.11
-159520.643    89.635    -0.29    1.18
-159232.531    89.420    -0.75    1.28
-158944.436    89.205    -0.75    1.27
-158656.358    88.873    -1.15    1.22
-158368.295    88.663    -0.73    1.16
-158080.250    88.500    -0.57    1.10
-157792.220    88.306    -0.67    1.10
-157504.207    88.120    -0.64    1.04
-157216.210    87.900    -0.76    1.15
-156928.230    87.738    -0.56    1.16
-156640.266    87.520    -0.76    1.22
-156352.318    87.420    -0.35    1.23
-156064.387    87.231    -0.66    1.44
-155776.472    87.037    -0.68    1.59
-155488.573    86.853    -0.64    1.64
-155200.691    86.663    -0.66    1.87
-154912.825    86.449    -0.74    1.97
-154624.976    86.297    -0.53    2.10
-154337.142    86.121    -0.61    2.20
-154049.325    85.754    -1.27    2.29
-153761.525    85.421    -1.16    2.23
-153473.740    85.106    -1.09    2.24
-153185.972    84.692    -1.44    2.10
-152898.221    84.312    -1.32    1.90
-152610.485    84.149    -0.57    1.82
-152322.766    83.871    -0.97    1.59
-152035.064    83.749    -0.42    1.32
-151747.377    83.472    -0.96    1.21
-151459.707    83.448    -0.08    1.16
-151172.053    83.294    -0.54    1.09
-150884.415    83.259    -0.12    0.94
-150596.794    83.263     0.02    0.97
-150309.189    83.549     0.99    0.99
-150021.600    83.635     0.30    1.15
-149734.028    83.959     1.13    1.24
-149446.472    84.247     1.00    1.32
-149158.932    84.563     1.10    1.34
-148871.408    84.898     1.16    1.34
-148583.901    85.078     0.63    1.19
-148296.410    85.205     0.44    1.20
-148008.935    85.251     0.16    1.10
-147721.476    85.349     0.34    0.98
-147434.034    85.341    -0.03    1.08
-147146.608    85.222    -0.42    1.11
-146859.198    85.050    -0.60    1.17
-146571.804    84.887    -0.57    1.11
-146284.427    84.683    -0.71    1.10
-145997.066    84.477    -0.72    1.08
-145709.721    84.224    -0.88    1.02
-145422.392    84.220    -0.01    1.10
-145135.080    84.018    -0.70    1.09
-144847.783    83.961    -0.20    1.12
-144560.503    83.898    -0.22    1.15
-144273.239    83.668    -0.80    1.09
-143985.992    83.606    -0.21    1.07
-143698.760    83.571    -0.12    1.14
-143411.545    83.592     0.07    1.14
-143124.346    83.621     0.10    1.18
-142837.163    83.724     0.36    1.17
-142549.997    83.768     0.15    1.18
-142262.846    83.949     0.63    1.03
-141975.712    84.035     0.30    1.01
-141688.594    84.233     0.69    1.08
-141401.492    84.500     0.93    1.39
-141114.407    84.683     0.64    1.37
-140827.337    84.959     0.96    1.44
-140540.284    85.282     1.13    1.44
-140253.247    85.488     0.72    1.38
-139966.226    85.671     0.64    1.37
-139679.221    85.838     0.58    1.33
-139392.232    85.777    -0.21    1.33
-139105.260    85.810     0.11    1.44
-138818.303    85.810     0.00    1.59
-138531.363    85.585    -0.79    1.76
-138244.439    85.449    -0.47    2.01
-137957.531    85.371    -0.27    2.06
-137670.639    84.860    -1.78    2.32
-137383.764    84.641    -0.76    2.51
-137096.904    84.120    -1.82    2.59
-136810.061    83.720    -1.39    2.70
-136523.234    83.374    -1.21    3.10
-136236.422    82.686    -2.40    3.23
-135949.627    81.874    -2.83    3.40
-135662.849    81.415    -1.60    3.51
-135376.086    80.282    -3.95    4.15
-135089.339    79.435    -2.96    4.43
-134802.609    78.895    -1.88    4.64
-134515.894    78.563    -1.16    5.02
-134229.196    78.635     0.25    5.07
-133942.513    78.592    -0.15    5.16
-133655.847    78.663     0.25    4.84
-133369.197    78.665     0.01    4.48
-133082.563    77.944    -2.51    4.16
-132795.945    77.063    -3.07    4.10
-132509.344    75.392    -5.83    3.80
-132222.758    73.585    -6.31    4.14
-131936.188    71.662    -6.71    4.68
-131649.635    69.486    -7.59    4.76
-131362.762    66.949    -8.85    5.38
-131072.707    64.454    -8.60    5.14
-130782.669    62.312    -7.39    5.00
-130492.647    60.224    -7.20    4.38
-130202.642    58.410    -6.25    3.97
-129912.654    56.849    -5.39    3.36
-129622.682    55.444    -4.85    3.05
-129332.726    54.176    -4.37    3.34
-129042.787    52.881    -4.47    3.34
-128752.865    51.535    -4.64    3.50
-128462.958    50.091    -4.98    3.69
-128173.069    48.947    -3.95    3.88
-127883.196    47.134    -6.25    3.73
-127593.340    46.092    -3.59    3.55
-127303.500    45.120    -3.35    3.27
-127013.676    43.923    -4.13    3.26
-126723.869    42.650    -4.39    2.71
-126434.079    41.963    -2.37    2.50
-126144.305    41.178    -2.71    2.18
-125854.547    40.715    -1.60    1.78
-125564.806    40.176    -1.86    1.44
-125275.081    40.022    -0.53    1.32
-124985.373    39.835    -0.65    1.32
-124695.682    39.853     0.06    1.33
-124406.007    39.724    -0.44    1.35
-124116.348    39.900     0.61    1.47
-123826.706    40.121     0.76    1.63
-123537.080    40.349     0.79    2.09
-123247.471    41.219     3.00    3.16
-122957.878    42.420     4.15    4.11
-122668.301    43.712     4.46    4.95
-122378.741    45.635     6.64    6.37
-122089.198    47.827     7.57    7.24
-121799.671    49.180     4.67    7.67
-121510.160    51.802     9.06    7.30
-121220.666    53.663     6.43    7.14
-120931.188    55.706     7.06    6.59
-120641.727    57.671     6.79    6.03
-120352.282    58.518     2.93    4.91
-120062.853    58.963     1.54    3.98
-119773.441    59.121     0.54    3.77
-119484.045    57.930    -4.12    4.41
-119194.666    56.792    -3.93    4.49
-118905.303    54.935    -6.42    4.45
-118615.957    52.965    -6.81    4.23
-118326.626    51.430    -5.31    3.82
-118037.313    50.235    -4.13    3.60
-117748.015    49.562    -2.33    3.77
-117458.735    49.665     0.36    3.99
-117169.470    49.518    -0.51    4.21
-116880.222    50.020     1.74    4.53
-116590.990    50.261     0.83    4.22
-116301.775    50.023    -0.82    3.69
-116012.576    49.923    -0.35    3.44
-115723.393    49.909    -0.05    3.21
-115434.227    49.802    -0.37    3.17
-115145.077    50.049     0.86    3.12
-114855.943    50.591     1.88    3.12
-114566.826    50.706     0.40    2.96
-114277.725    50.720     0.05    2.68
-113988.640    50.309    -1.42    2.74
-113699.572    50.289    -0.07    2.61
-113410.520    49.773    -1.79    3.21
-113121.485    49.327    -1.54    3.24
-112832.466    49.006    -1.11    3.41
-112543.463    48.665    -1.18    3.58
-112254.476    48.377    -0.99    3.84
-111965.506    48.867     1.69    4.26
-111676.552    49.325     1.59    4.65
-111387.615    50.022     2.41    4.43
-111098.694    50.773     2.60    4.22
-110809.789    51.224     1.56    3.71
-110520.900    51.458     0.81    3.55
-110232.028    51.483     0.09    3.49
-109943.172    51.247    -0.82    3.89
-109654.332    50.486    -2.63    4.24
-109365.509    49.247    -4.29    4.92
-109076.701    47.592    -5.73    5.14
-108787.911    46.474    -3.87    5.13
-108499.136    45.474    -3.46    4.91
-108210.378    44.415    -3.67    4.64
-107921.636    44.381    -0.12    4.40
-107632.910    44.063    -1.10    4.36
-107344.201    44.335     0.94    3.85
-107055.508    45.092     2.62    3.99
-106766.831    46.472     4.78    4.01
-106478.170    48.206     6.01    4.14
-106189.526    49.885     5.82    4.03
-105900.897    51.526     5.69    3.74
-105612.286    52.606     3.74    3.26
-105323.690    53.193     2.03    3.17
-105035.111    52.990    -0.70    3.42
-104746.547    52.092    -3.11    3.91
-104458.001    50.692    -4.85    3.78
-104169.470    49.177    -5.25    3.24
-103880.955    47.665    -5.24    2.78
-103592.457    46.709    -3.31    2.31
-103303.975    45.877    -2.88    1.80
-103015.510    45.292    -2.03    1.63
-102727.060    45.363     0.25    1.80
-102438.627    45.849     1.68    2.27
-102150.210    46.613     2.65    2.67
-101861.809    47.680     3.70    2.90
-101573.424    48.974     4.49    3.18
-101285.056    50.356     4.79    3.16
-100996.703    52.077     5.97    2.73
-100708.367    53.449     4.76    2.56
-100420.047    54.683     4.28    2.70
-100131.744    55.867     4.10    2.64
 -99843.456    56.860     3.44    2.52
 -99555.185    57.841     3.41    2.50
 -99266.930    58.415     1.99    2.32
 -98978.691    58.930     1.79    2.06
 -98690.468    59.265     1.17    1.72
 -98402.261    59.374     0.38    1.55
 -98114.071    59.370    -0.01    1.45
 -97825.896    59.247    -0.43    1.34
 -97537.738    59.036    -0.73    1.30
 -97249.596    58.554    -1.67    1.35
 -96961.471    58.032    -1.81    1.56
 -96673.361    57.635    -1.38    1.60
 -96385.267    56.932    -2.44    1.48
 -96097.190    56.331    -2.09    1.73
 -95809.129    55.592    -2.57    1.94
 -95521.084    54.867    -2.52    1.90
 -95233.055    54.306    -1.95    1.86
 -94945.042    53.396    -3.16    1.82
 -94657.045    52.867    -1.84    1.78
 -94369.065    52.194    -2.33    1.70
 -94081.100    51.483    -2.47    1.90
 -93793.152    51.050    -1.50    1.74
 -93505.220    50.517    -1.85    1.67
 -93217.303    49.965    -1.92    1.52
 -92929.403    49.692    -0.95    1.72
 -92641.520    49.371    -1.12    1.83
 -92353.652    49.192    -0.62    1.72
 -92065.800    48.871    -1.12    1.73
 -91777.965    48.439    -1.50    2.01
 -91490.145    47.754    -2.38    2.17
 -91202.342    47.175    -2.01    1.98
 -90914.554    46.628    -1.90    2.06
 -90626.783    46.036    -2.06    2.00
 -90339.028    45.224    -2.82    1.48
 -90051.289    44.706    -1.80    1.65
 -89763.566    43.974    -2.55    1.94
 -89475.859    43.178    -2.76    2.26
 -89188.168    42.363    -2.83    2.27
 -88900.493    41.695    -2.32    1.94
 -88612.834    41.135    -1.95    1.64
 -88325.192    40.867    -0.93    1.45
 -88037.565    40.620    -0.86    1.47
 -87749.954    40.599    -0.08    1.43
 -87462.360    40.650     0.18    1.42
 -87174.781    40.503    -0.51    1.58
 -86887.219    40.360    -0.50    1.58
 -86599.673    40.149    -0.73    1.55
 -86312.142    39.949    -0.70    1.55
 -86024.628    39.669    -0.97    1.48
 -85737.130    39.592    -0.27    1.44
 -85449.647    39.385    -0.72    1.33
 -85162.181    39.488     0.36    1.46
 -84874.731    39.474    -0.05    1.74
 -84587.296    39.520     0.16    1.77
 -84299.878    39.392    -0.45    1.56
 -84012.476    39.175    -0.75    1.49
 -83725.090    39.120    -0.19    1.52
 -83437.720    38.976    -0.50    1.69
 -83150.365    38.628    -1.21    1.43
 -82863.027    38.577    -0.18    1.41
 -82575.705    38.268    -1.07    1.32
 -82288.399    38.135    -0.46    1.32
 -82001.108    37.951    -0.64    1.33
 -81713.834    37.814    -0.48    1.29
 -81426.576    37.613    -0.70    1.24
 -81139.334    37.529    -0.29    1.25
 -80852.107    37.479    -0.17    1.15
 -80564.897    37.415    -0.22    1.15
 -80277.703    37.327    -0.31    1.10
 -79990.524    37.106    -0.77    1.20
 -79703.362    36.965    -0.49    1.26
 -79416.215    36.859    -0.37    1.28
 -79129.085    36.712    -0.51    1.28
 -78841.970    36.627    -0.29    1.27
 -78554.871    36.620    -0.02    1.20
 -78267.789    36.506    -0.40    1.13
 -77980.722    36.488    -0.06    1.43
 -77693.671    36.356    -0.46    1.46
 -77406.636    35.963    -1.37    1.57
 -77119.617    35.448    -1.79    1.95
 -76832.614    34.692    -2.64    1.91
 -76545.627    33.935    -2.64    1.83
 -76258.656    33.247    -2.40    2.00
 -75971.701    32.592    -2.28    1.89
 -75684.761    32.209    -1.33    1.66
 -75397.838    31.700    -1.77    1.52
 -75110.930    31.512    -0.66    1.38
 -74824.039    31.150    -1.26    1.49
 -74537.163    30.976    -0.61    1.49
 -74250.303    30.892    -0.29    1.59
 -73963.459    30.782    -0.38    1.59
 -73676.631    30.526    -0.89    1.66
 -73389.819    30.385    -0.49    1.70
 -73103.023    30.238    -0.51    1.70
 -72816.242    30.135    -0.36    1.66
 -72529.478    29.635    -1.74    1.35
 -72242.729    29.178    -1.59    1.41
 -71955.997    28.849    -1.15    1.34
 -71669.280    28.749    -0.35    1.27
 -71382.579    28.497    -0.88    1.25
 -71095.894    28.385    -0.39    1.23
 -70809.224    28.327    -0.21    1.18
 -70522.571    28.192    -0.47    1.24
 -70235.933    28.077    -0.40    1.25
 -69949.312    28.134     0.20    1.15
 -69662.706    28.092    -0.15    1.08
 -69376.116    28.120     0.10    1.15
 -69087.327    28.261     0.49    1.24
 -68797.302    28.294     0.12    1.23
 -68507.293    28.444     0.52    1.27
 -68217.300    28.535     0.31    1.02
 -67927.323    28.749     0.74    1.25
 -67637.362    29.135     1.33    1.57
 -67347.418    29.512     1.30    1.69
 -67057.491    29.900     1.34    1.66
 -66767.579    30.063     0.56    1.51
 -66477.684    30.238     0.61    1.48
 -66187.805    30.238     0.00    1.44
 -65897.942    30.006    -0.80    1.31
 -65608.095    29.849    -0.54    1.33
 -65318.265    29.777    -0.25    1.21
 -65028.451    29.655    -0.42    1.22
 -64738.654    29.729     0.25    1.34
 -64448.872    29.827     0.34    1.38
 -64159.107    29.885     0.20    1.38
 -63869.358    29.900     0.05    1.34
 -63579.625    29.642    -0.89    1.43
 -63289.909    29.449    -0.67    1.42
 -63000.209    29.275    -0.60    1.43
 -62710.525    28.863    -1.42    1.63
 -62420.857    28.150    -2.46    1.91
 -62131.205    27.694    -1.57    2.01
 -61841.570    26.694    -3.45    2.66
 -61551.951    25.709    -3.40    3.13
 -61262.348    24.176    -5.29    3.83
 -60972.762    23.036    -3.94    3.86
 -60683.191    21.935    -3.80    4.07
 -60393.637    20.792    -3.95    3.97
 -60104.099    19.385    -4.86    3.65
 -59814.577    18.827    -1.93    3.65
 -59525.071    17.606    -4.22    3.04
 -59235.582    16.903    -2.43    2.72
 -58946.109    16.233    -2.32    2.30
 -58656.652    15.506    -2.51    2.05
 -58367.211    14.935    -1.97    1.78
 -58077.786    14.628    -1.06    1.57
 -57788.378    14.180    -1.55    1.47
 -57498.985    13.900    -0.97    1.52
 -57209.609    13.768    -0.46    1.52
 -56920.249    13.812     0.15    1.68
 -56630.905    13.628    -0.64    1.61
 -56341.578    13.477    -0.52    1.67
 -56052.266    13.331    -0.50    1.61
 -55762.971    13.406     0.26    1.62
 -55473.692    13.224    -0.63    1.46
 -55184.428    13.238     0.05    1.56
 -54895.182    13.092    -0.51    1.48
 -54605.951    13.063    -0.10    1.52
 -54316.736    12.777    -0.99    1.58
 -54027.538    12.345    -1.49    1.53
 -53738.355    11.947    -1.38    1.50
 -53449.189    11.535    -1.42    1.60
 -53160.039    11.194    -1.18    1.43
 -52870.905    10.976    -0.76    1.42
 -52581.787    10.992     0.06    1.47
 -52292.685    11.298     1.06    1.59
 -52003.600    11.874     1.99    2.03
 -51714.530    12.796     3.19    2.72
 -51425.477    13.990     4.13    3.09
 -51136.439    15.192     4.16    3.22
 -50847.418    16.488     4.49    3.29
 -50558.413    17.606     3.87    3.02
 -50269.424    18.920     4.55    2.61
 -49980.451    20.038     3.87    1.97
 -49691.494    20.831     2.74    1.83
 -49402.553    21.163     1.15    1.52
 -49113.629    21.621     1.58    1.50
 -48824.720    21.976     1.23    1.60
 -48535.828    22.282     1.06    1.74
 -48246.951    22.335     0.18    1.75
 -47958.091    22.363     0.10    1.85
 -47669.246    22.175    -0.65    2.06
 -47380.418    21.663    -1.77    2.35
 -47091.606    21.006    -2.28    2.42
 -46802.810    20.062    -3.27    2.35
 -46514.030    19.263    -2.77    2.24
 -46225.266    18.444    -2.84    2.24
 -45936.518    17.177    -4.39    2.34
 -45647.786    16.220    -3.32    2.51
 -45359.070    15.148    -3.72    2.68
 -45070.370    13.965    -4.10    2.71
 -44781.686    12.860    -3.83    2.80
 -44493.018    11.194    -5.77    3.05
 -44204.366    10.048    -3.97    2.92
 -43915.730     9.194    -2.96    2.89
 -43627.111     7.777    -4.91    2.62
 -43338.507     6.763    -3.51    2.23
 -43049.919     6.037    -2.52    2.02
 -42761.347     5.303    -2.54    1.79
 -42472.792     4.802    -1.74    1.82
 -42184.252     4.459    -1.19    1.68
 -41895.728     4.077    -1.33    1.55
 -41607.220     3.733    -1.19    1.81
 -41318.729     2.706    -3.56    2.70
 -41030.253     1.863    -2.92    3.09
 -40741.793     1.189    -2.34    3.17
 -40453.349     0.435    -2.62    3.25
 -40164.922    -0.291    -2.52    2.87
 -39876.510    -0.762    -1.63    2.63
 -39588.114    -1.026    -0.92    2.40
 -39299.734    -1.068    -0.14    2.31
 -39011.370    -0.725     1.19    2.49
 -38723.022    -0.836    -0.39    2.38
 -38434.690    -0.697     0.48    2.39
 -38146.374    -0.794    -0.34    2.25
 -37858.074    -0.526     0.93    2.47
 -37569.790    -0.276     0.87    2.44
 -37281.522    -0.312    -0.12    2.52
 -36993.269    -0.314    -0.01    2.35
 -36705.033    -0.308     0.02    2.28
 -36416.813    -0.213     0.33    2.45
 -36128.608    -0.218    -0.02    2.59
 -35840.420    -0.408    -0.66    2.59
 -35552.247    -0.232     0.61    2.59
 -35264.091    -0.041     0.66    2.60
 -34975.950    -0.043    -0.01    2.61
 -34687.825     0.277     1.11    2.57
 -34399.716     0.649     1.29    2.32
 -34111.623     1.356     2.45    1.61
 -33823.546     1.486     0.45    1.48
 -33535.485     1.477    -0.03    1.59
 -33247.440     1.591     0.40    1.65
 -32959.411     1.709     0.41    1.53
 -32671.397     1.584    -0.44    1.43
 -32383.400     1.549    -0.12    1.50
 -32095.418     1.535    -0.05    1.53
 -31807.452     1.541     0.02    1.41
 -31519.502     1.529    -0.04    1.31
 -31231.568     1.220    -1.07    1.29
 -30943.650     1.238     0.06    1.38
 -30655.748     1.062    -0.61    1.44
 -30367.862     1.180     0.41    1.61
 -30079.991     1.120    -0.21    1.60
 -29792.137     0.877    -0.84    1.70
 -29504.298     0.744    -0.46    1.79
 -29216.475     0.571    -0.60    1.80
 -28928.668     0.335    -0.82    1.80
 -28640.877     0.032    -1.05    1.54
 -28353.101    -0.026    -0.20    1.58
 -28065.342    -0.012     0.05    1.49
 -27777.598     0.006     0.06    1.48
 -27489.870    -0.008    -0.05    1.35
 -27202.158    -0.097    -0.31    1.33
 -26914.462    -0.063     0.12    1.25
 -26626.782     0.049     0.39    1.25
 -26339.117     0.135     0.30    1.20
 -26051.469     0.209     0.26    1.19
 -25763.836     0.282     0.26    1.12
 -25476.219     0.249    -0.12    1.17
 -25188.617     0.220    -0.10    1.17
 -24901.032     0.220     0.00    1.23
 -24613.462     0.331     0.39    1.21
 -24325.909     0.120    -0.73    1.15
 -24038.371     0.268     0.51    1.27
 -23750.848     0.268     0.00    1.33
 -23463.342     0.280     0.04    1.33
 -23175.851     0.177    -0.36    1.54
 -22888.377    -0.023    -0.70    1.66
 -22600.918     0.063     0.30    1.76
 -22313.474    -0.063    -0.44    1.86
 -22026.047    -0.123    -0.21    1.88
 -21738.635     0.003     0.44    1.79
 -21451.239     0.077     0.26    1.81
 -21163.859     0.092     0.05    1.77
 -20876.495     0.048    -0.15    1.80
 -20589.146    -0.077    -0.44    1.80
 -20301.813     0.120     0.69    1.84
 -20014.496     0.439     1.11    1.64
 -19727.195     0.720     0.98    1.42
 -19439.909     0.930     0.73    1.39
 -19152.639     1.106     0.61    1.21
 -18865.385     1.092    -0.05    1.16
 -18578.147     1.106     0.05    1.17
 -18290.924     0.965    -0.49    1.19
 -18003.717     0.918    -0.17    1.29
 -17716.526     1.092     0.61    1.31
 -17429.351     1.092    -0.00    1.37
 -17142.191     1.106     0.05    1.53
 -16855.047     1.165     0.20    1.66
 -16567.919     1.077    -0.30    1.68
 -16280.806     1.047    -0.11    1.59
 -15993.710     1.092     0.16    1.81
 -15706.629     0.802    -1.01    1.72
 -15419.563     0.398    -1.41    2.51
 -15132.513    -0.165    -1.96    2.84
 -14845.479    -0.619    -1.58    2.96
 -14558.461    -1.291    -2.34    3.16
 -14271.459    -1.523    -0.81    2.83
 -13984.472    -1.600    -0.27    2.78
 -13697.501    -0.994     2.11    2.91
 -13410.545    -0.380     2.14    2.79
 -13123.605     0.503     3.08    2.41
 -12836.681     0.951     1.56    1.96
 -12549.772     1.463     1.78    1.29
 -12262.880     1.474     0.04    1.41
 -11976.003     1.320    -0.53    1.45
 -11689.141     1.385     0.23    1.53
 -11402.295     1.406     0.07    1.48
 -11115.465     1.420     0.05    1.45
 -10828.651     1.398    -0.08    1.39
 -10541.852     1.463     0.23    1.20
 -10255.069     1.520     0.20    1.10
  -9968.301     1.680     0.56    1.18
  -9681.549     1.591    -0.31    1.34
  -9394.813     1.753     0.56    1.69
  -9108.092     1.628    -0.44    1.89
  -8821.387     1.331    -1.03    2.21
  -8534.698     1.037    -1.03    2.28
  -8248.024     0.735    -1.05    2.38
  -7961.366     0.635    -0.35    2.46
  -7674.724     0.748     0.39    2.45
  -7388.097     0.793     0.16    2.24
  -7100.859     1.282     1.71    2.12
  -6810.836     1.874     2.04    1.75
  -6520.828     2.134     0.90    1.71
  -6230.837     2.648     1.77    1.42
  -5940.861     3.121     1.63    1.59
  -5650.902     3.306     0.64    1.60
  -5360.959     3.385     0.27    1.58
  -5071.031     3.635     0.86    1.86
  -4781.120     3.797     0.56    1.91
  -4491.225     3.777    -0.07    1.59
  -4201.346     3.777     0.00    1.47
  -3911.483     4.078     1.04    1.77
  -3621.636     4.392     1.08    2.25
  -3331.804     5.150     2.62    2.63
  -3041.989     5.837     2.37    3.61
  -2752.190     5.561    -0.96    3.87
  -2462.407     5.149    -1.42    4.40
  -2172.640     4.949    -0.69    4.50
  -1882.889     4.549    -1.38    4.59
  -1593.154     4.220    -1.13    4.67
  -1303.435     3.613    -2.10    4.61
  -1013.732     3.077    -1.85    4.35
   -724.045     2.136    -3.25    4.13
   -434.374     1.518    -2.14    3.75
   -144.719     0.642    -3.02    3.26
    144.920    -0.008    -2.25    2.34
    434.543    -0.345    -1.16    1.81
    724.150    -0.380    -0.12    1.55
   1013.741    -0.178     0.70    1.71
   1303.316     0.356     1.84    2.22
   1592.875     1.076     2.49    2.51
   1882.418     1.777     2.42    2.70
   2171.945     2.492     2.47    2.57
   2461.457     3.121     2.17    2.33
   2750.952     3.306     0.64    2.59
   3040.431     3.831     1.81    2.36
   3329.895     3.818    -0.04    2.62
   3619.342     3.827     0.03    2.55
   3908.774     3.753    -0.25    2.61
   4198.189     3.796     0.15    2.67
   4487.589     3.979     0.63    2.18
   4776.972     3.892    -0.30    2.17
   5066.340     3.686    -0.71    2.10
   5355.692     3.658    -0.09    1.72
   5645.028     3.576    -0.29    1.54
   5934.348     3.635     0.21    1.54
   6223.652     3.700     0.22    1.61
   6512.940     3.649    -0.18    1.71
   6802.212     3.906     0.89    1.81
   7091.469     4.192     0.99    1.86
   7380.709     4.377     0.64    1.93
   7669.934     4.882     1.74    2.23
   7959.142     5.240     1.24    2.60
   8248.335     5.091    -0.52    3.05
   8537.512     4.963    -0.44    3.05
   8826.673     5.036     0.25    3.74
   9115.818     5.049     0.05    3.88
   9404.947     4.992    -0.20    4.03
   9694.060     4.400    -2.05    3.95
   9983.158     4.180    -0.76    3.92
  10272.239     4.449     0.93    3.99
  10561.305     4.352    -0.34    4.05
  10850.355     4.549     0.68    3.91
  11139.388     4.578     0.10    4.22
  11428.407     4.796     0.75    4.48
  11717.409     5.150     1.22    4.58
  12006.395     5.356     0.71    5.04
  12295.366     5.181    -0.61    5.09
  12584.320     4.822    -1.24    4.92
  12873.259     4.892     0.24    5.23
  13162.182     4.430    -1.60    5.47
  13451.089     3.750    -2.35    5.43
  13739.980     3.233    -1.79    5.59
  14028.856     2.591    -2.22    5.21
  14317.715     1.974    -2.14    5.29
  14606.559     1.435    -1.87    5.24
  14895.387     0.381    -3.65    4.09
  15184.199    -0.852    -4.27    0.36
  15472.996    -0.894    -0.15    0.00
  15761.776    -0.616     0.96    1.40
  16050.541    -0.633    -0.06    1.17
  16339.290    -0.312     1.11    1.58
  16628.023     0.091     1.40    2.05
  16916.740     0.724     2.19    2.61
  17205.442     1.265     1.88    3.13
  17494.127     1.874     2.11    3.25
  17782.797     2.392     1.79    3.44
  18071.452     2.541     0.52    3.53
  18360.090     2.874     1.15    3.76
  18648.712     3.415     1.87    3.96
  18937.319     3.400    -0.05    3.95
  19225.910     3.345    -0.19    3.87
  19514.485     3.312    -0.11    3.81
  19803.045     3.555     0.84    3.68
  20091.589     3.541    -0.05    3.55
  20380.117     3.277    -0.91    3.21
  20668.629     3.371     0.32    2.75
  20957.125     3.474     0.36    2.76
  21245.606     3.733     0.90    2.74
  21534.071     3.497    -0.82    2.82
  21822.520     3.599     0.35    2.71
  22110.953     3.628     0.10    2.71
  22399.371     3.549    -0.27    2.77
  22687.773     3.563     0.05    2.84
  22976.159     3.268    -1.02    2.75
  23264.530     3.415     0.51    2.45
  23552.884     3.364    -0.18    2.37
  23841.223     3.549     0.64    2.29
  24129.547     3.477    -0.25    2.20
  24417.854     3.360    -0.41    2.12
  24706.146     3.406     0.16    2.10
  24994.422     3.320    -0.30    2.04
  25282.683     3.434     0.40    2.11
  25570.927     3.224    -0.73    2.04
  25859.156     2.912    -1.08    2.15
  26147.370     2.835    -0.27    2.17
  26435.567     2.963     0.45    1.95
  26723.749     2.976     0.04    2.02
  27011.916     2.729    -0.85    1.99
  27300.066     2.570    -0.55    2.16
  27588.201     2.778     0.72    2.36
  27876.320     3.032     0.88    2.77
  28164.424     3.063     0.10    3.04
  28452.512     2.892    -0.59    3.36
  28740.584     2.563    -1.14    3.59
  29028.640     2.235    -1.14    3.69
  29316.681     1.356    -3.05    3.29
  29604.706     0.658    -2.42    2.96
  29892.716    -0.013    -2.33    2.32
  30180.710    -0.409    -1.37    1.92
  30468.688    -0.659    -0.87    1.40
  30756.650    -0.423     0.82    1.94
  31044.597     0.149     1.99    2.49
  31332.529     0.628     1.66    2.77
  31620.444     1.063     1.51    2.82
  31908.344     1.285     0.77    2.69
  32196.228     1.827     1.88    2.75
  32484.097     2.018     0.66    2.76
  32771.950     2.562     1.89    2.79
  33059.788     2.744     0.63    2.84
  33347.610     3.120     1.31    2.87
  33635.416     3.463     1.19    2.72
  33923.206     4.251     2.74    3.00
  34210.981     4.906     2.28    2.88
  34498.741     5.606     2.43    2.82
  34786.485     5.974     1.28    2.86
  35074.213     6.035     0.21    2.58
  35361.925     5.963    -0.25    2.63
  35649.622     5.555    -1.42    2.69
  35937.304     5.020    -1.86    2.52
  36224.969     4.549    -1.64    2.41
  36512.620     4.076    -1.64    1.86
  36800.254     4.003    -0.25    1.70
  37087.873     3.763    -0.84    1.82
  37375.477     3.577    -0.64    1.82
  37663.065     3.492    -0.30    1.66
  37950.637     3.509     0.06    1.55
  38238.194     3.735     0.78    1.51
  38525.735     3.649    -0.30    1.65
  38813.260     3.718     0.24    1.83
  39100.770     3.915     0.68    2.01
  39388.265     4.046     0.46    1.95
  39675.744     4.349     1.05    1.99
  39963.207     4.706     1.24    2.19
  40250.655     5.135     1.49    1.74
  40538.087     5.265     0.45    1.61
  40825.504     5.367     0.35    1.54
  41112.905     5.151    -0.75    1.79
  41400.291     4.871    -0.97    2.01
  41687.661     4.449    -1.47    2.13
  41975.016     4.005    -1.55    2.16
  42262.355     3.420    -2.03    2.39
  42549.678     3.363    -0.20    2.42
  42836.986     3.570     0.72    2.39
  43124.279     3.673     0.36    2.28
  43411.556     3.812     0.48    2.18
  43698.817     4.032     0.77    2.17
  43986.063     3.927    -0.37    1.98
  44273.294     4.077     0.52    1.99
  44560.509     4.120     0.15    1.96
  44847.708     4.049    -0.25    1.74
  45134.892     4.163     0.40    1.60
  45422.061     4.503     1.18    1.62
  45709.214     4.988     1.69    1.76
  45996.351     5.045     0.20    1.82
  46283.474     5.270     0.78    1.87
  46570.580     5.338     0.24    2.02
  46857.671     5.777     1.53    2.10
  47144.747     6.077     1.04    2.30
  47431.807     6.120     0.15    2.22
  47718.852     5.959    -0.56    2.29
  48005.881     6.077     0.41    2.27
  48292.895     5.955    -0.43    2.16
  48579.893     5.822    -0.46    2.28
  48866.876     5.425    -1.39    2.25
  49153.843     5.092    -1.16    2.11
  49440.795     4.953    -0.48    1.72
  49727.731     4.932    -0.07    1.64
  50014.652     5.277     1.20    1.75
  50301.558     5.547     0.94    1.94
  50588.448     5.718     0.60    2.07
  50875.323     5.944     0.79    2.22
  51162.182     6.549     2.11    2.48
  51449.026     7.135     2.04    2.68
  51735.855     7.529     1.37    2.72
  52022.668     7.806     0.97    2.98
  52309.465     8.392     2.04    2.75
  52596.247     8.782     1.36    2.33
  52883.014     8.959     0.62    2.15
  53169.766     8.974     0.05    2.16
  53456.502     8.845    -0.45    2.28
  53743.222     8.331    -1.79    2.02
  54029.927     8.050    -0.98    2.14
  54316.617     8.005    -0.16    2.20
  54603.291     7.749    -0.89    2.13
  54889.950     7.658    -0.32    2.02
  55179.073     7.584    -0.26    1.78
  55469.072     8.032     1.55    2.08
  55759.055     7.988    -0.15    2.51
  56049.022     8.092     0.36    2.41
  56338.974     8.120     0.10    2.46
  56628.909     8.235     0.39    2.38
  56918.829     7.749    -1.68    2.70
  57208.733     7.606    -0.49    2.70
  57498.621     7.682     0.26    2.96
  57788.494     7.650    -0.11    3.07
  58078.350     7.802     0.52    3.03
  58368.191     7.768    -0.12    2.99
  58658.016     7.831     0.22    2.86
  58947.826     8.163     1.15    2.23
  59237.619     7.915    -0.86    1.67
  59527.397     7.827    -0.30    1.61
  59817.159     7.703    -0.43    1.59
  60106.905     7.620    -0.29    1.59
  60396.635     7.526    -0.32    1.62
  60686.350     7.050    -1.64    1.68
  60976.049     6.903    -0.51    1.46
  61265.732     6.688    -0.74    1.49
  61555.400     6.430    -0.89    1.33
  61845.051     6.468     0.13    1.42
  62134.687     6.352    -0.40    1.42
  62424.307     6.106    -0.85    1.51
  62713.912     6.135     0.10    1.52
  63003.501     5.831    -1.05    1.50
  63293.073     5.738    -0.32    1.48
  63582.631     5.606    -0.46    1.45
  63872.172     5.658     0.18    1.42
  64161.698     5.694     0.12    1.44
  64451.208     5.591    -0.36    1.39
  64740.702     5.700     0.38    1.56
  65030.181     5.677    -0.08    1.55
  65319.644     5.706     0.10    1.58
  65609.091     5.793     0.30    1.65
  65898.523     6.032     0.83    1.77
  66187.938     6.225     0.67    1.60
  66477.338     6.306     0.28    1.50
  66766.723     6.416     0.38    1.48
  67056.092     6.338    -0.27    1.50
  67345.445     6.503     0.57    1.46
  67634.782     6.591     0.30    1.49
  67924.104     6.545    -0.16    1.66
  68213.410     6.650     0.36    1.70
  68502.700     6.793     0.49    1.73
  68791.974     6.620    -0.60    1.65
  69081.233     6.535    -0.30    1.61
  69370.477     6.309    -0.78    1.57
  69659.704     6.363     0.19    1.32
  69948.916     6.364     0.00    1.26
  70238.113     6.444     0.28    1.29
  70527.293     6.500     0.19    1.20
  70816.458     6.692     0.66    1.21
  71105.607     6.689    -0.01    1.29
  71394.741     6.715     0.09    1.20
  71683.859     6.792     0.27    1.27
  71972.962     6.885     0.32    1.38
  72262.048     6.797    -0.31    1.35
  72551.120     6.782    -0.05    1.41
  72840.175     6.563    -0.76    1.51
  73129.215     6.735     0.59    1.49
  73418.239     6.773     0.13    1.44
  73707.248     6.686    -0.30    1.48
  73996.241     6.658    -0.10    1.45
  74285.218     6.613    -0.15    1.50
  74574.180     6.682     0.24    1.43
  74863.126     6.724     0.14    1.35
  75152.057     6.555    -0.58    1.25
  75440.972     6.492    -0.22    1.20
  75729.871     6.577     0.30    1.25
  76018.755     6.599     0.07    1.16
  76307.623     6.694     0.33    1.11
  76596.476     6.591    -0.36    1.19
  76885.313     6.479    -0.39    1.13
  77174.134     6.410    -0.24    1.22
  77462.940     6.425     0.05    1.28
  77751.730     6.467     0.15    1.32
  78040.505     6.571     0.36    1.38
  78329.264     6.680     0.38    1.44
  78618.008     6.841     0.56    1.42
  78906.736     6.852     0.04    1.31
  79195.448     6.758    -0.33    1.27
  79484.145     6.506    -0.87    1.20
  79772.826     6.454    -0.18    1.17
  80061.492     6.509     0.19    1.19
  80350.142     6.665     0.54    1.14
  80638.777     6.636    -0.10    1.18
  80927.396     6.827     0.66    1.18
  81216.000     6.957     0.45    1.09
  81504.588     7.063     0.37    1.19
  81793.160     7.192     0.45    1.19
  82081.717     7.377     0.64    1.25
  82370.259     7.335    -0.15    1.23
  82658.785     7.315    -0.07    1.41
  82947.295     7.356     0.14    1.44
  83235.790     7.348    -0.03    1.40
  83524.269     7.449     0.35    1.40
  83812.733     7.488     0.14    1.39
  84101.182     7.700     0.73    1.38
  84389.614     7.655    -0.16    1.37
  84678.032     7.692     0.13    1.28
  84966.434     7.748     0.19    1.31
  85254.820     7.694    -0.19    1.19
  85543.191     7.837     0.50    1.24
  85831.546     7.852     0.05    1.22
  86119.886     7.863     0.04    1.17
  86408.210     8.062     0.69    1.03
  86696.519     8.106     0.15    1.15
  86984.813     8.135     0.10    1.19
  87273.091     8.061    -0.26    1.20
  87561.353     7.900    -0.56    1.37
  87849.600     8.076     0.61    1.36
  88137.832     7.903    -0.60    1.36
  88426.048     7.863    -0.14    1.29
  88714.249     7.906     0.15    1.29
  89002.434     8.077     0.59    1.39
  89290.603     8.151     0.26    1.33
  89578.758     8.371     0.76    1.46
  89866.897     8.348    -0.08    1.45
  90155.020     8.345    -0.01    1.39
  90443.128     8.341    -0.01    1.48
  90731.220     8.503     0.56    1.53
  91019.297     8.219    -0.99    1.53
  91307.359     8.063    -0.54    1.42
  91595.405     8.196     0.46    1.43
  91883.436     8.135    -0.21    1.34
  92171.451     8.242     0.37    1.33
  92459.451     8.405     0.56    1.30
  92747.436     8.392    -0.04    1.30
  93035.405     8.569     0.61    1.37
  93323.359     8.635     0.23    1.38
  93611.297     8.802     0.58    1.36
  93899.220     9.030     0.79    1.34
  94187.127     9.091     0.21    1.33
  94475.019     9.268     0.61    1.32
  94762.896     9.309     0.14    1.37
  95050.757     9.335     0.09    1.33
  95338.603     9.235    -0.35    1.30
  95626.434     9.063    -0.60    1.33
  95914.249     8.867    -0.68    1.34
  96202.049     8.827    -0.14    1.47
  96489.833     8.803    -0.08    1.45
  96777.602     8.733    -0.24    1.48
  97065.356     8.621    -0.39    1.43
  97353.094     8.665     0.15    1.40
  97640.817     8.514    -0.52    1.25
  97928.524     8.543     0.10    1.27
  98216.217     8.635     0.32    1.25
  98503.893     8.665     0.10    1.16
  98791.555     8.833     0.59    1.17
  99079.201     8.818    -0.05    1.20
  99366.832     8.635    -0.64    1.09
  99654.447     8.816     0.63    1.14
  99942.047     8.824     0.03    1.12
 100229.632     9.005     0.63    1.29
 100517.201     9.016     0.04    1.30
 100804.755     9.121     0.36    1.19
 101092.294     9.253     0.46    1.25
 101379.818     9.352     0.35    1.28
 101667.326     9.292    -0.21    1.30
 101954.819     9.280    -0.04    1.35
 102242.296     8.993    -1.00    1.43
 102529.758     8.889    -0.36    1.55
 102817.205     8.709    -0.62    1.66
 103104.637     8.500    -0.73    1.75
 103392.053     8.258    -0.84    1.85
 103679.454     8.263     0.02    1.86
 103966.839     8.164    -0.35    1.86
 104254.210     8.064    -0.35    1.66
 104541.565     8.352     1.00    1.63
 104828.905     8.396     0.15    1.50
 105116.229     8.371    -0.09    1.09
 105403.538     8.494     0.43    1.31
 105690.832     8.763     0.94    1.37
 105978.111     9.135     1.30    1.45
 106265.374     9.483     1.21    1.46
 106552.622     9.692     0.73    1.47
 106839.855    10.005     1.09    1.30
 107127.073    10.077     0.25    1.15
 107414.275    10.121     0.15    1.21
 107701.462     9.930    -0.67    1.12
 107988.634     9.827    -0.36    1.22
 108275.790     9.812    -0.05    1.27
 108562.931     9.820     0.03    1.33
 108850.058     9.877     0.20    1.32
 109137.168     9.802    -0.26    1.22
 109424.264     9.715    -0.30    1.07
 109711.344     9.788     0.25    1.01
 109998.409     9.939     0.53    1.05
 110285.459    10.018     0.27    1.00
 110572.494    10.091     0.26    1.04
 110859.513    10.193     0.35    1.00
 111146.517    10.306     0.39    0.94
 111433.506    10.406     0.35    0.97
 111720.480    10.367    -0.14    0.87
 112007.438    10.390     0.08    0.95
 112294.382    10.503     0.40    1.02
 112581.310    10.515     0.04    1.05
 112868.223    10.584     0.24    1.07
 113155.120    10.563    -0.07    1.13
 113442.003    10.424    -0.48    1.11
 113728.870    10.463     0.14    1.12
 114015.722    10.506     0.15    1.18
 114302.559    10.628     0.43    1.17
 114589.381    10.532    -0.33    1.20
 114876.188    10.584     0.18    1.16
 115162.979    10.635     0.18    1.13
 115449.755    10.663     0.10    1.24
 115736.516    10.712     0.17    1.14
 116023.262    10.835     0.43    1.25
 116309.993    10.845     0.04    1.20
 116596.708    11.030     0.65    1.23
 116883.408    11.047     0.06    1.16
 117171.067    11.255     0.72    1.14
 117461.064    11.352     0.33    1.13
 117751.045    11.584     0.80    1.15
 118041.011    11.806     0.76    1.15
 118330.961    11.782    -0.08    1.13
 118620.895    11.742    -0.14    1.16
 118910.814    11.591    -0.52    1.24
 119200.717    11.583    -0.03    1.24
 119490.605    11.449    -0.46    1.17
 119780.477    11.381    -0.23    1.20
 120070.334    11.330    -0.18    1.13
 120360.175    11.327    -0.01    1.12
 120650.001    11.164    -0.56    1.08
 120939.811    11.136    -0.10    1.12
 121229.605    11.165     0.10    1.26
 121519.384    11.211     0.16    1.22
 121809.148    11.306     0.33    1.31
 122098.896    11.406     0.35    1.39
 122388.628    11.420     0.05    1.32
 122678.345    11.338    -0.28    1.46
 122968.046    11.240    -0.34    1.39
 123257.732    11.282     0.15    1.34
 123547.402    11.227    -0.19    1.28
 123837.057    11.468     0.83    1.33
 124126.696    11.613     0.50    1.32
 124416.320    11.990     1.30    1.45
 124705.929    12.135     0.50    1.35
 124995.521    12.449     1.09    1.39
 125285.099    12.554     0.36    1.46
 125574.660    12.665     0.38    1.55
 125864.207    12.207    -1.58    1.71
 126153.738    12.063    -0.50    1.67
 126443.253    11.683    -1.31    1.73
 126732.753    11.454    -0.79    1.64
 127022.237    11.297    -0.54    1.51
 127311.706    11.348     0.18    1.50
 127601.160    11.494     0.50    1.50
 127890.598    11.885     1.35    1.57
 128180.020    12.150     0.91    1.54
 128469.427    12.374     0.77    1.48
 128758.819    12.506     0.46    1.48
 129048.195    12.497    -0.03    1.49
 129337.556    12.724     0.78    1.65
 129626.901    13.282     1.93    2.21
 129916.231    13.468     0.64    2.38
 130205.545    13.692     0.77    2.46
 130494.844    13.992     1.04    2.43
 130784.128    14.207     0.75    2.24
 131073.396    14.285     0.27    2.07
 131362.649    14.077    -0.72    1.54
 131651.886    13.833    -0.84    1.67
 131941.108    13.628    -0.71    1.66
 132230.314    13.464    -0.57    1.46
 132519.505    13.294    -0.59    1.32
 132808.681    13.191    -0.36    1.38
 133097.841    13.020    -0.59    1.37
 133386.985    13.076     0.19    1.41
 133676.115    13.253     0.61    1.55
 133965.229    13.181    -0.25    1.69
 134254.327    13.312     0.45    1.84
 134543.410    13.729     1.44    2.09
 134832.478    13.613    -0.40    2.03
 135121.530    13.518    -0.33    1.73
 135410.567    13.464    -0.19    1.54
 135699.589    13.282    -0.63    1.43
 135988.595    13.240    -0.15    1.37
 136277.586    13.003    -0.82    1.27
 136566.562    12.959    -0.15    1.16
 136855.522    13.181     0.77    1.11
 137144.466    13.277     0.33    1.10
 137433.396    13.277     0.00    1.09
 137722.310    13.255    -0.08    1.09
 138011.208    13.356     0.35    1.14
 138300.092    13.390     0.12    1.08
 138588.960    13.320    -0.24    1.13
 138877.812    13.497     0.61    1.14
 139166.649    13.562     0.22    1.16
 139455.471    13.532    -0.10    1.27
 139744.278    13.539     0.02    1.22
 140033.069    13.494    -0.16    1.21
 140321.845    13.434    -0.21    1.16
 140610.605    13.449     0.05    1.20
 140899.351    13.341    -0.37    1.24
 141188.081    13.277    -0.22    1.18
 141476.795    13.063    -0.74    1.04
 141765.494    13.077     0.05    1.02
 142054.178    13.106     0.10    0.92
 142342.847    13.091    -0.05    0.94
 142631.500    13.240     0.52    0.85
 142920.138    13.163    -0.27    0.98
 143208.761    13.331     0.58    0.91
 143497.368    13.238    -0.32    1.08
 143785.961    13.341     0.36    1.17
 144074.537    13.300    -0.14    1.21
 144363.099    13.273    -0.09    1.27
 144651.645    13.488     0.75    1.25
 144940.176    13.712     0.78    1.33
 145228.692    13.700    -0.04    1.49
 145517.192    13.849     0.52    1.46
 145805.677    13.810    -0.13    1.40
 146094.147    13.885     0.26    1.41
 146382.602    13.972     0.30    1.44
 146671.041    13.885    -0.30    1.38
 146959.465    14.091     0.71    1.20
 147247.874    14.134     0.15    1.18
 147536.267    14.162     0.10    1.27
 147824.646    14.396     0.81    1.11
 148113.009    14.430     0.12    1.14
 148401.356    14.651     0.77    1.28
 148689.689    14.636    -0.05    1.41
 148978.006    14.944     1.07    1.49
 149266.308    15.196     0.87    1.44
 149554.595    15.526     1.15    1.56
 149842.867    15.892     1.27    1.69
 150131.123    15.977     0.30    1.60
 150419.364    16.150     0.60    1.43
 150707.590    16.046    -0.36    1.49
 150995.801    15.944    -0.35    1.45
 151283.996    15.864    -0.28    1.52
 151572.176    15.543    -1.11    1.35
 151860.341    15.458    -0.29    1.35
 152148.491    15.367    -0.32    1.31
 152436.626    15.400     0.12    1.32
 152724.745    15.470     0.24    1.39
 153012.849    15.455    -0.05    1.48
 153300.938    15.356    -0.34    1.50
 153589.012    15.151    -0.71    1.55
 153877.071    15.193     0.14    1.44
 154165.114    15.335     0.49    1.43
 154453.142    15.077    -0.89    1.20
 154741.155    15.106     0.10    1.03
 155029.153    15.091    -0.05    1.21
 155317.136    15.121     0.10    1.17
 155605.103    15.167     0.16    1.20
 155893.056    15.222     0.19    1.25
 156180.993    15.363     0.49    1.27
 156468.915    15.569     0.71    1.42
 156756.822    15.665     0.33    1.32
 157044.713    15.827     0.56    1.27
 157332.590    15.798    -0.10    1.36
 157620.451    15.650    -0.51    1.39
 157908.298    15.439    -0.73    1.29
 158196.129    15.356    -0.29    1.36
 158483.945    15.192    -0.57    1.34
 158771.745    15.150    -0.15    1.43
 159059.531    15.297     0.51    1.43
 159347.302    15.360     0.22    1.30
 159635.057    15.312    -0.17    1.31
 159922.797    15.539     0.79    1.32
 160210.522    15.503    -0.12    1.32
 160498.232    15.642     0.48    1.33
 160785.927    15.758     0.40    1.16
 161073.607    15.735    -0.08    1.19
 161361.272    15.763     0.10    1.24
 161648.921    15.712    -0.18    1.23
 161936.556    15.827     0.40    1.35
 162224.175    16.031     0.71    1.32
 162511.779    16.106     0.26    1.30
 162799.369    16.164     0.20    1.35
 163086.943    16.338     0.60    1.52
 163374.502    16.782     1.55    2.22
 163662.045    16.882     0.35    2.19
 163949.574    17.047     0.57    2.20
 164237.088    17.242     0.68    2.16
 164524.586    17.268     0.09    2.13
 164812.070    17.238    -0.10    2.14
 165099.538    17.076    -0.56    1.83
 165386.992    16.937    -0.48    1.35
 165674.430    16.692    -0.85    1.32
 165961.853    16.733     0.14    1.27
 166249.262    16.753     0.07    1.26
 166536.655    16.837     0.29    1.27
 166824.033    16.753    -0.29    1.26
 167111.396    16.895     0.49    1.37
 167398.744    16.889    -0.02    1.29
 167686.077    16.920     0.11    1.31
 167973.395    16.897    -0.08    1.23
 168260.697    16.837    -0.21    1.25
 168547.985    16.879     0.14    1.17
 168835.258    16.924     0.16    1.20
 169122.516    16.860    -0.22    1.09
 169409.758    16.974     0.40    1.13
 169696.986    17.106     0.46    0.98
 169984.199    17.149     0.15    1.00
 170271.396    17.047    -0.35    0.93
 170558.579    16.988    -0.20    0.94
 170845.746    16.882    -0.37    1.01
 171132.899    16.733    -0.52    0.92
 171420.037    16.692    -0.14    0.89
 171707.159    16.671    -0.07    0.92
 171994.267    16.726     0.19    0.88
 172281.359    16.782     0.20    1.00
 172568.437    16.768    -0.05    0.94
 172855.499    16.833     0.23    0.92
 173142.547    16.985     0.53    1.03
 173429.579    17.047     0.22    1.05
 173716.597    17.224     0.61    1.02
 174003.600    17.177    -0.16    1.00
 174290.587    17.249     0.25    1.08
 174577.560    17.178    -0.25    1.09
 174864.517    17.193     0.05    1.11
 175151.460    17.181    -0.04    1.11
 175438.388    17.282     0.35    1.26
 175725.301    17.258    -0.09    1.13
 176012.198    17.367     0.38    1.12
 176299.081    17.377     0.04    1.10
 176585.949    17.312    -0.23    0.99
 176872.802    17.268    -0.15    0.80
 177159.640    17.390     0.42    0.88
 177446.463    17.394     0.01    0.89
 177733.271    17.400     0.02    0.92
 178020.064    17.424     0.08    0.91
 178306.843    17.430     0.02    0.91
 178593.606    17.512     0.29    0.94
 178880.354    17.454    -0.20    0.92
 179167.088    17.584     0.45    0.96
 179456.615    17.568    -0.06    1.43
 179746.587    17.238    -1.14    1.89
 180036.543    16.829    -1.41    2.30
 180326.485    16.410    -1.44    2.55
 180616.411    15.820    -2.03    2.94
 180906.321    15.449    -1.28    3.15
 181196.216    14.988    -1.59    3.14
 181486.096    14.561    -1.48    3.27
 181775.961    14.212    -1.20    3.50
 182065.810    13.827    -1.33    3.30
 182355.644    13.348    -1.65    2.74
 182645.463    12.889    -1.59    2.36
 182935.267    12.277    -2.11    1.55
 183225.055    12.320     0.15    1.45
 183514.828    12.253    -0.23    1.42
 183804.585    12.258     0.02    1.43
 184094.328    12.165    -0.32    1.44
 184384.055    12.356     0.66    1.32
 184673.766    12.506     0.52    1.10
 184963.463    12.402    -0.36    1.11
 185253.144    12.268    -0.46    1.19
 185542.810    12.135    -0.46    1.27
 185832.461    11.955    -0.62    1.28
 186122.096    11.864    -0.31    1.25
 186411.716    11.577    -0.99    1.18
 186701.321    11.415    -0.56    1.31
 186990.911    11.425     0.04    1.39
 187280.485    11.406    -0.07    1.44
 187570.044    11.454     0.17    1.54
 187859.588    11.238    -0.74    1.65
 188149.117    11.258     0.07    1.65
 188438.630    11.488     0.80    1.68
 188728.128    12.019     1.83    1.52
 189017.611    12.335     1.09    1.31
 189307.079    12.563     0.79    1.05
 189596.531    12.742     0.62    0.89
 189885.969    12.768     0.09    0.96
 190175.391    12.591    -0.61    0.92
 190464.798    12.455    -0.47    0.97
 190754.189    12.338    -0.40    1.00
 191043.566    12.225    -0.39    1.05
 191332.927    12.177    -0.17    1.12
 191622.273    12.077    -0.35    1.05
 191911.603    12.045    -0.11    0.99
 192200.919    12.062     0.06    0.98
 192490.219    12.136     0.26    1.00
 192779.505    12.135    -0.00    0.96
 193068.775    12.165     0.10    0.93
 193358.029    12.263     0.34    0.96
 193647.269    12.410     0.51    1.00
 193936.493    12.419     0.03    1.06
 194225.703    12.518     0.34    1.10
 194514.897    12.621     0.36    1.17
 194804.076    12.738     0.41    1.13
 195093.239    12.620    -0.41    1.02
 195382.388    12.822     0.70    1.06
 195671.521    12.974     0.52    1.04
 195960.640    13.046     0.25    0.97
 196249.743    13.181     0.46    0.89
 196538.831    13.076    -0.36    0.94
 196827.903    13.003    -0.25    0.92
 197116.961    12.942    -0.21    0.93
 197406.004    13.030     0.31    0.88
 197695.031    13.006    -0.08    0.95
 197984.043    13.005    -0.01    0.93
 198273.040    13.030     0.09    1.03
 198562.022    13.121     0.31    1.01
 198850.989    13.229     0.37    0.98
 199139.941    13.294     0.23    0.94
 199428.877    13.555     0.90    1.02
 199717.799    13.700     0.50    0.99
 200006.705    13.822     0.42    1.07
 200295.596    13.691    -0.46    1.18
 200584.472    13.547    -0.50    1.33
 200873.333    13.521    -0.09    1.26
 201162.179    13.425    -0.33    1.23
 201451.010    13.292    -0.46    1.01
 201739.825    13.211    -0.28    0.92
 202028.626    13.330     0.41    0.92
 202317.411    13.545     0.75    0.96
 202606.182    13.606     0.21    0.93
 202894.937    13.709     0.36    0.99
 203183.677    13.829     0.42    1.04
 203472.402    13.903     0.26    1.11
 203761.112    14.077     0.60    1.19
 204049.807    14.206     0.45    1.19
 204338.487    14.400     0.67    1.02
 204627.152    14.439     0.14    1.03
 204915.802    14.635     0.68    0.91
 205204.437    14.673     0.13    0.96
 205493.056    14.606    -0.23    1.03
 205781.661    14.669     0.22    1.12
 206070.250    14.474    -0.68    1.28
 206358.825    14.341    -0.46    1.43
 206647.384    14.136    -0.71    1.55
 206935.929    14.061    -0.26    1.56
 207224.458    14.166     0.36    1.62
 207512.972    14.390     0.78    1.53
 207801.471    14.692     1.05    1.55
 208089.956    14.808     0.40    1.37
 208378.425    15.007     0.69    1.17
 208666.879    15.076     0.24    1.10
 208955.318    14.879    -0.68    1.13
 209243.742    14.709    -0.59    1.17
 209532.151    14.688    -0.07    1.13
 209820.545    14.763     0.26    1.13
 210108.924    14.706    -0.20    1.22
 210397.288    14.555    -0.52    1.27
 210685.637    14.591     0.12    1.23
 210973.971    14.643     0.18    1.23
 211262.290    14.782     0.48    1.30
 211550.594    14.818     0.12    1.17
 211838.883    14.782    -0.12    1.14
 212127.157    15.020     0.82    1.05
 212415.416    15.151     0.45    0.98
 212703.660    15.106    -0.16    0.96
 212991.889    15.060    -0.16    0.94
 213280.104    15.106     0.16    0.99
 213568.303    15.121     0.05    0.91
 213856.487    15.303     0.63    0.95
 214144.656    15.454     0.52    1.00
 214432.810    15.635     0.63    0.91
 214720.949    15.720     0.30    0.89
 215009.074    15.782     0.22    0.91
 215297.183    15.778    -0.02    0.89
 215585.277    15.694    -0.29    0.93
 215873.356    15.530    -0.57    0.86
 216161.421    15.477    -0.18    0.95
 216449.470    15.543     0.23    0.97
 216737.505    15.591     0.17    0.98
 217025.524    15.554    -0.13    0.93
 217313.529    15.673     0.41    0.94
 217601.519    15.712     0.14    1.02
 217889.494    15.748     0.12    1.03
 218177.453    15.818     0.24    1.05
 218465.398    15.822     0.01    1.04
 218753.328    15.897     0.26    1.07
 219041.243    15.920     0.08    1.04
 219329.144    16.047     0.44    1.14
 219617.029    16.167     0.41    1.08
 219904.899    16.400     0.81    1.15
 220192.754    16.539     0.48    1.14
 220480.595    16.642     0.36    1.15
 220768.421    16.758     0.40    1.15
 221056.231    16.812     0.19    1.11
 221344.027    16.808    -0.02    1.13
 221631.808    16.879     0.25    1.11
 221919.574    16.988     0.38    1.07
 222207.325    17.091     0.36    0.94
 222495.061    17.077    -0.05    0.93
 222782.782    17.106     0.10    0.95
 223070.489    17.045    -0.21    0.99
 223358.181    17.077     0.11    0.92
 223645.857    17.092     0.05    0.99
 223933.519    17.152     0.21    1.02
 224221.166    17.165     0.04    1.08
 224508.798    17.294     0.45    1.28
 224796.415    17.312     0.06    1.20
 225084.018    17.613     1.05    1.18
 225371.605    17.763     0.52    1.34
 225659.178    17.768     0.02    1.37
 225946.736    18.015     0.86    1.33
 226234.278    17.944    -0.25    1.25
 226521.807    17.921    -0.08    1.18
 226809.320    17.894    -0.10    1.25
 227096.818    17.976     0.28    1.21
 227384.302    18.151     0.61    1.16
 227671.771    18.106    -0.16    1.12
 227959.224    18.207     0.35    1.20
 228246.664    18.364     0.54    1.35
 228534.088    18.455     0.32    1.41
 228821.497    18.364    -0.32    1.45
 229108.892    18.323    -0.14    1.49
 229396.272    18.371     0.16    1.52
 229683.637    18.420     0.17    1.49
 229970.987    18.164    -0.89    1.36
 230258.322    18.121    -0.15    1.38
 230545.643    18.077    -0.15    1.33
 230832.948    18.075    -0.01    1.38
 231120.239    18.046    -0.10    1.28
 231407.515    17.977    -0.24    1.19
 231694.777    18.005     0.09    1.13
 231982.023    17.992    -0.04    1.08
 232269.255    18.061     0.24    1.13
 232556.472    18.076     0.05    1.10
 232843.674    18.075    -0.00    1.10
 233130.862    18.182     0.37    1.24
 233418.034    18.121    -0.21    1.21
 233705.192    18.135     0.05    1.26
 233992.335    18.363     0.79    1.16
 234279.464    18.385     0.08    1.14
 234566.577    18.606     0.77    1.16
 234853.676    18.803     0.69    0.94
 235140.760    19.000     0.69    0.95
 235427.829    19.047     0.16    0.91
 235714.884    19.046    -0.00    0.94
 236001.924    19.020    -0.09    0.91
 236288.949    18.920    -0.35    1.01
 236575.959    18.738    -0.63    1.06
 236862.955    18.562    -0.61    1.08
 237149.935    18.449    -0.39    1.14
 237436.901    18.444    -0.02    1.10
 237723.853    18.506     0.22    1.22
 238010.789    18.599     0.32    1.24
 238297.711    18.758     0.56    1.34
 238584.618    19.015     0.90    1.39
 238871.511    19.280     0.92    1.32
 239158.389    19.459     0.62    1.27
 239445.252    19.568     0.38    1.23
 239732.100    19.650     0.29    1.26
 240018.933    19.527    -0.43    1.28
 240305.752    19.537     0.04    1.24
 240592.556    19.606     0.24    1.22
