#  238.063  -3.943  16.101 ;Mean Elev.(m), Avg Gradient(m/km), RMS Gradient(m/km) - SRTM1     
#  215.309  -4.091  17.624 ;Mean Elev.(m), Avg Gradient(m/km), RMS Gradient(m/km) - ASTER GDEM
#  238.402  -3.888  16.153 ;Mean Elev.(m), Avg Gradient(m/km), RMS Gradient(m/km) - GMTED2010 
   1   234.568 54666.40885679 49.11 306.608054 -22.817457   -100 -100.00 -100.00 -100.00
   1   234.394 54666.40885738 50.79 306.609139 -22.815004   -100 -100.00 -100.00 -100.00
   1   234.423 54666.40885797 53.19 306.610224 -22.812550   -100 -100.00 -100.00 -100.00
   1   234.325 54666.40885856 52.32 306.611309 -22.810097  4.138 -100.00 -100.00 -100.00
   1   234.406 54666.40885915 54.38 306.612394 -22.807643   -100 -100.00 -100.00 -100.00
   1   234.380 54666.40885974 54.82 306.613479 -22.805190  4.155 -100.00 -100.00 -100.00
   2   297.758 54676.32450034 17.56 306.606417 -22.819648 12.172 -100.00 -100.00 -100.00
   2   302.728 54676.32450093 20.73 306.607502 -22.817195  8.835 -100.00 -100.00 -100.00
   2   303.782 54676.32450152 23.57 306.608587 -22.814741  9.767 -100.00 -100.00 -100.00
   2   304.856 54676.32450211 28.76 306.609671 -22.812288 13.388 -100.00 -100.00 -100.00
   2   306.608 54676.32450270 25.68 306.610756 -22.809834 25.820 -100.00 -100.00 -100.00
   2   302.828 54676.32450329 29.25 306.611841 -22.807381  8.016 -100.00 -100.00 -100.00
   2   299.900 54676.32450388 31.33 306.612926 -22.804927   -100 -100.00 -100.00 -100.00
   6   296.348 54715.98707663  7.69 306.611507 -22.815210  7.635 -100.00 -100.00 -100.00
   6   282.522 54715.98707722 10.12 306.612592 -22.812756 11.095 -100.00 -100.00 -100.00
   6   282.007 54715.98707781  7.15 306.613677 -22.810303  8.618 -100.00 -100.00 -100.00
   6   297.023 54715.98707840  0.59 306.614762 -22.807849  4.139 -100.00 -100.00 -100.00
   9   301.559 54745.73401946 17.72 306.596825 -22.824585  8.645 -100.00 -100.00 -100.00
   9   306.576 54745.73402005 19.30 306.597910 -22.822132  8.071 -100.00 -100.00 -100.00
   9   308.203 54745.73402064 23.82 306.598995 -22.819679 19.433 -100.00 -100.00 -100.00
   9   307.641 54745.73402123 20.13 306.600080 -22.817225 32.678 -100.00 -100.00 -100.00
   9   301.512 54745.73402182 11.51 306.601165 -22.814772 14.961 -100.00 -100.00 -100.00
  10   298.767 54755.64966666 16.64 306.596059 -22.825211  9.416 -100.00 -100.00 -100.00
  10   299.885 54755.64966725 19.54 306.597144 -22.822758 11.618 -100.00 -100.00 -100.00
  10   300.992 54755.64966784 22.69 306.598229 -22.820304 10.025 -100.00 -100.00 -100.00
  10   305.244 54755.64966843 24.60 306.599314 -22.817851  9.637 -100.00 -100.00 -100.00
  10   306.894 54755.64966902 29.62 306.600399 -22.815397 21.471 -100.00 -100.00 -100.00
  11   234.200 54765.56531246 37.28 306.596430 -22.826208 26.242 -100.00 -100.00 -100.00
  11   234.110 54765.56531305 37.09 306.597515 -22.823755 24.728 -100.00 -100.00 -100.00
  11   234.072 54765.56531364 36.72 306.598600 -22.821302 25.739 -100.00 -100.00 -100.00
  11   234.278 54765.56531423 41.51 306.599686 -22.818848   -100 -100.00 -100.00 -100.00
  11   234.195 54765.56531482 42.00 306.600771 -22.816395   -100 -100.00 -100.00 -100.00
  11   234.335 54765.56531542 43.73 306.601856 -22.813941   -100 -100.00 -100.00 -100.00
  12   301.803 54775.48095578  7.94 306.597632 -22.824859  5.943 -100.00 -100.00 -100.00
  12   312.628 54775.48095637  4.34 306.598717 -22.822405  4.205 -100.00 -100.00 -100.00
  12   313.042 54775.48095696  3.16 306.599803 -22.819952  3.833 -100.00 -100.00 -100.00
  12   313.891 54775.48095755  2.58 306.600888 -22.817499  3.344 -100.00 -100.00 -100.00
  12   313.695 54775.48095814  1.67 306.601973 -22.815045  2.598 -100.00 -100.00 -100.00
  12   313.348 54775.48095873  0.44 306.603058 -22.812592  2.237 -100.00 -100.00 -100.00
  13   302.806 54785.39659597 19.63 306.597460 -22.825332  8.769 -100.00 -100.00 -100.00
  13   304.085 54785.39659656 22.79 306.598545 -22.822879 10.294 -100.00 -100.00 -100.00
  13   301.330 54785.39659715 29.04 306.599631 -22.820426 16.417 -100.00 -100.00 -100.00
  13   298.684 54785.39659774 28.97 306.600716 -22.817973   -100 -100.00 -100.00 -100.00
  13   299.718 54785.39659833 22.60 306.601801 -22.815519   -100 -100.00 -100.00 -100.00
  13   296.960 54785.39659892 18.51 306.602886 -22.813066 27.535 -100.00 -100.00 -100.00
  14   308.287 54795.31223489  2.15 306.598852 -22.824190  4.361 -100.00 -100.00 -100.00
  14   309.282 54795.31223548  0.95 306.599937 -22.821737  4.283 -100.00 -100.00 -100.00
  15   308.387 54805.22787380  4.02 306.603827 -22.820420  6.751 -100.00 -100.00 -100.00
  15   289.255 54805.22787439  8.61 306.604912 -22.817967  9.769 -100.00 -100.00 -100.00
  15   294.070 54805.22787498  8.18 306.605997 -22.815514  9.436 -100.00 -100.00 -100.00
  15   295.552 54805.22787557 11.58 306.607082 -22.813060 13.244 -100.00 -100.00 -100.00
  15   300.161 54805.22787616 14.70 306.608167 -22.810607 19.510 -100.00 -100.00 -100.00
  15   305.577 54805.22787675 17.50 306.609252 -22.808153  7.314 -100.00 -100.00 -100.00
  16   312.498 54815.14351212  9.54 306.609452 -22.817135 14.529 -100.00 -100.00 -100.00
  16   307.262 54815.14351272 10.64 306.610537 -22.814681 15.353 -100.00 -100.00 -100.00
  16   310.389 54815.14351331  9.82 306.611622 -22.812228 12.509 -100.00 -100.00 -100.00
  16   312.120 54815.14351390 10.36 306.612706 -22.809774 14.098 -100.00 -100.00 -100.00
  16   307.572 54815.14351449 10.19 306.613791 -22.807321 13.550 -100.00 -100.00 -100.00
  17   280.255 54825.05915819 28.78 306.609430 -22.817328 24.187 -100.00 -100.00 -100.00
  17   280.851 54825.05915878 31.73 306.610515 -22.814874   -100 -100.00 -100.00 -100.00
  17   279.770 54825.05915937 18.72 306.611600 -22.812420   -100 -100.00 -100.00 -100.00
  17   280.411 54825.05915996 18.87 306.612685 -22.809967   -100 -100.00 -100.00 -100.00
  17   280.083 54825.05916055 27.67 306.613770 -22.807513 19.685 -100.00 -100.00 -100.00
  19   247.354 54844.89044548 20.93 306.598365 -22.825105  9.767 -100.00 -100.00 -100.00
  19   233.650 54844.89044607 22.80 306.599450 -22.822652 14.248 -100.00 -100.00 -100.00
  19   233.577 54844.89044666 23.32 306.600535 -22.820198 14.225 -100.00 -100.00 -100.00
  19   233.999 54844.89044725 22.98 306.601621 -22.817744 12.603 -100.00 -100.00 -100.00
  19   233.692 54844.89044784 24.59 306.602706 -22.815291 18.869 -100.00 -100.00 -100.00
  19   233.899 54844.89044843 25.14 306.603791 -22.812837 19.968 -100.00 -100.00 -100.00
  20   307.357 54854.80609471  1.44 306.596014 -22.825394  4.375 -100.00 -100.00 -100.00
  20   312.619 54854.80609531  0.71 306.597099 -22.822940  4.146 -100.00 -100.00 -100.00
  21   234.371 54864.72174409 51.97 306.595523 -22.825458 11.056 -100.00 -100.00 -100.00
  21   234.249 54864.72174469 52.05 306.596609 -22.823004 12.780 -100.00 -100.00 -100.00
  21   234.409 54864.72174528 52.50 306.597694 -22.820550  3.837 -100.00 -100.00 -100.00
  21   234.383 54864.72174587 54.86 306.598779 -22.818096  9.758 -100.00 -100.00 -100.00
  21   234.212 54864.72174646 54.08 306.599864 -22.815642   -100 -100.00 -100.00 -100.00
  23   235.476 54884.55303976 45.01 306.595992 -22.824283   -100 -100.00 -100.00 -100.00
  23   235.364 54884.55304035 47.65 306.597077 -22.821829   -100 -100.00 -100.00 -100.00
  23   235.262 54884.55304094 47.08 306.598162 -22.819375   -100 -100.00 -100.00 -100.00
  23   235.231 54884.55304153 45.15 306.599248 -22.816921   -100 -100.00 -100.00 -100.00
  23   235.162 54884.55304212 38.84 306.600333 -22.814468 29.154 -100.00 -100.00 -100.00
  24   235.035 54894.46868209 41.36 306.594399 -22.825179 31.250 -100.00 -100.00 -100.00
  24   234.950 54894.46868268 43.55 306.595484 -22.822725   -100 -100.00 -100.00 -100.00
  24   235.082 54894.46868327 44.80 306.596569 -22.820271   -100 -100.00 -100.00 -100.00
  24   235.168 54894.46868386 44.92 306.597654 -22.817817   -100 -100.00 -100.00 -100.00
  25   313.035 54904.38432162  1.01 306.592653 -22.825385  5.698 -100.00 -100.00 -100.00
  25   318.901 54904.38432221  0.35 306.593738 -22.822932  4.753 -100.00 -100.00 -100.00
  25   316.861 54904.38432280  0.39 306.594824 -22.820478  7.048 -100.00 -100.00 -100.00
  26   299.005 54914.29995969 20.80 306.592479 -22.825905 18.600 -100.00 -100.00 -100.00
  26   292.459 54914.29996028 24.64 306.593564 -22.823451 22.615 -100.00 -100.00 -100.00
  26   305.844 54914.29996087 25.99 306.594650 -22.820997 23.380 -100.00 -100.00 -100.00
  26   287.245 54914.29996146 26.12 306.595735 -22.818544   -100 -100.00 -100.00 -100.00
  27   236.006 54924.21559759 30.49 306.594782 -22.824924 30.366 -100.00 -100.00 -100.00
  27   235.820 54924.21559818 28.41 306.595868 -22.822470 23.223 -100.00 -100.00 -100.00
  27   235.651 54924.21559877 28.36 306.596953 -22.820016 25.121 -100.00 -100.00 -100.00
  27   235.542 54924.21559936 28.22 306.598038 -22.817563 22.766 -100.00 -100.00 -100.00
  28   234.600 54934.13123481 42.91 306.598757 -22.824237 27.402 -100.00 -100.00 -100.00
  28   234.367 54934.13123540 48.11 306.599843 -22.821784   -100 -100.00 -100.00 -100.00
  28   234.386 54934.13123599 52.23 306.600928 -22.819330   -100 -100.00 -100.00 -100.00
  28   234.130 54934.13123658 54.02 306.602013 -22.816876 14.464 -100.00 -100.00 -100.00
  28   234.468 54934.13123717 52.77 306.603098 -22.814422   -100 -100.00 -100.00 -100.00
  28   234.465 54934.13123776 55.46 306.604183 -22.811969   -100 -100.00 -100.00 -100.00
  30   234.006 54953.96250537 51.01 306.611274 -22.814824   -100 -100.00 -100.00 -100.00
  30   233.959 54953.96250596 53.75 306.612359 -22.812371   -100 -100.00 -100.00 -100.00
  30   234.098 54953.96250655 53.59 306.613444 -22.809917   -100 -100.00 -100.00 -100.00
  30   234.134 54953.96250714 54.51 306.614529 -22.807463   -100 -100.00 -100.00 -100.00
  31   234.334 54963.87814903 46.06 306.607360 -22.819024   -100 -100.00 -100.00 -100.00
  31   234.393 54963.87814962 48.75 306.608446 -22.816570   -100 -100.00 -100.00 -100.00
  31   234.151 54963.87815021 48.97 306.609531 -22.814116   -100 -100.00 -100.00 -100.00
  31   234.267 54963.87815080 48.23 306.610617 -22.811663   -100 -100.00 -100.00 -100.00
  31   234.221 54963.87815139 51.07 306.611702 -22.809209 10.691 -100.00 -100.00 -100.00
  31   234.320 54963.87815198 47.56 306.612787 -22.806755   -100 -100.00 -100.00 -100.00
  32   235.244 54973.79379661 44.99 306.603641 -22.821055 25.320 -100.00 -100.00 -100.00
  32   235.176 54973.79379720 44.51 306.604726 -22.818601   -100 -100.00 -100.00 -100.00
  32   234.948 54973.79379779 43.77 306.605812 -22.816147   -100 -100.00 -100.00 -100.00
  32   234.895 54973.79379838 41.40 306.606897 -22.813693   -100 -100.00 -100.00 -100.00
  32   234.940 54973.79379897 38.53 306.607982 -22.811240 28.580 -100.00 -100.00 -100.00
  32   234.812 54973.79379956 38.25 306.609067 -22.808786   -100 -100.00 -100.00 -100.00
  33   304.558 54983.70944392  3.44 306.602205 -22.822897  8.111 -100.00 -100.00 -100.00
  33   303.754 54983.70944451  3.25 306.603291 -22.820443  8.579 -100.00 -100.00 -100.00
  33   288.960 54983.70944510  4.47 306.604376 -22.817990 11.023 -100.00 -100.00 -100.00
  33   302.495 54983.70944569  2.65 306.605461 -22.815536  8.966 -100.00 -100.00 -100.00
  33   302.126 54983.70944628  1.78 306.606547 -22.813082  7.940 -100.00 -100.00 -100.00
  33   299.162 54983.70944687  3.23 306.607632 -22.810628  9.971 -100.00 -100.00 -100.00
  33   299.022 54983.70944746  1.94 306.608717 -22.808175  8.338 -100.00 -100.00 -100.00
  42   234.753 55072.95023071 49.11 306.609217 -22.816760   -100 -100.00 -100.00 -100.00
  42   234.667 55072.95023131 51.76 306.610302 -22.814307   -100 -100.00 -100.00 -100.00
  42   234.619 55072.95023190 48.98 306.611387 -22.811853   -100 -100.00 -100.00 -100.00
  42   234.597 55072.95023249 52.19 306.612472 -22.809400   -100 -100.00 -100.00 -100.00
  42   234.446 55072.95023308 52.90 306.613557 -22.806946   -100 -100.00 -100.00 -100.00
  43   234.948 55082.86587948 22.82 306.606099 -22.813126 10.958 -100.00 -100.00 -100.00
  43   234.532 55082.86588007 26.33 306.607184 -22.810672 18.849 -100.00 -100.00 -100.00
  43   234.348 55082.86588066 27.67 306.608269 -22.808219 22.451 -100.00 -100.00 -100.00
  44   300.279 55092.78152338 17.27 306.597421 -22.825267 18.186 -100.00 -100.00 -100.00
  44   298.169 55092.78152397  9.42 306.598506 -22.822813  6.939 -100.00 -100.00 -100.00
  44   291.637 55092.78152456 16.56 306.599591 -22.820360 21.874 -100.00 -100.00 -100.00
  44   300.353 55092.78152515  4.80 306.600676 -22.817907  5.483 -100.00 -100.00 -100.00
  44   290.560 55092.78152574  6.47 306.601762 -22.815453  7.547 -100.00 -100.00 -100.00
  44   298.631 55092.78152633  4.00 306.602847 -22.813000  4.583 -100.00 -100.00 -100.00
  45   235.272 55102.69717000 18.34 306.595861 -22.826467  7.439 -100.00 -100.00 -100.00
  45   235.241 55102.69717059 19.26 306.596946 -22.824014  7.725 -100.00 -100.00 -100.00
  45   235.089 55102.69717118 20.20 306.598031 -22.821561  8.204 -100.00 -100.00 -100.00
  45   235.209 55102.69717177 20.50 306.599117 -22.819107  8.620 -100.00 -100.00 -100.00
  45   234.866 55102.69717236 22.86 306.600202 -22.816654 12.436 -100.00 -100.00 -100.00
  45   235.063 55102.69717295 23.87 306.601287 -22.814200 12.572 -100.00 -100.00 -100.00
  54   314.491 55191.93794596 18.54 306.607957 -22.818767 14.144 -100.00 -100.00 -100.00
  54   294.144 55191.93794655 19.67 306.609042 -22.816313 16.126 -100.00 -100.00 -100.00
  54   291.379 55191.93794714 21.84 306.610127 -22.813859 19.327 -100.00 -100.00 -100.00
  54   288.894 55191.93794773 21.92 306.611212 -22.811406 21.885 -100.00 -100.00 -100.00
  54   294.026 55191.93794832 22.45 306.612297 -22.808952 24.773 -100.00 -100.00 -100.00
  54   302.967 55191.93794891 20.62 306.613382 -22.806498 18.933 -100.00 -100.00 -100.00
  55   291.861 55201.85359487 18.38 306.601268 -22.823703 14.063 -100.00 -100.00 -100.00
  55   313.545 55201.85359546 20.74 306.602353 -22.821249 16.731 -100.00 -100.00 -100.00
  55   290.397 55201.85359605 21.79 306.603438 -22.818795 17.991 -100.00 -100.00 -100.00
  55   287.648 55201.85359664 23.55 306.604523 -22.816341 23.077 -100.00 -100.00 -100.00
  55   292.511 55201.85359723 23.04 306.605608 -22.813888 24.768 -100.00 -100.00 -100.00
  55   301.608 55201.85359782 27.60 306.606693 -22.811434 26.828 -100.00 -100.00 -100.00
  55   305.738 55201.85359841 23.45 306.607778 -22.808980 21.978 -100.00 -100.00 -100.00
  56   305.135 55211.76924426  8.65 306.597542 -22.825440  3.004 -100.00 -100.00 -100.00
  56   303.759 55211.76924485  7.63 306.598627 -22.822986  3.523 -100.00 -100.00 -100.00
  56   308.047 55211.76924544  6.03 306.599712 -22.820532  2.842 -100.00 -100.00 -100.00
  56   308.491 55211.76924603  4.86 306.600797 -22.818078  3.134 -100.00 -100.00 -100.00
  56   308.090 55211.76924662  5.18 306.601882 -22.815625  3.749 -100.00 -100.00 -100.00
  56   281.717 55211.76924722  8.50 306.602967 -22.813171  5.963 -100.00 -100.00 -100.00
  57   312.114 55221.68489380 19.16 306.596837 -22.825529 15.029 -100.00 -100.00 -100.00
  57   292.897 55221.68489439 21.71 306.597923 -22.823075 19.522 -100.00 -100.00 -100.00
  57   290.447 55221.68489498 22.89 306.599008 -22.820622 23.075 -100.00 -100.00 -100.00
  57   287.984 55221.68489557 25.54 306.600093 -22.818168 23.805 -100.00 -100.00 -100.00
  57   292.976 55221.68489616 26.95 306.601178 -22.815714 23.375 -100.00 -100.00 -100.00
  57   298.210 55221.68489675 29.01 306.602263 -22.813260 24.852 -100.00 -100.00 -100.00
  67   234.695 55320.84130514 44.05 306.602211 -22.822312   -100 -100.00 -100.00 -100.00
  67   234.565 55320.84130573 47.14 306.603296 -22.819858   -100 -100.00 -100.00 -100.00
  67   234.640 55320.84130632 48.00 306.604382 -22.817404   -100 -100.00 -100.00 -100.00
  67   234.712 55320.84130691 45.34 306.605467 -22.814950   -100 -100.00 -100.00 -100.00
  67   234.595 55320.84130750 47.81 306.606552 -22.812496   -100 -100.00 -100.00 -100.00
  67   234.707 55320.84130809 50.05 306.607638 -22.810042   -100 -100.00 -100.00 -100.00
  67   234.701 55320.84130868 47.85 306.608723 -22.807589   -100 -100.00 -100.00 -100.00
  68   234.598 55330.75694928 21.14 306.600162 -22.823208 10.066 -100.00 -100.00 -100.00
  68   234.423 55330.75694987 23.08 306.601247 -22.820754 12.497 -100.00 -100.00 -100.00
  68   234.413 55330.75695046 24.84 306.602333 -22.818300 16.879 -100.00 -100.00 -100.00
  68   234.665 55330.75695105 25.33 306.603418 -22.815846 18.810 -100.00 -100.00 -100.00
  68   234.724 55330.75695164 26.50 306.604503 -22.813393 21.373 -100.00 -100.00 -100.00
  68   235.048 55330.75695223 24.91 306.605589 -22.810939 14.465 -100.00 -100.00 -100.00
  77   234.603 55419.99772908 46.43 306.608500 -22.818330   -100 -100.00 -100.00 -100.00
  77   234.631 55419.99772967 48.87 306.609585 -22.815876   -100 -100.00 -100.00 -100.00
  77   234.651 55419.99773026 44.60 306.610670 -22.813423   -100 -100.00 -100.00 -100.00
  77   234.654 55419.99773085 42.27 306.611755 -22.810969   -100 -100.00 -100.00 -100.00
  77   234.487 55419.99773144 38.17 306.612840 -22.808516   -100 -100.00 -100.00 -100.00
  77   234.401 55419.99773203 33.14 306.613925 -22.806062   -100 -100.00 -100.00 -100.00
  78   233.985 55429.91337512 42.93 306.603913 -22.820680   -100 -100.00 -100.00 -100.00
  78   234.096 55429.91337571 40.09 306.604999 -22.818227   -100 -100.00 -100.00 -100.00
  78   233.947 55429.91337630 41.24 306.606084 -22.815773   -100 -100.00 -100.00 -100.00
  78   234.053 55429.91337689 41.27 306.607169 -22.813320   -100 -100.00 -100.00 -100.00
  78   233.916 55429.91337748 43.21 306.608254 -22.810866   -100 -100.00 -100.00 -100.00
  78   234.001 55429.91337807 45.08 306.609339 -22.808413   -100 -100.00 -100.00 -100.00
  80   234.161 55449.74466183 36.27 306.597344 -22.825721   -100 -100.00 -100.00 -100.00
  80   235.437 55449.74466242 37.15 306.598429 -22.823267 15.623 -100.00 -100.00 -100.00
  80   234.588 55449.74466301 39.91 306.599514 -22.820814 32.680 -100.00 -100.00 -100.00
  80   234.205 55449.74466360 47.05 306.600599 -22.818360  3.790 -100.00 -100.00 -100.00
  80   234.116 55449.74466420 48.31 306.601684 -22.815907   -100 -100.00 -100.00 -100.00
  80   234.288 55449.74466479 47.17 306.602769 -22.813453   -100 -100.00 -100.00 -100.00
  89   297.769 55538.98544428 23.92 306.603935 -22.820862 20.558 -100.00 -100.00 -100.00
  89   302.614 55538.98544487 25.10 306.605020 -22.818409 10.966 -100.00 -100.00 -100.00
  89   307.300 55538.98544546 27.75 306.606105 -22.815955 13.155 -100.00 -100.00 -100.00
  89   304.886 55538.98544605 28.66 306.607190 -22.813502 32.508 -100.00 -100.00 -100.00
  89   301.293 55538.98544664 26.71 306.608275 -22.811048   -100 -100.00 -100.00 -100.00
  89   299.719 55538.98544723 29.76 306.609360 -22.808594   -100 -100.00 -100.00 -100.00
  90   234.996 55548.90108907 45.69 306.602031 -22.822852 30.499 -100.00 -100.00 -100.00
  90   234.977 55548.90108966 49.77 306.603116 -22.820398   -100 -100.00 -100.00 -100.00
  90   234.852 55548.90109025 51.19 306.604201 -22.817945   -100 -100.00 -100.00 -100.00
  90   234.740 55548.90109084 52.45 306.605286 -22.815491   -100 -100.00 -100.00 -100.00
  90   234.787 55548.90109143 53.93 306.606371 -22.813037   -100 -100.00 -100.00 -100.00
  90   234.755 55548.90109203 53.32 306.607456 -22.810584   -100 -100.00 -100.00 -100.00
  90   234.797 55548.90109262 50.92 306.608541 -22.808130   -100 -100.00 -100.00 -100.00
  91   234.773 55558.81673258 45.42 306.600081 -22.823650 25.051 -100.00 -100.00 -100.00
  91   234.497 55558.81673317 49.67 306.601166 -22.821196   -100 -100.00 -100.00 -100.00
  91   234.197 55558.81673376 53.78 306.602251 -22.818742  7.962 -100.00 -100.00 -100.00
  91   234.550 55558.81673435 54.70 306.603336 -22.816289   -100 -100.00 -100.00 -100.00
  91   234.273 55558.81673494 54.49 306.604421 -22.813835  0.572 -100.00 -100.00 -100.00
  91   234.367 55558.81673553 55.75 306.605506 -22.811381  9.337 -100.00 -100.00 -100.00
  92   234.459 55568.73237554 25.40 306.599527 -22.824114 14.157 -100.00 -100.00 -100.00
  92   233.499 55568.73237613 27.87 306.600612 -22.821660 17.952 -100.00 -100.00 -100.00
  92   233.557 55568.73237672 30.27 306.601698 -22.819207 22.812 -100.00 -100.00 -100.00
  92   234.307 55568.73237731 26.05 306.602783 -22.816753 13.488 -100.00 -100.00 -100.00
  92   234.646 55568.73237791 25.67 306.603868 -22.814299 11.853 -100.00 -100.00 -100.00
  92   234.613 55568.73237850 25.53 306.604953 -22.811845 11.162 -100.00 -100.00 -100.00
 101   235.915 55657.97315197 42.83 306.602956 -22.821665   -100 -100.00 -100.00 -100.00
 101   235.823 55657.97315256 41.29 306.604042 -22.819211   -100 -100.00 -100.00 -100.00
 101   235.761 55657.97315315 38.35 306.605127 -22.816757   -100 -100.00 -100.00 -100.00
 101   235.697 55657.97315374 36.84 306.606212 -22.814304 29.867 -100.00 -100.00 -100.00
 101   235.670 55657.97315433 38.26 306.607298 -22.811850   -100 -100.00 -100.00 -100.00
 101   235.753 55657.97315492 41.54 306.608383 -22.809396   -100 -100.00 -100.00 -100.00
 101   235.831 55657.97315551 40.50 306.609468 -22.806942   -100 -100.00 -100.00 -100.00
 102   292.124 55667.88879343  7.23 306.600953 -22.823232  6.473 -100.00 -100.00 -100.00
 102   311.928 55667.88879402  4.56 306.602039 -22.820778  4.293 -100.00 -100.00 -100.00
 102   310.622 55667.88879461  2.50 306.603124 -22.818324  3.729 -100.00 -100.00 -100.00
 102   310.593 55667.88879520  2.73 306.604210 -22.815871  2.515 -100.00 -100.00 -100.00
 102   311.133 55667.88879579  3.86 306.605295 -22.813417  3.302 -100.00 -100.00 -100.00
 102   310.094 55667.88879638  5.74 306.606381 -22.810963  4.263 -100.00 -100.00 -100.00
 102   307.316 55667.88879697  5.48 306.607466 -22.808509  4.163 -100.00 -100.00 -100.00
 103   304.286 55677.80443328  9.70 306.601705 -22.821931  7.771 -100.00 -100.00 -100.00
 103   309.594 55677.80443387  6.30 306.602791 -22.819477  4.457 -100.00 -100.00 -100.00
 103   308.788 55677.80443446  6.95 306.603876 -22.817023  3.761 -100.00 -100.00 -100.00
 103   305.086 55677.80443505  8.36 306.604961 -22.814569  4.502 -100.00 -100.00 -100.00
 103   302.846 55677.80443564  8.10 306.606047 -22.812115  5.341 -100.00 -100.00 -100.00
 103   301.320 55677.80443623  6.66 306.607132 -22.809661  4.435 -100.00 -100.00 -100.00
 114   297.279 55786.87649072  4.33 306.608122 -22.817157  8.428 -100.00 -100.00 -100.00
 114   304.914 55786.87649131  2.02 306.609207 -22.814704  5.920 -100.00 -100.00 -100.00
 114   302.051 55786.87649190  2.06 306.610292 -22.812250  6.385 -100.00 -100.00 -100.00
 114   296.616 55786.87649250  2.23 306.611377 -22.809797  6.314 -100.00 -100.00 -100.00
 114   317.868 55786.87649309  0.31 306.612462 -22.807343  2.863 -100.00 -100.00 -100.00
 115   322.805 55796.79212492  0.49 306.610609 -22.816069  5.624 -100.00 -100.00 -100.00
 115   297.682 55796.79212551  3.49 306.611694 -22.813616 10.311 -100.00 -100.00 -100.00
 115   297.290 55796.79212610  2.41 306.612780 -22.811163  9.233 -100.00 -100.00 -100.00
 116   297.541 55806.70776730  4.09 306.611441 -22.815870 12.587 -100.00 -100.00 -100.00
 116   296.752 55806.70776848  2.38 306.613611 -22.810963 10.738 -100.00 -100.00 -100.00
 118   297.546 55826.53906275  2.33 306.610246 -22.816846 10.463 -100.00 -100.00 -100.00
 118   297.193 55826.53906334  1.70 306.611331 -22.814392  9.927 -100.00 -100.00 -100.00
 118   300.254 55826.53906393  0.90 306.612416 -22.811939  9.098 -100.00 -100.00 -100.00
 120   309.993 55846.37034256  3.48 306.608813 -22.817291  6.195 -100.00 -100.00 -100.00
 120   315.525 55846.37034315  2.35 306.609898 -22.814837  5.647 -100.00 -100.00 -100.00
 120   319.211 55846.37034374  0.85 306.610983 -22.812384  4.354 -100.00 -100.00 -100.00
 120   319.780 55846.37034433  0.45 306.612068 -22.809931  4.860 -100.00 -100.00 -100.00
 120   319.950 55846.37034492  0.01 306.613153 -22.807477  4.901 -100.00 -100.00 -100.00
 121   317.456 55856.28597862  1.59 306.611191 -22.815715  7.042 -100.00 -100.00 -100.00
 121   297.144 55856.28597921  5.01 306.612276 -22.813262 13.446 -100.00 -100.00 -100.00
 125   234.352 55895.94856036 24.48 306.609287 -22.817462 15.201 -100.00 -100.00 -100.00
 125   234.621 55895.94856095 24.68 306.610372 -22.815009 14.328 -100.00 -100.00 -100.00
 125   234.698 55895.94856154 26.97 306.611457 -22.812555 18.396 -100.00 -100.00 -100.00
 125   234.561 55895.94856213 30.93 306.612542 -22.810101 31.068 -100.00 -100.00 -100.00
 125   234.481 55895.94856272 31.19 306.613627 -22.807648 26.736 -100.00 -100.00 -100.00
 126   235.069 55905.86419704 44.40 306.611967 -22.814954   -100 -100.00 -100.00 -100.00
 126   234.849 55905.86419763 47.16 306.613052 -22.812500   -100 -100.00 -100.00 -100.00
 126   234.780 55905.86419822 47.06 306.614137 -22.810047   -100 -100.00 -100.00 -100.00
 127   234.757 55915.77984082 23.74 306.611194 -22.814767 13.723 -100.00 -100.00 -100.00
 127   235.104 55915.77984141 24.33 306.612279 -22.812313 12.876 -100.00 -100.00 -100.00
 127   234.744 55915.77984200 27.65 306.613364 -22.809859 23.164 -100.00 -100.00 -100.00
 127   234.762 55915.77984259 28.47 306.614449 -22.807406 26.669 -100.00 -100.00 -100.00
 128   234.462 55925.69549346 35.00 306.605196 -22.820527 29.455 -100.00 -100.00 -100.00
 128   234.351 55925.69549405 34.58 306.606281 -22.818074 27.616 -100.00 -100.00 -100.00
 128   234.292 55925.69549464 34.84 306.607366 -22.815620 28.477 -100.00 -100.00 -100.00
 128   234.572 55925.69549523 38.91 306.608451 -22.813166   -100 -100.00 -100.00 -100.00
 128   234.685 55925.69549582 40.50 306.609536 -22.810713 31.002 -100.00 -100.00 -100.00
 128   234.777 55925.69549641 41.40 306.610621 -22.808259   -100 -100.00 -100.00 -100.00
 128   234.569 55925.69549700 44.61 306.611706 -22.805805   -100 -100.00 -100.00 -100.00
 129   234.157 55935.61114397 17.07 306.602743 -22.822109  9.983 -100.00 -100.00 -100.00
 129   233.889 55935.61114456 20.71 306.603828 -22.819655 17.445 -100.00 -100.00 -100.00
 129   234.074 55935.61114515 19.98 306.604914 -22.817201 13.753 -100.00 -100.00 -100.00
 129   233.709 55935.61114574 22.13 306.605999 -22.814747 20.598 -100.00 -100.00 -100.00
 129   234.026 55935.61114633 22.71 306.607084 -22.812294 20.761 -100.00 -100.00 -100.00
 129   234.005 55935.61114692 23.61 306.608169 -22.809840 20.433 -100.00 -100.00 -100.00
 129   234.184 55935.61114751 24.43 306.609254 -22.807386 23.640 -100.00 -100.00 -100.00
 130   235.578 55945.52678944 42.58 306.600245 -22.824284 28.065 -100.00 -100.00 -100.00
 130   235.494 55945.52679003 45.66 306.601331 -22.821830   -100 -100.00 -100.00 -100.00
 130   235.357 55945.52679062 45.84 306.602416 -22.819376   -100 -100.00 -100.00 -100.00
 130   235.276 55945.52679121 44.56 306.603501 -22.816923   -100 -100.00 -100.00 -100.00
 130   235.349 55945.52679180 41.64 306.604586 -22.814469   -100 -100.00 -100.00 -100.00
 130   235.378 55945.52679239 39.65 306.605671 -22.812015 31.092 -100.00 -100.00 -100.00
 130   235.263 55945.52679298 35.97 306.606756 -22.809562 19.663 -100.00 -100.00 -100.00
 131   236.329 55955.44243083 41.44 306.599078 -22.824206 25.341 -100.00 -100.00 -100.00
 131   236.086 55955.44243142 46.63 306.600163 -22.821753   -100 -100.00 -100.00 -100.00
 131   235.897 55955.44243201 49.26 306.601249 -22.819299  6.502 -100.00 -100.00 -100.00
 131   235.791 55955.44243260 45.53 306.602334 -22.816846  3.755 -100.00 -100.00 -100.00
 131   235.681 55955.44243319 42.55 306.603419 -22.814392   -100 -100.00 -100.00 -100.00
 131   235.721 55955.44243378 39.03 306.604504 -22.811938   -100 -100.00 -100.00 -100.00
 132   235.155 55965.35806881 40.30 306.597816 -22.826290 27.192 -100.00 -100.00 -100.00
 132   235.039 55965.35806940 44.57 306.598901 -22.823837   -100 -100.00 -100.00 -100.00
 132   234.831 55965.35806999 49.90 306.599987 -22.821383   -100 -100.00 -100.00 -100.00
 132   234.690 55965.35807058 53.63 306.601072 -22.818930 16.013 -100.00 -100.00 -100.00
 132   234.690 55965.35807117 55.75 306.602157 -22.816476 28.748 -100.00 -100.00 -100.00
 132   234.779 55965.35807176 54.47 306.603243 -22.814022 25.990 -100.00 -100.00 -100.00
 132   234.877 55965.35807235 54.09 306.604328 -22.811569  1.892 -100.00 -100.00 -100.00
 137   317.329 56014.93627729  1.24 306.605059 -22.819943  7.159 -100.00 -100.00 -100.00
 137   303.394 56014.93627788  2.84 306.606144 -22.817489  9.575 -100.00 -100.00 -100.00
 138   234.351 56024.85192123 30.42 306.599966 -22.823564 12.323 -100.00 -100.00 -100.00
 138   234.418 56024.85192182 33.58 306.601051 -22.821110 20.091 -100.00 -100.00 -100.00
 138   234.441 56024.85192241 32.62 306.602137 -22.818656 16.334 -100.00 -100.00 -100.00
 138   234.319 56024.85192300 33.05 306.603222 -22.816203 16.488 -100.00 -100.00 -100.00
 138   234.172 56024.85192359 35.94 306.604308 -22.813749 28.523 -100.00 -100.00 -100.00
 138   234.160 56024.85192418 35.24 306.605393 -22.811295 26.499 -100.00 -100.00 -100.00
 139   234.933 56034.76756387 42.05 306.598005 -22.826057   -100 -100.00 -100.00 -100.00
 139   234.950 56034.76756446 43.49 306.599091 -22.823603   -100 -100.00 -100.00 -100.00
 139   235.220 56034.76756505 45.78 306.600176 -22.821149 27.109 -100.00 -100.00 -100.00
 139   234.969 56034.76756564 48.73 306.601262 -22.818695   -100 -100.00 -100.00 -100.00
 139   234.992 56034.76756623 52.79 306.602347 -22.816241   -100 -100.00 -100.00 -100.00
 139   235.045 56034.76756682 52.51 306.603433 -22.813787   -100 -100.00 -100.00 -100.00
 139   234.959 56034.76756741 55.03 306.604518 -22.811334  6.272 -100.00 -100.00 -100.00
 141   234.057 56054.59884591 22.05 306.607567 -22.818404 13.219 -100.00 -100.00 -100.00
 141   234.114 56054.59884650 22.73 306.608652 -22.815950 15.132 -100.00 -100.00 -100.00
 141   234.106 56054.59884709 24.52 306.609737 -22.813496 16.843 -100.00 -100.00 -100.00
 141   233.976 56054.59884768 26.19 306.610822 -22.811042 21.668 -100.00 -100.00 -100.00
 141   234.117 56054.59884827 24.56 306.611907 -22.808588 16.919 -100.00 -100.00 -100.00
 141   233.882 56054.59884886 26.57 306.612992 -22.806134 26.093 -100.00 -100.00 -100.00
 142   234.520 56064.51448213 27.62 306.613568 -22.812929 29.001 -100.00 -100.00 -100.00
 142   234.544 56064.51448273 29.95 306.614653 -22.810475   -100 -100.00 -100.00 -100.00
 143   234.497 56074.43012503 23.35 306.611136 -22.815749 14.682 -100.00 -100.00 -100.00
 143   234.510 56074.43012562 28.10 306.612221 -22.813295 27.600 -100.00 -100.00 -100.00
 143   234.745 56074.43012621 29.76 306.613306 -22.810841 25.898 -100.00 -100.00 -100.00
 143   234.337 56074.43012680 31.55 306.614391 -22.808388   -100 -100.00 -100.00 -100.00
 144   310.933 56084.34577304  9.74 306.605723 -22.819194 10.491 -100.00 -100.00 -100.00
 144   313.566 56084.34577363 10.45 306.606808 -22.816741 13.078 -100.00 -100.00 -100.00
 144   315.640 56084.34577422 12.23 306.607893 -22.814287 15.565 -100.00 -100.00 -100.00
 144   310.240 56084.34577481 10.90 306.608978 -22.811833 11.618 -100.00 -100.00 -100.00
 144   305.631 56084.34577540 11.36 306.610063 -22.809380 11.363 -100.00 -100.00 -100.00
 144   308.145 56084.34577599 13.49 306.611148 -22.806926 14.278 -100.00 -100.00 -100.00
 150   234.522 56143.83960658 41.74 306.609999 -22.815752   -100 -100.00 -100.00 -100.00
 150   234.704 56143.83960717 40.96 306.611085 -22.813299   -100 -100.00 -100.00 -100.00
 150   234.486 56143.83960776 39.61 306.612170 -22.810845 29.680 -100.00 -100.00 -100.00
 150   234.494 56143.83960835 40.00 306.613255 -22.808392 30.497 -100.00 -100.00 -100.00
 150   234.480 56143.83960894 41.03 306.614340 -22.805938   -100 -100.00 -100.00 -100.00
 151   234.042 56153.75525593 22.75 306.605341 -22.820009 21.589 -100.00 -100.00 -100.00
 151   234.363 56153.75525652 20.29 306.606426 -22.817556 13.105 -100.00 -100.00 -100.00
 151   234.390 56153.75525711 20.63 306.607511 -22.815102 15.118 -100.00 -100.00 -100.00
 151   234.349 56153.75525770 22.14 306.608596 -22.812649 17.522 -100.00 -100.00 -100.00
 151   234.333 56153.75525829 23.51 306.609681 -22.810195 19.754 -100.00 -100.00 -100.00
 151   234.464 56153.75525888 25.38 306.610766 -22.807742 27.109 -100.00 -100.00 -100.00
 152   233.847 56163.67090502 22.16 306.604111 -22.821218 22.256 -100.00 -100.00 -100.00
 152   234.213 56163.67090561 18.77 306.605196 -22.818765 13.495 -100.00 -100.00 -100.00
 152   234.225 56163.67090620 20.16 306.606281 -22.816311 15.501 -100.00 -100.00 -100.00
 152   234.333 56163.67090679 21.43 306.607366 -22.813858 17.847 -100.00 -100.00 -100.00
 152   234.413 56163.67090738 21.52 306.608451 -22.811404 15.771 -100.00 -100.00 -100.00
 152   234.388 56163.67090797 25.67 306.609536 -22.808951 26.540 -100.00 -100.00 -100.00
 152   234.602 56163.67090856 26.87 306.610621 -22.806497   -100 -100.00 -100.00 -100.00
 153   235.100 56173.58655272 45.82 306.605283 -22.820026 24.532 -100.00 -100.00 -100.00
 153   234.807 56173.58655331 48.84 306.606368 -22.817573   -100 -100.00 -100.00 -100.00
 153   234.664 56173.58655390 50.22 306.607453 -22.815119   -100 -100.00 -100.00 -100.00
 153   234.544 56173.58655449 51.72 306.608538 -22.812666   -100 -100.00 -100.00 -100.00
 153   234.702 56173.58655508 52.32 306.609623 -22.810212   -100 -100.00 -100.00 -100.00
 153   234.664 56173.58655567 51.32 306.610708 -22.807759   -100 -100.00 -100.00 -100.00
 154   234.343 56183.50219541 29.75 306.606962 -22.818546 25.296 -100.00 -100.00 -100.00
 154   234.496 56183.50219600 30.95 306.608047 -22.816093 24.353 -100.00 -100.00 -100.00
 154   234.458 56183.50219659 32.78 306.609132 -22.813639 31.853 -100.00 -100.00 -100.00
 154   234.302 56183.50219718 36.39 306.610217 -22.811186   -100 -100.00 -100.00 -100.00
 154   234.342 56183.50219777 37.93 306.611302 -22.808733   -100 -100.00 -100.00 -100.00
 154   234.414 56183.50219836 39.38 306.612387 -22.806279   -100 -100.00 -100.00 -100.00
 156   327.175 56203.33346859  9.30 306.605659 -22.820469 10.036 -100.00 -100.00 -100.00
 156   311.369 56203.33346918  9.28 306.606744 -22.818016 12.861 -100.00 -100.00 -100.00
 156   321.690 56203.33346978 11.29 306.607829 -22.815563 15.630 -100.00 -100.00 -100.00
 156   325.919 56203.33347037 10.71 306.608914 -22.813110 14.157 -100.00 -100.00 -100.00
 156   310.591 56203.33347096 12.52 306.609999 -22.810656 15.681 -100.00 -100.00 -100.00
 156   313.109 56203.33347155 12.24 306.611084 -22.808203 14.219 -100.00 -100.00 -100.00
 156   314.437 56203.33347214 13.67 306.612169 -22.805750 19.962 -100.00 -100.00 -100.00
 162   315.637 56262.82733424 10.99 306.604092 -22.821547 10.737 -100.00 -100.00 -100.00
 162   317.297 56262.82733483  9.77 306.605177 -22.819093 10.062 -100.00 -100.00 -100.00
 162   312.082 56262.82733542  9.04 306.606262 -22.816640  8.874 -100.00 -100.00 -100.00
 162   307.510 56262.82733601  4.23 306.607347 -22.814186  5.451 -100.00 -100.00 -100.00
 162   308.772 56262.82733660  7.24 306.608432 -22.811733  8.648 -100.00 -100.00 -100.00
 162   312.604 56262.82733719  5.42 306.609517 -22.809279  6.123 -100.00 -100.00 -100.00
 162   314.077 56262.82733778 10.63 306.610602 -22.806825 12.812 -100.00 -100.00 -100.00
 163   234.698 56272.74297605 36.69 306.603616 -22.821836   -100 -100.00 -100.00 -100.00
 163   234.556 56272.74297664 33.35 306.604701 -22.819383 28.133 -100.00 -100.00 -100.00
 163   234.636 56272.74297723 31.28 306.605786 -22.816929 21.134 -100.00 -100.00 -100.00
 163   234.804 56272.74297782 29.56 306.606872 -22.814475 16.636 -100.00 -100.00 -100.00
 163   234.680 56272.74297841 31.14 306.607957 -22.812022 21.956 -100.00 -100.00 -100.00
 163   234.444 56272.74297900 36.80 306.609042 -22.809568   -100 -100.00 -100.00 -100.00
 163   234.884 56272.74297959 36.86 306.610126 -22.807115 30.257 -100.00 -100.00 -100.00
 165   233.699 56292.57427172 17.88 306.602685 -22.821829 11.106 -100.00 -100.00 -100.00
 165   233.511 56292.57427231 20.53 306.603771 -22.819375 15.578 -100.00 -100.00 -100.00
 165   233.407 56292.57427290 22.75 306.604856 -22.816922 21.041 -100.00 -100.00 -100.00
 165   233.437 56292.57427349 22.96 306.605941 -22.814468 20.469 -100.00 -100.00 -100.00
 165   233.615 56292.57427408 26.53 306.607026 -22.812014 27.506 -100.00 -100.00 -100.00
 165   233.920 56292.57427467 27.23 306.608111 -22.809561 29.586 -100.00 -100.00 -100.00
 165   234.029 56292.57427526 29.95 306.609196 -22.807107 31.696 -100.00 -100.00 -100.00
 166   287.922 56302.48991865 10.31 306.599120 -22.825218  7.727 -100.00 -100.00 -100.00
 166   285.693 56302.48991924  8.70 306.600205 -22.822764  8.021 -100.00 -100.00 -100.00
 166   285.065 56302.48991983  8.58 306.601290 -22.820311  8.987 -100.00 -100.00 -100.00
 166   281.761 56302.48992043 10.74 306.602375 -22.817857 11.141 -100.00 -100.00 -100.00
 166   282.624 56302.48992102 13.15 306.603461 -22.815403 12.773 -100.00 -100.00 -100.00
 166   283.114 56302.48992161 17.68 306.604546 -22.812950 16.030 -100.00 -100.00 -100.00
 166   283.394 56302.48992220  9.76 306.605631 -22.810496 11.495 -100.00 -100.00 -100.00
 168   248.870 56322.32120265 15.22 306.596046 -22.826483  8.426 -100.00 -100.00 -100.00
 168   247.495 56322.32120324 17.16 306.597132 -22.824029  9.918 -100.00 -100.00 -100.00
 168   234.164 56322.32120383 16.24 306.598217 -22.821576  8.454 -100.00 -100.00 -100.00
 168   233.721 56322.32120442 18.47 306.599302 -22.819122 13.116 -100.00 -100.00 -100.00
 168   234.079 56322.32120501 18.88 306.600388 -22.816669 12.545 -100.00 -100.00 -100.00
 168   233.757 56322.32120560 19.94 306.601473 -22.814215 16.616 -100.00 -100.00 -100.00
 173   335.217 56371.89941134  3.81 306.604012 -22.820850  3.878 -100.00 -100.00 -100.00
 173   336.343 56371.89941193  2.49 306.605098 -22.818397  3.451 -100.00 -100.00 -100.00
 173   332.832 56371.89941252  2.74 306.606183 -22.815943  4.648 -100.00 -100.00 -100.00
 173   337.871 56371.89941311  0.95 306.607269 -22.813489  3.476 -100.00 -100.00 -100.00
 174   304.907 56381.81505652  4.51 306.597954 -22.826200  8.011 -100.00 -100.00 -100.00
 174   305.904 56381.81505711  2.99 306.599040 -22.823746  6.353 -100.00 -100.00 -100.00
 174   305.718 56381.81505770  3.81 306.600125 -22.821292  9.618 -100.00 -100.00 -100.00
 174   306.042 56381.81505829  2.15 306.601210 -22.818838  7.778 -100.00 -100.00 -100.00
 174   305.650 56381.81505888  2.92 306.602296 -22.816384  9.651 -100.00 -100.00 -100.00
 174   310.122 56381.81505947  0.05 306.603381 -22.813931  6.511 -100.00 -100.00 -100.00
 175   234.066 56391.73070362 54.56 306.601264 -22.816330  8.647 -100.00 -100.00 -100.00
 175   234.172 56391.73070421 52.08 306.602349 -22.813876   -100 -100.00 -100.00 -100.00
 176   306.147 56401.64634520  7.35 306.600294 -22.823494  9.124 -100.00 -100.00 -100.00
 176   326.114 56401.64634579  9.64 306.601379 -22.821040 10.878 -100.00 -100.00 -100.00
 176   311.914 56401.64634638  6.99 306.602464 -22.818587  7.474 -100.00 -100.00 -100.00
 176   306.650 56401.64634697  8.36 306.603549 -22.816133  9.716 -100.00 -100.00 -100.00
 176   309.071 56401.64634756  9.68 306.604635 -22.813679  9.772 -100.00 -100.00 -100.00
 176   311.260 56401.64634815 10.17 306.605720 -22.811225 10.610 -100.00 -100.00 -100.00
 177   233.653 56411.56198653 26.18 306.605024 -22.820238 13.666 -100.00 -100.00 -100.00
 177   233.481 56411.56198712 29.56 306.606110 -22.817784 20.370 -100.00 -100.00 -100.00
 177   233.385 56411.56198771 32.19 306.607195 -22.815330 31.499 -100.00 -100.00 -100.00
 177   233.538 56411.56198830 31.08 306.608280 -22.812876 24.988 -100.00 -100.00 -100.00
 177   233.467 56411.56198889 33.37 306.609365 -22.810422 32.248 -100.00 -100.00 -100.00
 177   233.733 56411.56198948 34.48 306.610450 -22.807968   -100 -100.00 -100.00 -100.00
 178   234.294 56421.47762277 44.75 306.610120 -22.817043 24.253 -100.00 -100.00 -100.00
 178   233.954 56421.47762336 49.06 306.611205 -22.814589   -100 -100.00 -100.00 -100.00
 178   233.985 56421.47762395 52.71 306.612291 -22.812135   -100 -100.00 -100.00 -100.00
 178   234.101 56421.47762454 51.24 306.613376 -22.809681   -100 -100.00 -100.00 -100.00
 178   233.789 56421.47762513 49.39 306.614460 -22.807227  1.288 -100.00 -100.00 -100.00
 180   233.814 56441.30891300 16.74 306.604094 -22.820333 10.871 -100.00 -100.00 -100.00
 180   233.864 56441.30891359 18.64 306.605179 -22.817879 13.244 -100.00 -100.00 -100.00
 180   233.448 56441.30891418 22.45 306.606264 -22.815426 25.757 -100.00 -100.00 -100.00
 180   233.788 56441.30891477 24.33 306.607349 -22.812972 29.812 -100.00 -100.00 -100.00
 180   233.897 56441.30891536 24.79 306.608434 -22.810518 30.845 -100.00 -100.00 -100.00
 180   234.077 56441.30891595 22.35 306.609519 -22.808065 20.534 -100.00 -100.00 -100.00
 185   234.834 56490.88713124 45.97 306.602789 -22.821171 30.424 -100.00 -100.00 -100.00
 185   234.476 56490.88713183 52.20 306.603875 -22.818718   -100 -100.00 -100.00 -100.00
 185   234.431 56490.88713242 53.83 306.604960 -22.816264   -100 -100.00 -100.00 -100.00
 185   234.334 56490.88713301 51.28 306.606045 -22.813810   -100 -100.00 -100.00 -100.00
 185   234.435 56490.88713360 53.86 306.607130 -22.811357  3.683 -100.00 -100.00 -100.00
 185   234.534 56490.88713419 53.86 306.608215 -22.808903   -100 -100.00 -100.00 -100.00
 186   303.401 56500.80276630 14.44 306.605316 -22.820557 11.716 -100.00 -100.00 -100.00
 186   305.146 56500.80276689 18.61 306.606401 -22.818104 15.308 -100.00 -100.00 -100.00
 186   306.043 56500.80276748 20.28 306.607486 -22.815650 17.923 -100.00 -100.00 -100.00
 186   284.072 56500.80276807 22.09 306.608571 -22.813197 24.667 -100.00 -100.00 -100.00
 186   285.212 56500.80276866 23.34 306.609657 -22.810743 27.340 -100.00 -100.00 -100.00
 186   294.059 56500.80276925 26.08 306.610742 -22.808289 30.043 -100.00 -100.00 -100.00
 186   302.613 56500.80276984 21.35 306.611827 -22.805836 19.392 -100.00 -100.00 -100.00
 187   327.298 56510.71840170  1.67 306.612265 -22.814170  5.711 -100.00 -100.00 -100.00
 187   319.594 56510.71840229  3.12 306.613350 -22.811717  6.324 -100.00 -100.00 -100.00
 191   234.403 56550.38099196 43.81 306.603564 -22.821732 24.907 -100.00 -100.00 -100.00
 191   234.039 56550.38099255 49.19 306.604649 -22.819279   -100 -100.00 -100.00 -100.00
 191   233.804 56550.38099314 53.18 306.605734 -22.816826   -100 -100.00 -100.00 -100.00
 191   233.975 56550.38099374 54.57 306.606819 -22.814373   -100 -100.00 -100.00 -100.00
 191   233.883 56550.38099433 55.32 306.607904 -22.811919   -100 -100.00 -100.00 -100.00
 191   233.955 56550.38099492 54.07 306.608989 -22.809466   -100 -100.00 -100.00 -100.00
 191   233.885 56550.38099551 56.01 306.610074 -22.807013  6.011 -100.00 -100.00 -100.00
 192   233.925 56560.29663394 23.69 306.601077 -22.823751  8.536 -100.00 -100.00 -100.00
 192   233.525 56560.29663453 27.85 306.602162 -22.821297 19.716 -100.00 -100.00 -100.00
 192   234.073 56560.29663512 26.08 306.603247 -22.818844 13.219 -100.00 -100.00 -100.00
 192   234.054 56560.29663571 28.53 306.604332 -22.816391 16.817 -100.00 -100.00 -100.00
 192   234.176 56560.29663630 31.09 306.605417 -22.813938 27.763 -100.00 -100.00 -100.00
 192   234.187 56560.29663689 32.78 306.606502 -22.811484 31.128 -100.00 -100.00 -100.00
 192   234.069 56560.29663748 33.43 306.607587 -22.809031   -100 -100.00 -100.00 -100.00
 197   234.575 56609.87485039 46.08 306.606753 -22.819579 31.330 -100.00 -100.00 -100.00
 197   234.659 56609.87485098 50.34 306.607838 -22.817125   -100 -100.00 -100.00 -100.00
 197   234.369 56609.87485157 51.58 306.608923 -22.814671   -100 -100.00 -100.00 -100.00
 197   234.387 56609.87485216 52.43 306.610008 -22.812218  9.142 -100.00 -100.00 -100.00
 197   234.355 56609.87485275 47.18 306.611093 -22.809764   -100 -100.00 -100.00 -100.00
 197   234.327 56609.87485334 44.04 306.612178 -22.807311   -100 -100.00 -100.00 -100.00
 197   234.244 56609.87485393 42.19 306.613263 -22.804857   -100 -100.00 -100.00 -100.00
 198   234.402 56619.79049608 37.89 306.603583 -22.821041   -100 -100.00 -100.00 -100.00
 198   234.297 56619.79049667 38.23 306.604668 -22.818587   -100 -100.00 -100.00 -100.00
 198   234.260 56619.79049726 31.96 306.605753 -22.816134   -100 -100.00 -100.00 -100.00
 198   234.148 56619.79049785 33.68 306.606838 -22.813680   -100 -100.00 -100.00 -100.00
 198   234.204 56619.79049844 31.30 306.607923 -22.811226 30.829 -100.00 -100.00 -100.00
 198   233.852 56619.79049903 34.17 306.609008 -22.808773   -100 -100.00 -100.00 -100.00
 199   323.638 56629.70613886  1.61 306.602195 -22.822789  3.848 -100.00 -100.00 -100.00
 199   323.227 56629.70613945  1.55 306.603280 -22.820336  3.730 -100.00 -100.00 -100.00
 199   316.676 56629.70614004  1.82 306.604365 -22.817882  4.629 -100.00 -100.00 -100.00
 199   323.602 56629.70614063  1.95 306.605450 -22.815429  5.419 -100.00 -100.00 -100.00
 200   234.235 56639.62177980 16.01 306.605607 -22.819192  7.240 -100.00 -100.00 -100.00
 200   234.145 56639.62178039 19.94 306.606692 -22.816739 14.656 -100.00 -100.00 -100.00
 200   234.355 56639.62178098 22.66 306.607777 -22.814285 21.318 -100.00 -100.00 -100.00
 200   234.263 56639.62178157 25.01 306.608862 -22.811832 26.419 -100.00 -100.00 -100.00
 200   234.278 56639.62178216 25.17 306.609947 -22.809378 27.146 -100.00 -100.00 -100.00
 200   234.287 56639.62178276 24.22 306.611032 -22.806924 24.444 -100.00 -100.00 -100.00
 201   233.841 56649.53742599 19.30 306.605654 -22.819300 16.927 -100.00 -100.00 -100.00
 201   233.636 56649.53742658 25.30 306.606739 -22.816847   -100 -100.00 -100.00 -100.00
 201   233.950 56649.53742717 25.88 306.607824 -22.814393 31.943 -100.00 -100.00 -100.00
 201   234.185 56649.53742777 26.80 306.608909 -22.811940   -100 -100.00 -100.00 -100.00
 201   234.191 56649.53742836 25.80 306.609994 -22.809486 29.942 -100.00 -100.00 -100.00
 201   234.144 56649.53742895 24.02 306.611079 -22.807033 26.410 -100.00 -100.00 -100.00
 202   247.514 56659.45307599 22.17 306.599929 -22.824879 13.749 -100.00 -100.00 -100.00
 202   234.335 56659.45307658 19.78 306.601015 -22.822425 11.255 -100.00 -100.00 -100.00
 202   234.269 56659.45307717 20.49 306.602100 -22.819972 11.708 -100.00 -100.00 -100.00
 202   234.290 56659.45307776 22.82 306.603185 -22.817518 14.507 -100.00 -100.00 -100.00
 202   234.237 56659.45307835 23.05 306.604271 -22.815065 14.381 -100.00 -100.00 -100.00
 202   234.382 56659.45307894 24.49 306.605356 -22.812611 16.323 -100.00 -100.00 -100.00
 202   234.493 56659.45307953 28.42 306.606441 -22.810158 29.918 -100.00 -100.00 -100.00
 204   234.551 56679.28436804 36.09 306.596943 -22.825122 28.834 -100.00 -100.00 -100.00
 204   234.235 56679.28436863 36.85 306.598028 -22.822669   -100 -100.00 -100.00 -100.00
 204   234.125 56679.28436922 39.96 306.599114 -22.820215   -100 -100.00 -100.00 -100.00
 204   234.340 56679.28436981 40.96 306.600199 -22.817762   -100 -100.00 -100.00 -100.00
 204   234.426 56679.28437040 41.95 306.601284 -22.815308   -100 -100.00 -100.00 -100.00
 204   234.678 56679.28437099 44.87 306.602369 -22.812854   -100 -100.00 -100.00 -100.00
 208   233.528 56718.94692934 31.72 306.608075 -22.817266 15.071 -100.00 -100.00 -100.00
 208   233.738 56718.94692993 33.11 306.609160 -22.814812 18.134 -100.00 -100.00 -100.00
 208   233.992 56718.94693052 30.75 306.610246 -22.812359 12.104 -100.00 -100.00 -100.00
 208   233.882 56718.94693111 35.75 306.611331 -22.809905 24.688 -100.00 -100.00 -100.00
 208   234.125 56718.94693170 34.48 306.612416 -22.807451 20.185 -100.00 -100.00 -100.00
 208   234.029 56718.94693229 36.26 306.613501 -22.804997 21.525 -100.00 -100.00 -100.00
 210   308.911 56738.77822832  6.86 306.597860 -22.824633  7.502 -100.00 -100.00 -100.00
 210   308.549 56738.77822891  6.39 306.598945 -22.822179  8.886 -100.00 -100.00 -100.00
 210   330.231 56738.77822950  2.78 306.600031 -22.819725  4.596 -100.00 -100.00 -100.00
 210   329.586 56738.77823009  1.26 306.601116 -22.817271  3.772 -100.00 -100.00 -100.00
 210   326.768 56738.77823068  1.85 306.602201 -22.814817  5.300 -100.00 -100.00 -100.00
 211   327.473 56748.69387320  1.63 306.597794 -22.825243  5.371 -100.00 -100.00 -100.00
 211   327.133 56748.69387379  2.03 306.598879 -22.822789  6.293 -100.00 -100.00 -100.00
 212   309.178 56758.60951459  2.02 306.602454 -22.821447  5.385 -100.00 -100.00 -100.00
 212   303.489 56758.60951518  2.35 306.603539 -22.818993  6.034 -100.00 -100.00 -100.00
 212   308.906 56758.60951577  1.37 306.604625 -22.816539  5.743 -100.00 -100.00 -100.00
 212   311.550 56758.60951636  0.11 306.605710 -22.814085  5.182 -100.00 -100.00 -100.00
 212   305.891 56758.60951695  0.33 306.606795 -22.811631  6.019 -100.00 -100.00 -100.00
 213   324.661 56768.52514981  0.92 306.608517 -22.818101  4.108 -100.00 -100.00 -100.00
 213   324.059 56768.52515040  0.63 306.609602 -22.815647  3.561 -100.00 -100.00 -100.00
 214   327.741 56778.44079680  2.60 306.606771 -22.818625  4.126 -100.00 -100.00 -100.00
 214   327.018 56778.44079739  2.91 306.607857 -22.816171  5.127 -100.00 -100.00 -100.00
 214   322.534 56778.44079798  3.27 306.608942 -22.813717  6.489 -100.00 -100.00 -100.00
 214   330.335 56778.44079857  0.17 306.610027 -22.811263  3.345 -100.00 -100.00 -100.00
 215   247.298 56788.35645031 19.91 306.599232 -22.824744 12.383 -100.00 -100.00 -100.00
 215   233.266 56788.35645090 21.35 306.600317 -22.822290 16.820 -100.00 -100.00 -100.00
 215   233.203 56788.35645149 22.12 306.601402 -22.819836 20.014 -100.00 -100.00 -100.00
 215   233.076 56788.35645208 23.02 306.602487 -22.817383 23.467 -100.00 -100.00 -100.00
 215   233.204 56788.35645267 27.92 306.603573 -22.814929   -100 -100.00 -100.00 -100.00
 215   233.551 56788.35645326 23.51 306.604658 -22.812475 22.305 -100.00 -100.00 -100.00
 215   233.461 56788.35645385 27.12 306.605743 -22.810021   -100 -100.00 -100.00 -100.00
 216   284.161 56798.27210132 17.23 306.594571 -22.826289 24.349 -100.00 -100.00 -100.00
 216   281.441 56798.27210192 11.82 306.595657 -22.823835 14.767 -100.00 -100.00 -100.00
 216   284.447 56798.27210251  5.52 306.596742 -22.821381  6.588 -100.00 -100.00 -100.00
 216   283.821 56798.27210310 21.24 306.597827 -22.818928   -100 -100.00 -100.00 -100.00
 216   281.123 56798.27210369 18.99 306.598912 -22.816474 31.929 -100.00 -100.00 -100.00
 219   302.653 56828.01902495 19.58 306.599580 -22.823594 22.048 -100.00 -100.00 -100.00
 219   298.875 56828.01902554 20.17 306.600665 -22.821140 25.349 -100.00 -100.00 -100.00
 219   294.874 56828.01902613 18.43 306.601751 -22.818687   -100 -100.00 -100.00 -100.00
 219   318.833 56828.01902672  9.56 306.602836 -22.816233 12.405 -100.00 -100.00 -100.00
 219   298.630 56828.01902731 18.19 306.603921 -22.813779 32.018 -100.00 -100.00 -100.00
 219   283.676 56828.01902790 14.66 306.605006 -22.811326 27.682 -100.00 -100.00 -100.00
 224   233.440 56877.59724820 41.03 306.601020 -22.823410 28.633 -100.00 -100.00 -100.00
 224   233.669 56877.59724879 47.14 306.602105 -22.820956   -100 -100.00 -100.00 -100.00
 224   233.302 56877.59724938 52.03 306.603190 -22.818503   -100 -100.00 -100.00 -100.00
 224   233.285 56877.59724997 54.23 306.604275 -22.816049   -100 -100.00 -100.00 -100.00
 224   233.500 56877.59725056 54.98 306.605360 -22.813596  1.214 -100.00 -100.00 -100.00
 224   233.403 56877.59725115 55.52 306.606445 -22.811142   -100 -100.00 -100.00 -100.00
 224   233.551 56877.59725174 55.52 306.607530 -22.808688  1.240 -100.00 -100.00 -100.00
 225   233.370 56887.51289640 41.99 306.598680 -22.824682 28.339 -100.00 -100.00 -100.00
 225   233.489 56887.51289699 44.00 306.599765 -22.822229 29.767 -100.00 -100.00 -100.00
 225   233.582 56887.51289758 46.20 306.600850 -22.819775 32.032 -100.00 -100.00 -100.00
 225   233.459 56887.51289817 49.28 306.601936 -22.817322   -100 -100.00 -100.00 -100.00
 225   233.356 56887.51289876 52.45 306.603021 -22.814869   -100 -100.00 -100.00 -100.00
 225   233.389 56887.51289935 53.04 306.604106 -22.812415   -100 -100.00 -100.00 -100.00
 226   234.282 56897.42854168 38.82 306.595958 -22.825940 16.682 -100.00 -100.00 -100.00
 226   233.580 56897.42854227 44.11 306.597044 -22.823486   -100 -100.00 -100.00 -100.00
 226   233.443 56897.42854286 49.36 306.598129 -22.821033   -100 -100.00 -100.00 -100.00
 226   233.473 56897.42854345 50.16 306.599214 -22.818580   -100 -100.00 -100.00 -100.00
 226   233.360 56897.42854404 52.15 306.600299 -22.816126  8.572 -100.00 -100.00 -100.00
 226   233.426 56897.42854463 50.54 306.601384 -22.813673 12.946 -100.00 -100.00 -100.00
 227   270.354 56907.34418464  8.70 306.595104 -22.824933 11.568 -100.00 -100.00 -100.00
 227   275.355 56907.34418523  6.31 306.596189 -22.822479  9.071 -100.00 -100.00 -100.00
 227   306.280 56907.34418582  2.31 306.597275 -22.820026  6.258 -100.00 -100.00 -100.00
 228   279.048 56917.25982520 22.23 306.595760 -22.825524 10.762 -100.00 -100.00 -100.00
 228   279.780 56917.25982579 26.99 306.596845 -22.823071 16.603 -100.00 -100.00 -100.00
 228   279.537 56917.25982638 32.07 306.597930 -22.820617   -100 -100.00 -100.00 -100.00
 228   278.434 56917.25982697 21.56 306.599015 -22.818164   -100 -100.00 -100.00 -100.00
 228   278.893 56917.25982756 22.31 306.600100 -22.815711 25.616 -100.00 -100.00 -100.00
 229   329.007 56927.17546430  3.04 306.599555 -22.824911  2.628 -100.00 -100.00 -100.00
 229   329.230 56927.17546489  2.24 306.600640 -22.822457  2.365 -100.00 -100.00 -100.00
 229   329.224 56927.17546548  2.36 306.601725 -22.820004  2.913 -100.00 -100.00 -100.00
 229   329.421 56927.17546607  1.43 306.602809 -22.817551  2.293 -100.00 -100.00 -100.00
 229   329.758 56927.17546666  1.38 306.603894 -22.815097  2.819 -100.00 -100.00 -100.00
 229   329.846 56927.17546725  0.82 306.604979 -22.812644  2.235 -100.00 -100.00 -100.00
 229   330.176 56927.17546784  0.54 306.606064 -22.810190  2.137 -100.00 -100.00 -100.00
 230   232.701 56937.09110157 19.90 306.607695 -22.817393 16.457 -100.00 -100.00 -100.00
 230   232.988 56937.09110216 23.15 306.608780 -22.814940 25.710 -100.00 -100.00 -100.00
 230   233.106 56937.09110275 21.58 306.609864 -22.812486 20.187 -100.00 -100.00 -100.00
 230   233.072 56937.09110334 24.72 306.610949 -22.810033 30.132 -100.00 -100.00 -100.00
 230   233.164 56937.09110393 25.53 306.612034 -22.807579 29.706 -100.00 -100.00 -100.00
 230   233.082 56937.09110452 23.08 306.613118 -22.805126 22.647 -100.00 -100.00 -100.00
 235   233.399 56986.66931984 20.88 306.603736 -22.821318  8.499 -100.00 -100.00 -100.00
 235   233.373 56986.66932043 21.77 306.604821 -22.818864 10.657 -100.00 -100.00 -100.00
 235   233.316 56986.66932102 21.16 306.605907 -22.816410  8.956 -100.00 -100.00 -100.00
 235   233.525 56986.66932161 21.32 306.606992 -22.813957  9.548 -100.00 -100.00 -100.00
 235   233.639 56986.66932220 22.07 306.608076 -22.811503  9.952 -100.00 -100.00 -100.00
 235   233.769 56986.66932279 26.48 306.609161 -22.809050 17.684 -100.00 -100.00 -100.00
 235   233.816 56986.66932338 25.47 306.610246 -22.806596 15.131 -100.00 -100.00 -100.00
 237   233.316 57006.50060155 22.53 306.609278 -22.816919 19.575 -100.00 -100.00 -100.00
 237   233.395 57006.50060214 21.76 306.610363 -22.814465 17.499 -100.00 -100.00 -100.00
 237   233.509 57006.50060273 26.23 306.611448 -22.812012 26.152 -100.00 -100.00 -100.00
 237   233.365 57006.50060333 25.95 306.612533 -22.809558 31.614 -100.00 -100.00 -100.00
 237   233.488 57006.50060392 21.83 306.613618 -22.807105 17.117 -100.00 -100.00 -100.00
 239   309.944 57026.33190436 15.83 306.598355 -22.824201 12.360 -100.00 -100.00 -100.00
 239   311.999 57026.33190495 20.74 306.599440 -22.821747 17.295 -100.00 -100.00 -100.00
 239   307.440 57026.33190554 23.07 306.600525 -22.819294 21.150 -100.00 -100.00 -100.00
 239   280.076 57026.33190613 23.59 306.601611 -22.816840 32.541 -100.00 -100.00 -100.00
 239   277.711 57026.33190672 22.73 306.602696 -22.814387   -100 -100.00 -100.00 -100.00
 239   290.823 57026.33190731 27.20 306.603781 -22.811933   -100 -100.00 -100.00 -100.00
 240   295.407 57036.24755235 18.87 306.597314 -22.825539 18.055 -100.00 -100.00 -100.00
 240   296.379 57036.24755294 19.94 306.598399 -22.823086 19.945 -100.00 -100.00 -100.00
 240   294.278 57036.24755353 22.01 306.599484 -22.820632 25.982 -100.00 -100.00 -100.00
 240   295.068 57036.24755412 24.71 306.600570 -22.818179 24.754 -100.00 -100.00 -100.00
 240   292.860 57036.24755471 26.97 306.601655 -22.815725   -100 -100.00 -100.00 -100.00
 240   294.265 57036.24755530 28.21 306.602740 -22.813272   -100 -100.00 -100.00 -100.00
 241   235.290 57046.16319835 40.98 306.599365 -22.824756 20.973 -100.00 -100.00 -100.00
 241   235.010 57046.16319894 46.47 306.600450 -22.822302 29.657 -100.00 -100.00 -100.00
 241   234.952 57046.16319953 51.36 306.601535 -22.819849   -100 -100.00 -100.00 -100.00
 241   234.802 57046.16320012 53.34 306.602620 -22.817395   -100 -100.00 -100.00 -100.00
 241   234.717 57046.16320071 55.13 306.603705 -22.814941  1.696 -100.00 -100.00 -100.00
 241   234.702 57046.16320130 54.51 306.604790 -22.812488  2.002 -100.00 -100.00 -100.00
 241   234.910 57046.16320190 53.77 306.605875 -22.810034   -100 -100.00 -100.00 -100.00
 242   233.905 57056.07884155 17.86 306.603018 -22.821843  7.936 -100.00 -100.00 -100.00
 242   233.591 57056.07884214 23.55 306.604103 -22.819390 20.999 -100.00 -100.00 -100.00
 242   233.358 57056.07884273 23.33 306.605188 -22.816936 18.784 -100.00 -100.00 -100.00
 242   233.582 57056.07884332 23.80 306.606273 -22.814482 18.054 -100.00 -100.00 -100.00
 242   233.582 57056.07884391 26.15 306.607358 -22.812028 23.591 -100.00 -100.00 -100.00
 242   233.629 57056.07884450 28.81 306.608443 -22.809575 32.580 -100.00 -100.00 -100.00
 242   233.905 57056.07884509 26.85 306.609528 -22.807121 24.000 -100.00 -100.00 -100.00
 243   234.696 57065.99447959 48.41 306.606083 -22.818648 31.727 -100.00 -100.00 -100.00
 243   234.414 57065.99448018 52.25 306.607168 -22.816194   -100 -100.00 -100.00 -100.00
 243   234.252 57065.99448078 53.45 306.608253 -22.813740   -100 -100.00 -100.00 -100.00
 243   234.296 57065.99448137 54.96 306.609339 -22.811287  4.067 -100.00 -100.00 -100.00
 243   234.301 57065.99448196 54.52 306.610424 -22.808833   -100 -100.00 -100.00 -100.00
 243   234.510 57065.99448255 54.57 306.611509 -22.806379   -100 -100.00 -100.00 -100.00
 247   233.791 57105.65705596 18.19 306.603846 -22.820513 14.026 -100.00 -100.00 -100.00
 247   233.997 57105.65705655 17.37 306.604932 -22.818059 11.704 -100.00 -100.00 -100.00
 247   233.942 57105.65705714 18.16 306.606017 -22.815605 11.766 -100.00 -100.00 -100.00
 247   234.031 57105.65705774 18.37 306.607102 -22.813151 11.358 -100.00 -100.00 -100.00
 247   233.843 57105.65705833 21.98 306.608187 -22.810697 20.423 -100.00 -100.00 -100.00
 247   234.061 57105.65705892 21.59 306.609272 -22.808243 19.311 -100.00 -100.00 -100.00
 248   233.676 57115.57270753 15.53 306.602675 -22.821878 10.339 -100.00 -100.00 -100.00
 248   233.699 57115.57270812 15.33 306.603760 -22.819424  9.280 -100.00 -100.00 -100.00
 248   233.990 57115.57270871 16.06 306.604845 -22.816970  9.228 -100.00 -100.00 -100.00
 248   233.951 57115.57270930 16.15 306.605930 -22.814516  9.275 -100.00 -100.00 -100.00
 248   234.011 57115.57270989 17.63 306.607015 -22.812062 11.753 -100.00 -100.00 -100.00
 248   234.106 57115.57271048 18.16 306.608100 -22.809608 11.464 -100.00 -100.00 -100.00
 248   234.103 57115.57271107 20.39 306.609185 -22.807154 16.340 -100.00 -100.00 -100.00
 249   233.853 57125.48835299 34.66 306.602099 -22.821981   -100 -100.00 -100.00 -100.00
 249   233.747 57125.48835358 38.86 306.603184 -22.819527   -100 -100.00 -100.00 -100.00
 249   233.595 57125.48835417 33.16 306.604269 -22.817073   -100 -100.00 -100.00 -100.00
 249   233.642 57125.48835476 31.44 306.605354 -22.814619   -100 -100.00 -100.00 -100.00
 249   233.582 57125.48835535 30.41 306.606440 -22.812165   -100 -100.00 -100.00 -100.00
 249   233.573 57125.48835594 29.53 306.607525 -22.809711   -100 -100.00 -100.00 -100.00
 251   233.282 57145.31962872 27.19 306.603553 -22.820594 21.762 -100.00 -100.00 -100.00
 251   233.207 57145.31962931 28.12 306.604638 -22.818140 23.807 -100.00 -100.00 -100.00
 251   233.096 57145.31962990 29.88 306.605723 -22.815686 28.684 -100.00 -100.00 -100.00
 251   233.446 57145.31963049 27.43 306.606809 -22.813233 20.962 -100.00 -100.00 -100.00
 251   233.101 57145.31963108 32.16 306.607894 -22.810779   -100 -100.00 -100.00 -100.00
 251   233.507 57145.31963167 34.12 306.608979 -22.808325   -100 -100.00 -100.00 -100.00
 252   316.920 57155.23526234 16.75 306.608091 -22.818471 10.864 -100.00 -100.00 -100.00
 252   312.654 57155.23526293 19.65 306.609176 -22.816017 16.244 -100.00 -100.00 -100.00
 252   314.875 57155.23526352 22.42 306.610261 -22.813563 18.059 -100.00 -100.00 -100.00
 252   310.863 57155.23526411 24.62 306.611347 -22.811110 25.490 -100.00 -100.00 -100.00
 252   282.898 57155.23526470 26.24 306.612432 -22.808656   -100 -100.00 -100.00 -100.00
 252   280.694 57155.23526529 25.20 306.613517 -22.806202   -100 -100.00 -100.00 -100.00
 253   234.745 57165.15090225 45.52 306.611800 -22.815868 25.873 -100.00 -100.00 -100.00
 253   234.579 57165.15090284 47.75 306.612885 -22.813415 28.224 -100.00 -100.00 -100.00
 253   234.366 57165.15090343 51.23 306.613970 -22.810961   -100 -100.00 -100.00 -100.00
 253   234.388 57165.15090402 50.76 306.615055 -22.808507   -100 -100.00 -100.00 -100.00
 254   328.455 57175.06655731 10.06 306.607542 -22.818745 11.035 -100.00 -100.00 -100.00
 254   313.171 57175.06655791  9.86 306.608627 -22.816292 12.773 -100.00 -100.00 -100.00
 254   315.457 57175.06655850 12.18 306.609712 -22.813838 14.258 -100.00 -100.00 -100.00
 254   310.496 57175.06655909 11.77 306.610797 -22.811384 12.486 -100.00 -100.00 -100.00
 254   312.649 57175.06655968 10.27 306.611882 -22.808930  9.258 -100.00 -100.00 -100.00
 254   314.847 57175.06656027 11.32 306.612967 -22.806477 11.312 -100.00 -100.00 -100.00
 255   234.005 57184.98220889 44.31 306.603547 -22.821409 25.514 -100.00 -100.00 -100.00
 255   234.097 57184.98220948 49.41 306.604633 -22.818955 30.846 -100.00 -100.00 -100.00
 255   233.630 57184.98221007 51.93 306.605718 -22.816501   -100 -100.00 -100.00 -100.00
 255   233.885 57184.98221066 53.62 306.606803 -22.814048   -100 -100.00 -100.00 -100.00
 255   233.515 57184.98221125 54.23 306.607888 -22.811594 11.245 -100.00 -100.00 -100.00
 255   233.660 57184.98221184 55.49 306.608973 -22.809140  9.992 -100.00 -100.00 -100.00
 255   233.648 57184.98221244 53.91 306.610058 -22.806686   -100 -100.00 -100.00 -100.00
 259   233.360 57224.64478479 24.20 306.607082 -22.810610 19.855 -100.00 -100.00 -100.00
 259   233.946 57224.64478538 20.49 306.608167 -22.808157 10.734 -100.00 -100.00 -100.00
 260   232.607 57234.56042503 18.98 306.605755 -22.819426 15.198 -100.00 -100.00 -100.00
 260   232.927 57234.56042562 18.55 306.606840 -22.816972 11.886 -100.00 -100.00 -100.00
 260   233.199 57234.56042621 18.36 306.607925 -22.814519  9.799 -100.00 -100.00 -100.00
 260   233.532 57234.56042680 19.26 306.609010 -22.812065 13.224 -100.00 -100.00 -100.00
 260   233.511 57234.56042739 20.25 306.610095 -22.809612 13.089 -100.00 -100.00 -100.00
 260   233.580 57234.56042798 20.92 306.611180 -22.807158 15.162 -100.00 -100.00 -100.00
 261   233.365 57244.47606424 43.43 306.607518 -22.818196 32.626 -100.00 -100.00 -100.00
 261   232.982 57244.47606483 48.58 306.608603 -22.815742   -100 -100.00 -100.00 -100.00
 261   233.196 57244.47606542 45.65 306.609688 -22.813289   -100 -100.00 -100.00 -100.00
 261   232.963 57244.47606601 40.26 306.610773 -22.810835   -100 -100.00 -100.00 -100.00
 261   232.822 57244.47606660 36.55 306.611858 -22.808382   -100 -100.00 -100.00 -100.00
 261   232.944 57244.47606719 34.19 306.612943 -22.805928   -100 -100.00 -100.00 -100.00
 262   233.681 57254.39170043 43.27 306.608238 -22.817633 25.786 -100.00 -100.00 -100.00
 262   233.194 57254.39170102 50.59 306.609323 -22.815180   -100 -100.00 -100.00 -100.00
 262   232.931 57254.39170161 53.10 306.610408 -22.812726   -100 -100.00 -100.00 -100.00
 262   233.137 57254.39170220 54.50 306.611493 -22.810273   -100 -100.00 -100.00 -100.00
 262   233.041 57254.39170279 55.13 306.612578 -22.807820   -100 -100.00 -100.00 -100.00
 262   233.051 57254.39170338 55.96 306.613663 -22.805366 16.020 -100.00 -100.00 -100.00
 263   233.229 57264.30733542 48.39 306.610426 -22.816111   -100 -100.00 -100.00 -100.00
 263   232.970 57264.30733601 50.71 306.611511 -22.813658   -100 -100.00 -100.00 -100.00
 263   232.993 57264.30733660 53.38 306.612596 -22.811205   -100 -100.00 -100.00 -100.00
 263   232.966 57264.30733719 54.61 306.613681 -22.808751   -100 -100.00 -100.00 -100.00
 265   233.620 57284.13863225 55.71 306.612046 -22.814441   -100 -100.00 -100.00 -100.00
 265   233.632 57284.13863284 55.71 306.613131 -22.811987   -100 -100.00 -100.00 -100.00
 265   233.633 57284.13863343 54.32 306.614216 -22.809534   -100 -100.00 -100.00 -100.00
 266   234.342 57294.05428590 48.64 306.609640 -22.816260 29.946 -100.00 -100.00 -100.00
 266   234.191 57294.05428649 51.57 306.610725 -22.813807   -100 -100.00 -100.00 -100.00
 266   234.125 57294.05428708 53.50 306.611809 -22.811354   -100 -100.00 -100.00 -100.00
 266   234.033 57294.05428767 54.32 306.612894 -22.808900   -100 -100.00 -100.00 -100.00
 266   234.122 57294.05428826 54.57 306.613979 -22.806447   -100 -100.00 -100.00 -100.00
 267   319.519 57303.96993555 10.35 306.605297 -22.820086 12.373 -100.00 -100.00 -100.00
 267   321.322 57303.96993614 11.69 306.606382 -22.817632 16.415 -100.00 -100.00 -100.00
 267   299.715 57303.96993673  9.60 306.607467 -22.815179 13.977 -100.00 -100.00 -100.00
 267   303.103 57303.96993732 10.84 306.608552 -22.812725 12.238 -100.00 -100.00 -100.00
 267   305.231 57303.96993791 10.40 306.609637 -22.810272 12.339 -100.00 -100.00 -100.00
 267   315.000 57303.96993850 10.70 306.610722 -22.807818  9.542 -100.00 -100.00 -100.00
 270   306.379 57333.71686787 22.43 306.597114 -22.825661  7.976 -100.00 -100.00 -100.00
 270   307.415 57333.71686846 23.24 306.598199 -22.823207  7.862 -100.00 -100.00 -100.00
 270   275.234 57333.71686905 29.67 306.599284 -22.820754 28.902 -100.00 -100.00 -100.00
 270   275.988 57333.71686964 16.80 306.600370 -22.818300 23.141 -100.00 -100.00 -100.00
 270   279.838 57333.71687023 30.86 306.601455 -22.815847  2.145 -100.00 -100.00 -100.00
 270   281.105 57333.71687082 28.37 306.602540 -22.813393 16.858 -100.00 -100.00 -100.00
 271   338.863 57343.63250926 11.11 306.600631 -22.823620  3.330 -100.00 -100.00 -100.00
 271   334.150 57343.63250985 10.89 306.601716 -22.821166  4.082 -100.00 -100.00 -100.00
 271   332.837 57343.63251045 10.82 306.602801 -22.818713  4.274 -100.00 -100.00 -100.00
 271   329.824 57343.63251104 10.72 306.603887 -22.816259  4.597 -100.00 -100.00 -100.00
 271   330.219 57343.63251163 10.48 306.604972 -22.813805  4.582 -100.00 -100.00 -100.00
 271   321.752 57343.63251222 11.22 306.606057 -22.811352  6.682 -100.00 -100.00 -100.00
 271   328.914 57343.63251281  8.76 306.607141 -22.808898  3.418 -100.00 -100.00 -100.00
 272   270.146 57353.54816268 13.14 306.597903 -22.824704 11.816 -100.00 -100.00 -100.00
 272   305.314 57353.54816327  8.22 306.598988 -22.822251  8.195 -100.00 -100.00 -100.00
 272   309.339 57353.54816386  2.97 306.600074 -22.819798  3.097 -100.00 -100.00 -100.00
 272   307.996 57353.54816445  4.20 306.601159 -22.817344  5.196 -100.00 -100.00 -100.00
 272   309.256 57353.54816504  2.45 306.602244 -22.814891  3.684 -100.00 -100.00 -100.00
 272   309.363 57353.54816563  0.90 306.603329 -22.812437  2.579 -100.00 -100.00 -100.00
 274   284.301 57373.37944816 12.41 306.597811 -22.825272 10.654 -100.00 -100.00 -100.00
 274   275.438 57373.37944875  9.91 306.598896 -22.822819  9.469 -100.00 -100.00 -100.00
 274   305.151 57373.37944934  5.39 306.599981 -22.820366  5.908 -100.00 -100.00 -100.00
 274   306.054 57373.37944993  3.52 306.601067 -22.817912  3.548 -100.00 -100.00 -100.00
 274   305.864 57373.37945052  3.71 306.602152 -22.815459  4.470 -100.00 -100.00 -100.00
 274   306.111 57373.37945112  0.98 306.603237 -22.813005  2.798 -100.00 -100.00 -100.00
 275   300.384 57383.29508737 21.22 306.599261 -22.824621 10.972 -100.00 -100.00 -100.00
 275   305.191 57383.29508796 23.35 306.600347 -22.822167  9.755 -100.00 -100.00 -100.00
 275   306.384 57383.29508855 25.63 306.601432 -22.819714 17.308 -100.00 -100.00 -100.00
 275   276.937 57383.29508914 24.32 306.602517 -22.817260   -100 -100.00 -100.00 -100.00
 275   273.181 57383.29508973 23.38 306.603602 -22.814807   -100 -100.00 -100.00 -100.00
 275   278.166 57383.29509032 30.27 306.604687 -22.812353 28.115 -100.00 -100.00 -100.00
 275   282.225 57383.29509091 29.16 306.605772 -22.809900 24.442 -100.00 -100.00 -100.00
 276   317.369 57393.21072677 18.75 306.603717 -22.821215 13.437 -100.00 -100.00 -100.00
 276   318.252 57393.21072736 21.36 306.604802 -22.818762 16.227 -100.00 -100.00 -100.00
 276   321.097 57393.21072795 20.99 306.605887 -22.816308 13.268 -100.00 -100.00 -100.00
 276   286.336 57393.21072854 24.75 306.606972 -22.813855 21.868 -100.00 -100.00 -100.00
 276   287.655 57393.21072913 25.45 306.608057 -22.811401 27.907 -100.00 -100.00 -100.00
 276   296.367 57393.21072972 28.89 306.609142 -22.808947 32.038 -100.00 -100.00 -100.00
 276   304.364 57393.21073031 29.42 306.610227 -22.806494 31.216 -100.00 -100.00 -100.00
 277   305.679 57403.12636567 23.67 306.610328 -22.816531 15.578 -100.00 -100.00 -100.00
 277   306.419 57403.12636626 26.27 306.611413 -22.814077 15.631 -100.00 -100.00 -100.00
 277   307.784 57403.12636685 29.09 306.612498 -22.811623 17.169 -100.00 -100.00 -100.00
 277   305.214 57403.12636744 22.52 306.613583 -22.809170 23.211 -100.00 -100.00 -100.00
 277   302.101 57403.12636803 31.13 306.614668 -22.806716   -100 -100.00 -100.00 -100.00
 278   284.717 57413.04201115 26.56 306.613383 -22.813071   -100 -100.00 -100.00 -100.00
 278   283.480 57413.04201174 11.75 306.614468 -22.810617 16.893 -100.00 -100.00 -100.00
 282   285.316 57452.70460215 11.63 306.597952 -22.826250  7.728 -100.00 -100.00 -100.00
 282   305.020 57452.70460274  8.83 306.599037 -22.823796  5.446 -100.00 -100.00 -100.00
 282   305.119 57452.70460334  8.20 306.600122 -22.821342  6.176 -100.00 -100.00 -100.00
 282   307.059 57452.70460393  5.87 306.601207 -22.818888  4.184 -100.00 -100.00 -100.00
 282   304.374 57452.70460452  5.76 306.602293 -22.816434  4.564 -100.00 -100.00 -100.00
 282   307.245 57452.70460511  4.10 306.603378 -22.813980  4.133 -100.00 -100.00 -100.00
 282   306.933 57452.70460570  3.37 306.604463 -22.811526  3.337 -100.00 -100.00 -100.00
 284   328.225 57472.53589064  2.44 306.605849 -22.819421  3.478 -100.00 -100.00 -100.00
 284   328.557 57472.53589123  2.95 306.606934 -22.816967  4.613 -100.00 -100.00 -100.00
 284   326.231 57472.53589182  2.58 306.608020 -22.814513  4.083 -100.00 -100.00 -100.00
 284   327.913 57472.53589241  1.42 306.609105 -22.812059  3.054 -100.00 -100.00 -100.00
 284   327.613 57472.53589300  0.80 306.610190 -22.809605  2.614 -100.00 -100.00 -100.00
 284   327.587 57472.53589359  0.33 306.611275 -22.807151  3.311 -100.00 -100.00 -100.00
 285   318.914 57482.45152834 18.09 306.608156 -22.818422  9.304 -100.00 -100.00 -100.00
 285   288.628 57482.45152893 19.00 306.609242 -22.815968 13.567 -100.00 -100.00 -100.00
 285   315.517 57482.45152952 21.39 306.610327 -22.813514 13.823 -100.00 -100.00 -100.00
 285   287.155 57482.45153011 21.63 306.611412 -22.811061 20.036 -100.00 -100.00 -100.00
 285   284.587 57482.45153070 23.45 306.612497 -22.808607 19.123 -100.00 -100.00 -100.00
 285   289.890 57482.45153129 24.91 306.613582 -22.806153 20.213 -100.00 -100.00 -100.00
 286   314.974 57492.36716252  3.11 306.609253 -22.817491  5.019 -100.00 -100.00 -100.00
 286   313.242 57492.36716311  5.08 306.610338 -22.815038  9.283 -100.00 -100.00 -100.00
 286   312.590 57492.36716370  2.71 306.611423 -22.812584  7.040 -100.00 -100.00 -100.00
 286   310.591 57492.36716429  3.33 306.612508 -22.810130  7.758 -100.00 -100.00 -100.00
 286   309.140 57492.36716488  1.58 306.613593 -22.807676  5.523 -100.00 -100.00 -100.00
 287   328.272 57502.28279505  5.32 306.612813 -22.814648  8.964 -100.00 -100.00 -100.00
 287   312.949 57502.28279564  3.64 306.613898 -22.812194  7.119 -100.00 -100.00 -100.00
 287   315.686 57502.28279623  3.46 306.614983 -22.809741  6.654 -100.00 -100.00 -100.00
 288   313.074 57512.19844417  9.02 306.610128 -22.816315 10.927 -100.00 -100.00 -100.00
 288   326.393 57512.19844476  8.77 306.611214 -22.813862  9.168 -100.00 -100.00 -100.00
 288   310.198 57512.19844535 10.47 306.612299 -22.811408 11.344 -100.00 -100.00 -100.00
 288   312.232 57512.19844594 10.56 306.613384 -22.808954 12.639 -100.00 -100.00 -100.00
 288   315.847 57512.19844653 11.27 306.614469 -22.806500 10.547 -100.00 -100.00 -100.00
 289   310.425 57522.11409810 19.10 306.607069 -22.817894 16.249 -100.00 -100.00 -100.00
 289   311.271 57522.11409869 21.03 306.608154 -22.815441 20.949 -100.00 -100.00 -100.00
 289   284.386 57522.11409928 23.83 306.609239 -22.812987 24.375 -100.00 -100.00 -100.00
 289   310.883 57522.11409987 25.12 306.610324 -22.810533 21.996 -100.00 -100.00 -100.00
 289   294.372 57522.11410046 27.23 306.611409 -22.808079 27.161 -100.00 -100.00 -100.00
 289   299.001 57522.11410105 26.78 306.612494 -22.805625 28.293 -100.00 -100.00 -100.00
 290   319.590 57532.02974947  8.27 306.604276 -22.820815  7.976 -100.00 -100.00 -100.00
 290   321.298 57532.02975006 13.94 306.605361 -22.818361 13.448 -100.00 -100.00 -100.00
 290   316.472 57532.02975065  9.93 306.606447 -22.815907 11.217 -100.00 -100.00 -100.00
 290   303.363 57532.02975124 18.99 306.607532 -22.813454 18.163 -100.00 -100.00 -100.00
 290   299.353 57532.02975183 18.16 306.608617 -22.811000 22.952 -100.00 -100.00 -100.00
 290   282.510 57532.02975242 21.91 306.609702 -22.808546   -100 -100.00 -100.00 -100.00
 290   284.382 57532.02975301 21.82 306.610787 -22.806092 28.311 -100.00 -100.00 -100.00
 293   282.410 57561.77668868 22.48 306.598560 -22.825098  9.529 -100.00 -100.00 -100.00
 293   289.360 57561.77668927 24.54 306.599645 -22.822644  9.056 -100.00 -100.00 -100.00
 293   288.815 57561.77668986 29.39 306.600731 -22.820190 15.169 -100.00 -100.00 -100.00
 293   289.097 57561.77669045 23.09 306.601816 -22.817737 17.455 -100.00 -100.00 -100.00
 293   290.083 57561.77669104 15.61 306.602901 -22.815283 14.322 -100.00 -100.00 -100.00
 293   288.974 57561.77669163 29.96 306.603987 -22.812829   -100 -100.00 -100.00 -100.00
 294   317.485 57571.69233367  1.70 306.599126 -22.824906  3.610 -100.00 -100.00 -100.00
 294   316.485 57571.69233426  2.01 306.600211 -22.822452  4.436 -100.00 -100.00 -100.00
 294   314.231 57571.69233485  3.42 306.601296 -22.819999  6.006 -100.00 -100.00 -100.00
 294   315.902 57571.69233544  2.02 306.602381 -22.817545  5.151 -100.00 -100.00 -100.00
 294   311.241 57571.69233603  4.49 306.603466 -22.815091  7.639 -100.00 -100.00 -100.00
 294   314.413 57571.69233662  2.82 306.604552 -22.812638  6.015 -100.00 -100.00 -100.00
 294   316.375 57571.69233721  0.44 306.605637 -22.810184  4.304 -100.00 -100.00 -100.00
 296   280.041 57591.52362248 14.05 306.603763 -22.821459 15.007 -100.00 -100.00 -100.00
 296   284.928 57591.52362307 17.13 306.604848 -22.819006 22.599 -100.00 -100.00 -100.00
 296   289.636 57591.52362366 12.65 306.605933 -22.816552 15.928 -100.00 -100.00 -100.00
 296   314.442 57591.52362425  2.67 306.607018 -22.814098  3.375 -100.00 -100.00 -100.00
 296   312.961 57591.52362484  4.23 306.608103 -22.811645  5.424 -100.00 -100.00 -100.00
 296   311.935 57591.52362543  2.13 306.609188 -22.809191  2.998 -100.00 -100.00 -100.00
 296   310.227 57591.52362602  3.69 306.610273 -22.806738  5.132 -100.00 -100.00 -100.00
 297   317.235 57601.43926303 12.60 306.605198 -22.819979 12.140 -100.00 -100.00 -100.00
 297   302.027 57601.43926362 18.36 306.606283 -22.817525 19.403 -100.00 -100.00 -100.00
 297   298.579 57601.43926421 18.62 306.607368 -22.815072 25.189 -100.00 -100.00 -100.00
 297   301.126 57601.43926480 21.86 306.608453 -22.812618 20.627 -100.00 -100.00 -100.00
 297   309.198 57601.43926539 21.53 306.609538 -22.810165 18.718 -100.00 -100.00 -100.00
 297   310.750 57601.43926598 23.64 306.610623 -22.807711 22.692 -100.00 -100.00 -100.00
