-181344.582    90.034     0.00    8.38
-181056.425    90.278     0.85    9.12
-180768.256    89.469    -2.81    9.68
-180480.076    88.762    -2.45    9.97
-180191.886    87.138    -5.63   10.58
-179903.684    85.128    -6.97   10.19
-179615.471    82.263    -9.94    9.90
-179327.248    80.309    -6.78    7.96
-179039.013    78.934    -4.77    6.21
-178750.767    78.731    -0.70    5.77
-178462.511    79.888     4.01    6.79
-178174.243    81.712     6.33    8.40
-177885.964    85.309    12.48   10.65
-177597.674    88.109     9.71   11.75
-177309.373    91.200    10.72   13.95
-177021.061    94.187    10.36   14.66
-176732.738    98.544    15.11   16.74
-176444.404   101.395     9.89   16.78
-176156.059   106.919    19.16   19.00
-175867.703   109.915    10.39   18.37
-175579.336   114.294    15.18   17.20
-175290.958   116.832     8.80   16.10
-175002.569   119.528     9.35   14.88
-174714.168   120.512     3.41   12.90
-174425.757   123.231     9.43   11.08
-174137.335   124.278     3.63    9.36
-173848.901   126.278     6.93    7.06
-173560.457   127.094     2.83    6.17
-173272.001   126.992    -0.35    6.46
-172983.534   126.907    -0.30    6.51
-172695.057   125.919    -3.43    6.58
-172406.568   125.897    -0.07    5.71
-172118.068   124.135    -6.11    6.25
-171829.557   122.326    -6.27    7.57
-171541.035   120.004    -8.05    8.71
-171252.502   116.231   -13.08   10.13
-170963.958   111.481   -16.46   11.04
-170675.402   106.020   -18.92   12.27
-170386.836    99.375   -23.03   13.07
-170098.259    95.544   -13.27   11.54
-169809.670    92.564   -10.32    9.51
-169521.070    90.825    -6.02    7.57
-169232.460    90.675    -0.52    6.25
-168943.838    91.907     4.27    6.54
-168655.205    94.004     7.26    6.19
-168366.561    95.997     6.90    5.10
-168077.906    97.075     3.73    4.90
-167789.240    98.564     5.16    5.26
-167500.562   101.214     9.18    6.43
-167211.874   103.681     8.55    7.39
-166923.174   107.214    12.23    8.17
-166634.464   110.391    11.00    8.22
-166345.742   113.606    11.13    7.42
-166057.009   115.802     7.60    5.66
-165768.265   117.008     4.18    4.29
-165479.510   117.199     0.66    3.89
-165190.743   117.181    -0.06    3.49
-164901.966   116.596    -2.03    4.75
-164613.177   115.700    -3.10    6.44
-164324.378   116.056     1.23    7.35
-164035.567   116.716     2.28    8.07
-163746.745   119.104     8.27    9.76
-163457.912   121.639     8.78   10.30
-163169.068   125.746    14.22   10.60
-162880.212   128.940    11.06   10.43
-162591.346   131.724     9.64    9.18
-162302.468   132.094     1.28    8.34
-162013.579   132.294     0.69    8.43
-161724.679   129.045   -11.25    9.01
-161435.768   126.167    -9.96    9.41
-161146.846   121.463   -16.28    9.09
-160857.912   117.601   -13.36    9.24
-160568.968   114.032   -12.35    8.80
-160280.012   112.124    -6.60    7.97
-159991.045   111.262    -2.99    8.13
-159702.067   112.700     4.98    9.49
-159413.078   115.199     8.65   11.49
-159124.077   120.184    17.25   13.17
-158835.066   126.586    22.15   13.25
-158546.043   132.246    19.58   11.34
-158257.009   138.995    23.35    9.26
-157967.964   142.997    13.84    9.52
-157678.908   146.151    10.91    9.84
-157389.840   150.091    13.63   10.82
-157100.761   154.201    14.22   10.57
-156811.672   157.013     9.72   10.00
-156522.571   160.459    11.92    8.36
-156233.458   162.356     6.56    7.22
-155944.335   164.131     6.14    5.73
-155655.200   164.555     1.47    4.93
-155366.054   164.601     0.16    4.32
-155076.897   164.138    -1.60    4.08
-154787.729   163.580    -1.93    3.82
-154498.550   162.231    -4.66    3.31
-154209.359   161.212    -3.53    3.15
-153920.157   159.325    -6.52    4.08
-153630.944   156.601    -9.42    6.10
-153341.720   153.551   -10.55    8.10
-153052.484   148.434   -17.69   10.23
-152763.237   142.731   -19.72   11.60
-152473.979   137.645   -17.58   11.24
-152184.710   132.309   -18.44   10.04
-151895.430   129.204   -10.74    8.23
-151606.138   126.817    -8.25    6.53
-151316.835   126.051    -2.65    6.73
-151027.521   126.278     0.79    7.88
-150738.196   126.578     1.04    8.65
-150448.859   126.716     0.48    9.21
-150159.511   125.021    -5.86    9.79
-149870.152   123.622    -4.83   10.18
-149580.782   121.672    -6.74    9.98
-149291.400   119.622    -7.08    9.10
-149002.008   118.195    -4.93    8.87
-148712.604   118.669     1.64    9.69
-148423.188   119.386     2.48    9.74
-148133.762   121.078     5.85    9.79
-147844.324   122.217     3.93    9.57
-147554.875   123.700     5.12    8.26
-147265.415   123.442    -0.89    8.05
-146975.943   123.198    -0.84    7.55
-146686.460   121.372    -6.31    7.76
-146396.966   119.325    -7.07    8.20
-146107.461   115.832   -12.06    8.87
-145817.944   112.504   -11.49    8.70
-145528.416   107.988   -15.60    8.09
-145238.877   104.326   -12.65    8.50
-144949.326   100.897   -11.84    8.15
-144659.764    98.246    -9.15    7.29
-144370.191    95.716    -8.74    6.48
-144080.607    93.810    -6.58    5.48
-143791.011    92.794    -3.51    5.53
-143501.405    91.643    -3.97    5.83
-143211.786    91.167    -1.64    6.30
-142922.157    90.246    -3.18    6.65
-142632.516    89.919    -1.13    7.14
-142342.864    89.343    -1.99    6.32
-142053.201    89.714     1.28    6.77
-141763.526    89.714     0.00    6.51
-141473.840    89.149    -1.95    6.70
-141184.142    88.913    -0.81    6.57
-140894.434    88.386    -1.82    6.84
-140604.714    88.155    -0.80    7.52
-140314.983    87.698    -1.58    7.69
-140025.240    85.245    -8.46    7.62
-139735.486    83.945    -4.49    8.30
-139445.721    81.419    -8.72    7.46
-139155.944    80.169    -4.31    6.98
-138866.157    78.632    -5.30    5.62
-138576.357    77.950    -2.35    4.62
-138286.547    79.032     3.73    5.93
-137996.725    81.373     8.08    7.48
-137706.892    84.691    11.45    8.89
-137417.047    89.013    14.91   10.04
-137127.192    93.509    15.51    9.21
-136837.324    96.834    11.47    7.91
-136547.446    99.728     9.98    6.90
-136257.556   101.341     5.56    6.43
-135967.655   103.215     6.46    5.56
-135677.742   104.370     3.99    4.63
-135387.818   104.940     1.96    4.48
-135097.883   105.355     1.43    4.81
-134807.936   106.662     4.51    5.52
-134517.978   107.997     4.61    5.76
-134228.563   109.859     6.43    5.48
-133941.027   112.013     7.49    5.19
-133653.479   114.401     8.31    5.24
-133365.921   116.294     6.58    5.62
-133078.351   119.088     9.71    5.60
-132790.770   122.013    10.17    6.50
-132503.178   125.295    11.41    7.17
-132215.575   129.575    14.88    9.09
-131927.961   134.566    17.35   10.56
-131640.335   139.475    17.07   11.56
-131352.698   145.460    20.81   12.36
-131065.051   152.199    23.43   13.07
-130777.391   158.162    20.73   12.83
-130489.721   164.075    20.55   13.44
-130202.040   169.127    17.56   12.99
-129914.347   173.309    14.54   12.41
-129626.644   175.555     7.80   13.06
-129338.929   176.278     2.51   15.44
-129051.203   175.828    -1.56   16.45
-128763.466   175.940     0.39   16.59
-128475.717   176.834     3.11   15.11
-128187.957   179.013     7.57   13.16
-127900.187   180.059     3.64   11.38
-127612.405   181.516     5.06   10.15
-127324.611   182.972     5.06    8.25
-127036.807   183.388     1.44    6.58
-126748.991   183.585     0.68    5.80
-126461.165   182.165    -4.93    7.91
-126173.327   181.872    -1.02    8.23
-125885.477   182.453     2.02    7.43
-125597.617   182.356    -0.34    7.49
-125309.745   183.929     5.46    6.85
-125021.863   183.810    -0.41    7.01
-124733.969   183.707    -0.36    8.45
-124446.063   181.961    -6.06   11.07
-124158.147   181.509    -1.57   12.60
-123870.219   181.294    -0.75   13.38
-123582.280   183.786     8.65   13.89
-123294.330   185.659     6.50   14.68
-123006.369   192.036    22.14   11.66
-122718.396   194.389     8.17   10.09
-122430.412   196.091     5.91    8.87
-122142.417   194.437    -5.74   11.15
-121854.411   192.638    -6.25   13.29
-121566.393   188.612   -13.98   15.67
-121278.365   183.918   -16.30   16.72
-120990.324   177.819   -21.17   16.35
-120702.273   175.863    -6.79   14.56
-120414.211   174.824    -3.61   13.20
-120126.137   176.832     6.97   13.00
-119838.052   179.481     9.20   13.92
-119549.956   183.295    13.24   15.45
-119261.848   188.106    16.70   15.66
-118973.729   193.059    17.19   13.64
-118685.599   197.091    13.99   10.28
-118397.458   199.384     7.96    7.59
-118109.305   201.106     5.98    6.29
-117821.142   202.918     6.28    6.09
-117532.967   204.778     6.46    8.04
-117244.780   206.897     7.35    9.57
-116956.582   210.184    11.41   10.99
-116668.374   214.355    14.47   11.70
-116380.153   218.122    13.07   11.90
-116091.922   222.659    15.74   10.57
-115803.679   225.544    10.01    9.63
-115515.425   227.678     7.40    7.88
-115227.160   228.763     3.76    6.78
-114938.883   229.036     0.95    6.49
-114650.595   228.415    -2.15    6.90
-114362.296   227.294    -3.89    6.92
-114073.986   225.216    -7.21    7.23
-113785.664   223.928    -4.47    7.29
-113497.331   222.638    -4.48    7.13
-113208.986   221.096    -5.34    7.71
-112920.631   218.731    -8.20    8.85
-112632.264   215.339   -11.76   11.35
-112343.885   209.555   -20.05   15.34
-112055.496   203.345   -21.53   16.27
-111767.095   197.606   -19.90   15.14
-111478.683   195.403    -7.64   13.12
-111190.259   194.403    -3.47   11.81
-110901.824   197.324    10.13   13.29
-110613.378   201.945    16.02   15.05
-110324.920   209.407    25.87   13.93
-110036.452   215.669    21.70   12.94
-109747.971   220.834    17.90   10.60
-109459.480   224.391    12.33    6.84
-109170.977   224.119    -0.94    7.66
-108882.463   222.133    -6.88   10.01
-108593.937   218.770   -11.65   11.70
-108305.400   214.310   -15.46   12.40
-108016.852   209.294   -17.38   12.12
-107728.293   203.497   -20.09   12.39
-107439.722   198.356   -17.81   12.55
-107151.140   193.981   -15.16   12.19
-106862.546   188.684   -18.35   12.25
-106573.941   182.681   -20.80   13.20
-106285.325   176.437   -21.63   13.95
-105996.697   172.485   -13.69   12.97
-105708.058   170.532    -6.76   12.17
-105419.408   170.419    -0.39   12.67
-105130.746   170.865     1.55   13.36
-104842.073   173.681     9.75   13.98
-104553.389   178.638    17.17   12.68
-104264.693   182.117    12.05   11.11
-103975.986   185.802    12.76   11.06
-103687.267   189.596    13.14   12.08
-103398.537   194.356    16.48   13.91
-103109.796   201.564    24.96   15.54
-102821.043   210.001    29.22   14.76
-102532.279   216.545    22.66   12.86
-102243.504   221.447    16.98    9.65
-101954.717   223.036     5.50    7.52
-101665.918   222.309    -2.52    8.11
-101377.109   218.702   -12.49    9.77
-101088.288   212.977   -19.82   10.72
-100799.455   207.345   -19.50   11.53
-100510.612   201.262   -21.06   12.37
-100221.756   195.592   -19.63   12.70
 -99932.890   191.808   -13.10   12.04
 -99644.012   188.681   -10.82   12.01
 -99355.122   185.294   -11.72   12.48
 -99066.221   182.178   -10.79   13.23
 -98777.309   180.138    -7.06   13.77
 -98488.385   176.924   -11.12   13.78
 -98199.450   174.718    -7.64   13.45
 -97910.504   171.369   -11.59   13.17
 -97621.546   169.694    -5.80   13.07
 -97332.577   168.278    -4.90   13.63
 -97043.596   168.078    -0.69   15.06
 -96754.604   168.723     2.23   15.77
 -96465.600   170.731     6.95   17.24
 -96176.585   174.663    13.60   17.08
 -95887.558   177.596    10.15   14.62
 -95598.520   180.939    11.57   13.69
 -95309.471   183.153     7.66   11.49
 -95020.410   187.149    13.82   10.58
 -94731.338   190.972    13.22   10.27
 -94442.254   194.606    12.57    9.43
 -94153.159   197.405     9.68    7.82
 -93864.053   197.865     1.59    8.38
 -93574.934   196.151    -5.93   11.08
 -93285.805   191.859   -14.84   13.47
 -92996.664   185.606   -21.62   14.89
 -92707.512   178.184   -25.67   14.32
 -92418.348   171.434   -23.34   12.46
 -92129.172   166.373   -17.50   10.94
 -91839.986   162.020   -15.05    9.83
 -91550.787   159.421    -8.99   10.16
 -91261.578   156.754    -9.22   11.25
 -90972.356   153.216   -12.23   11.46
 -90683.124   149.716   -12.10   11.28
 -90393.880   146.707   -10.40   10.55
 -90104.624   143.052   -12.63   10.08
 -89815.357   140.854    -7.60   10.14
 -89526.078   137.972    -9.96   10.12
 -89236.788   135.564    -8.32   11.84
 -88947.486   133.017    -8.80   12.81
 -88658.173   131.153    -6.44   13.46
 -88368.849   130.310    -2.91   13.69
 -88079.513   132.028     5.94   15.39
 -87790.165   133.762     5.99   14.75
 -87500.806   135.370     5.56   14.29
 -87211.436   138.112     9.47   12.05
 -86922.054   141.293    10.99   11.44
 -86632.660   143.825     8.75   10.86
 -86343.255   144.325     1.73   11.79
 -86053.838   143.362    -3.33   11.39
 -85764.410   139.419   -13.62   12.53
 -85474.971   134.218   -17.97   14.97
 -85185.520   129.702   -15.60   15.92
 -84896.057   125.369   -14.97   15.84
 -84606.583   120.559   -16.61   14.14
 -84317.097   116.778   -13.06   14.50
 -84027.600   114.919    -6.42   16.74
 -83738.091   110.839   -14.09   17.90
 -83448.571   108.763    -7.17   18.48
 -83159.039   107.112    -5.70   17.88
 -82869.496   104.342    -9.57   15.43
 -82579.941   101.845    -8.62   13.93
 -82290.374   100.707    -3.93   14.27
 -82000.797    98.356    -8.12   14.59
 -81711.207    97.091    -4.37   15.04
 -81421.606    97.863     2.67   14.91
 -81131.993    98.040     0.61   13.93
 -80842.369   100.617     8.90   14.04
 -80552.734   102.929     7.98   14.52
 -80263.086   105.669     9.46   13.91
 -79973.428   108.216     8.79   13.41
 -79683.757   111.028     9.71   12.58
 -79394.075   113.356     8.04   12.19
 -79104.382   115.405     7.07   13.32
 -78814.677   118.659    11.23   14.07
 -78524.960   123.675    17.31   15.70
 -78235.232   131.694    27.67   15.54
 -77945.492   138.339    22.93   12.96
 -77655.741   143.612    18.20   10.07
 -77365.978   147.072    11.94    9.15
 -77076.203   147.445     1.29   10.59
 -76786.417   145.309    -7.37   14.38
 -76496.620   141.187   -14.22   17.31
 -76206.810   137.122   -14.03   17.74
 -75916.990   133.627   -12.06   15.55
 -75627.157   132.122    -5.19   13.65
 -75337.313   131.812    -1.07   11.51
 -75047.458   135.278    11.96   12.25
 -74757.590   138.884    12.44   12.68
 -74467.712   143.748    16.78   13.04
 -74177.821   148.084    14.96   11.81
 -73887.919   152.309    14.57   11.27
 -73598.005   156.478    14.38   10.54
 -73308.080   160.434    13.65   10.43
 -73018.143   164.153    12.83    9.11
 -72728.195   167.081    10.10    7.13
 -72438.235   168.021     3.24    6.12
 -72148.263   167.770    -0.86    6.14
 -71860.396   166.312    -5.07    7.20
 -71572.883   164.017    -7.98    8.60
 -71285.358   161.929    -7.26    9.45
 -70997.823   158.738   -11.10   10.61
 -70710.275   156.894    -6.42   13.00
 -70422.717   156.405    -1.70   13.95
 -70135.147   156.389    -0.06   14.47
 -69847.565   158.801     8.39   14.00
 -69559.973   160.085     4.46   13.27
 -69272.368   164.684    15.99   13.83
 -68984.753   167.801    10.84   14.85
 -68697.126   172.419    16.05   14.64
 -68409.487   175.246     9.83   12.91
 -68121.837   177.101     6.45   10.77
 -67834.176   175.691    -4.90   12.50
 -67546.503   171.472   -14.67   15.98
 -67258.819   166.294   -18.00   17.03
 -66971.123   162.419   -13.47   17.42
 -66683.416   158.500   -13.62   17.87
 -66395.698   156.513    -6.91   18.19
 -66107.968   152.897   -12.56   18.83
 -65820.226   153.836     3.26   15.93
 -65532.474   154.106     0.94   13.49
 -65244.709   155.570     5.09   10.57
 -64956.934   156.066     1.72    9.16
 -64669.147   156.808     2.58    8.40
 -64381.348   158.186     4.79    8.36
 -64093.538   159.412     4.26    8.64
 -63805.716   159.986     2.00    8.49
 -63517.883   161.763     6.17    7.93
 -63230.039   163.832     7.19    7.29
 -62942.183   164.740     3.15    7.00
 -62654.316   164.878     0.48    6.75
 -62366.437   165.428     1.91    6.19
 -62078.547   165.153    -0.96    6.33
 -61790.645   165.795     2.23    6.36
 -61502.732   166.494     2.43    5.77
 -61214.807   165.647    -2.94    5.49
 -60926.871   163.606    -7.09    8.17
 -60638.923   160.888    -9.44   10.60
 -60350.964   157.417   -12.05   11.23
 -60062.993   153.478   -13.68   11.19
 -59775.011   149.324   -14.42   10.91
 -59487.017   146.294   -10.52   10.18
 -59199.012   145.017    -4.43   11.23
 -58910.996   143.354    -5.77   12.48
 -58622.968   142.008    -4.67   13.35
 -58334.928   140.344    -5.78   13.52
 -58046.877   139.841    -1.75   13.43
 -57758.814   137.356    -8.62   12.21
 -57470.740   135.013    -8.14   10.91
 -57182.655   132.091   -10.14    8.87
 -56894.558   129.372    -9.44    7.73
 -56606.449   127.133    -7.77    8.54
 -56318.329   122.231   -17.01   12.08
 -56030.197   117.850   -15.20   13.67
 -55742.054   111.028   -23.67   14.62
 -55453.899   106.232   -16.64   13.48
 -55165.733   102.863   -11.69   12.34
 -54877.555   100.199    -9.24   12.61
 -54589.366    99.852    -1.20   13.15
 -54301.165   100.106     0.88   13.68
 -54012.953   103.481    11.71   12.50
 -53724.729   104.794     4.55    9.86
 -53436.494   106.718     6.67    8.42
 -53148.247   106.678    -0.14    6.23
 -52859.989   105.504    -4.07    5.58
 -52571.719   104.434    -3.71    5.64
 -52283.437   102.453    -6.87    6.10
 -51995.144   101.647    -2.79    7.41
 -51706.839   100.509    -3.95    7.55
 -51418.523    98.293    -7.68    7.45
 -51130.195    96.183    -7.32    7.44
 -50841.856    93.544    -9.15    7.03
 -50553.505    91.228    -8.03    7.05
 -50265.143    86.909   -14.98    9.19
 -49976.769    82.930   -13.80   11.41
 -49688.383    78.627   -14.92   12.57
 -49399.986    74.678   -13.69   13.20
 -49111.577    71.481   -11.08   13.57
 -48823.157    68.078   -11.80   13.28
 -48534.725    66.372    -5.92   12.58
 -48246.282    64.490    -6.52   13.13
 -47957.827    64.445    -0.16   14.68
 -47669.360    63.940    -1.75   15.40
 -47380.882    64.945     3.48   16.02
 -47092.393    64.778    -0.58   16.18
 -46803.891    64.119    -2.28   14.09
 -46515.378    60.528   -12.45   13.48
 -46226.854    58.294    -7.74   14.16
 -45938.318    54.122   -14.46   14.47
 -45649.770    52.434    -5.85   15.77
 -45361.211    49.389   -10.55   16.73
 -45072.640    49.040    -1.21   15.80
 -44784.057    46.988    -7.11   13.39
 -44495.463    46.924    -0.22   10.67
 -44206.858    45.581    -4.65    9.18
 -43918.240    45.601     0.07    6.63
 -43629.611    44.216    -4.80    5.63
 -43340.971    43.412    -2.79    4.41
 -43052.319    41.466    -6.74    6.38
 -42763.655    39.138    -8.06    7.90
 -42474.980    36.094   -10.54    9.55
 -42186.293    33.293    -9.70   10.07
 -41897.594    29.647   -12.63   10.04
 -41608.884    26.045   -12.48    8.68
 -41320.162    23.981    -7.15    7.19
 -41031.428    22.326    -5.73    4.94
 -40742.683    23.112     2.72    6.16
 -40453.926    25.463     8.14    7.62
 -40165.158    29.187    12.90    8.72
 -39876.378    33.151    13.73    9.27
 -39587.586    38.325    17.92    9.34
 -39298.783    42.962    16.05    9.49
 -39009.968    48.970    20.81   11.12
 -38721.141    54.793    20.16   12.37
 -38432.303    61.325    22.61   11.90
 -38143.453    67.481    21.31   11.47
 -37854.591    72.401    17.03   11.20
 -37565.718    77.295    16.94   11.28
 -37276.833    80.548    11.26   13.17
 -36987.936    83.909    11.63   14.29
 -36699.028    84.124     0.75   16.90
 -36410.108    85.341     4.21   18.36
 -36121.176    83.730    -5.58   17.73
 -35832.233    83.612    -0.41   17.99
 -35543.278    82.488    -3.89   14.93
 -35254.312    83.907     4.91   13.69
 -34965.333    85.481     5.45   12.46
 -34676.343    88.888    11.79   12.96
 -34387.342    94.405    19.09   13.22
 -34098.328   100.801    22.13   12.99
 -33809.303   107.052    21.63   13.02
 -33520.266   112.551    19.02   13.02
 -33231.218   117.970    18.75   13.40
 -32942.158   122.755    16.55   13.50
 -32653.086   127.081    14.97   12.97
 -32364.003   131.559    15.49   11.12
 -32074.907   133.762     7.62   10.01
 -31785.800   135.731     6.81    9.46
 -31496.682   135.756     0.08    8.21
 -31207.551   134.551    -4.17    8.91
 -30918.409   131.651   -10.03    9.62
 -30629.255   128.047   -12.46   10.74
 -30340.090   123.312   -16.38   11.26
 -30050.913   118.063   -18.15   11.94
 -29761.724   113.278   -16.54   11.92
 -29472.523   108.955   -14.95   11.81
 -29183.311   104.521   -15.33   12.60
 -28894.087    99.740   -16.53   14.05
 -28604.851    93.843   -20.39   15.96
 -28315.603    88.687   -17.82   16.78
 -28026.344    82.008   -23.09   16.01
 -27737.073    78.231   -13.06   13.93
 -27447.790    75.934    -7.94   12.36
 -27158.496    74.407    -5.28   11.62
 -26869.189    76.117     5.91   12.56
 -26579.871    78.419     7.96   15.51
 -26290.542    84.407    20.70   16.11
 -26001.200    90.881    22.38   17.11
 -25711.847    95.903    17.36   16.68
 -25422.482    99.601    12.78   16.17
 -25133.105   103.950    15.03   15.33
 -24843.717   106.278     8.04   13.85
 -24554.316   109.017     9.46   12.78
 -24264.904   110.122     3.82   11.24
 -23975.480   112.888     9.56   10.23
 -23686.045   115.581     9.31    8.87
 -23396.597   117.324     6.02    8.27
 -23107.138   119.085     6.08    8.52
 -22817.667   120.278     4.12    9.68
 -22528.185   121.977     5.87   11.09
 -22238.690   122.702     2.51   11.27
 -21949.184   124.263     5.39   10.56
 -21659.666   126.021     6.07    9.45
 -21370.136   127.213     4.12    7.45
 -21080.595   127.403     0.66    5.93
 -20791.041   126.983    -1.45    5.56
 -20501.476   123.832   -10.88    9.16
 -20211.899   119.555   -14.77   12.85
 -19922.310   114.740   -16.63   15.38
 -19632.710   109.373   -18.53   16.84
 -19343.097   102.445   -23.92   18.85
 -19053.473    96.101   -21.90   19.98
 -18763.837    90.040   -20.92   19.12
 -18474.189    84.232   -20.05   20.91
 -18184.530    77.186   -24.33   20.94
 -17894.858    70.575   -22.82   20.17
 -17605.175    62.516   -27.82   19.15
 -17315.480    54.945   -26.14   18.87
 -17025.773    45.612   -32.22   17.25
 -16736.054    37.246   -28.87   17.93
 -16446.324    29.434   -26.96   15.95
 -16156.581    24.437   -17.25   12.51
 -15866.827    23.085    -4.67   11.26
 -15577.061    24.808     5.95   13.49
 -15287.283    29.778    17.15   16.89
 -14997.494    39.199    32.51   20.16
 -14707.692    49.740    36.37   20.47
 -14417.879    60.013    35.45   18.37
 -14128.054    68.850    30.49   16.84
 -13838.216    76.059    24.88   13.88
 -13548.368    81.495    18.75   11.33
 -13258.507    84.986    12.04   10.13
 -12968.634    87.170     7.54   10.07
 -12678.750    87.184     0.05   11.47
 -12388.853    86.700    -1.67   12.71
 -12098.945    85.419    -4.42   15.12
 -11809.025    84.212    -4.16   16.53
 -11519.093    83.017    -4.12   17.11
 -11229.149    83.096     0.27   16.45
 -10939.194    84.001     3.12   14.64
 -10649.226    87.186    10.98   14.51
 -10359.247    91.940    16.39   13.37
 -10069.255    95.442    12.08   12.63
  -9780.474    99.217    13.07   10.85
  -9493.008   101.694     8.62    8.04
  -9205.529   101.263    -1.50    8.91
  -8918.039    98.494    -9.63   12.51
  -8630.538    92.215   -21.84   15.18
  -8343.025    86.802   -18.83   15.06
  -8055.500    80.151   -23.13   13.83
  -7767.963    73.153   -24.34   14.45
  -7480.415    66.817   -22.04   13.56
  -7192.855    62.733   -14.20   12.58
  -6905.283    59.233   -12.17   12.18
  -6617.700    56.794    -8.48   11.85
  -6330.105    55.262    -5.33   12.75
  -6042.499    55.403     0.49   15.00
  -5754.881    56.524     3.90   15.77
  -5467.251    58.201     5.83   15.08
  -5179.609    61.051     9.91   13.71
  -4891.956    65.170    14.32   12.37
  -4604.291    68.628    12.02   11.61
  -4316.614    72.481    13.39   11.71
  -4028.926    76.098    12.57   11.14
  -3741.226    79.930    13.32   10.51
  -3453.514    82.155     7.73    9.78
  -3165.791    82.075    -0.28   10.57
  -2878.056    80.044    -7.06   12.24
  -2590.309    74.478   -19.34   16.81
  -2302.551    65.180   -32.31   25.13
  -2014.781    50.718   -50.26   31.36
  -1726.999    37.970   -44.29   31.69
  -1439.205    25.460   -43.47   28.52
  -1151.400    17.094   -29.07   23.91
   -863.583     6.827   -35.67   14.98
   -575.754     2.738   -14.20    8.47
   -287.914     0.437    -8.00    3.04
     -0.062     0.075    -1.26    1.66
    287.802    -0.050    -0.43    1.57
    575.678    -0.106    -0.20    1.49
    863.565    -0.034     0.25    1.86
   1151.464     0.231     0.92    2.35
   1439.375     0.327     0.33    2.36
   1727.297     0.372     0.15    2.31
   2015.231     0.475     0.36    2.29
   2303.177     0.540     0.22    2.23
   2591.135     0.612     0.25    2.07
   2879.104     0.863     0.87    2.09
   3167.085     1.112     0.86    1.90
   3455.078     1.466     1.23    2.17
   3743.083     1.919     1.57    2.47
   4031.099     2.248     1.14    2.40
   4319.128     2.801     1.92    2.45
   4607.167     2.657    -0.50    2.24
   4895.219     2.359    -1.04    1.30
   5183.283     2.370     0.04    1.21
   5471.358     2.439     0.24    1.22
   5759.445     2.509     0.24    1.16
   6047.543     2.536     0.09    1.10
   6335.654     2.638     0.35    1.09
   6623.776     2.559    -0.27    1.13
   6911.910     2.700     0.49    1.19
   7200.056     2.834     0.46    1.12
   7488.213     2.875     0.14    1.12
   7776.383     2.778    -0.34    1.13
   8064.564     2.778     0.00    1.07
   8352.757     2.834     0.19    1.01
   8640.961     2.881     0.17    0.99
   8929.178     2.865    -0.06    0.94
   9217.406     2.843    -0.08    0.92
   9505.646     2.778    -0.22    0.96
   9793.898     2.801     0.08    0.97
  10082.162     2.924     0.43    1.02
  10370.437     2.854    -0.24    1.01
  10658.724     2.872     0.06    1.09
  10947.023     2.862    -0.04    1.11
  11235.334     2.856    -0.02    1.11
  11523.657     2.980     0.43    1.10
  11811.991     3.051     0.25    1.12
  12100.338     3.144     0.32    1.09
  12388.696     3.078    -0.23    1.08
  12677.066     2.995    -0.29    1.08
  12965.447     3.047     0.18    1.23
  13253.841     2.913    -0.47    1.25
  13542.246     2.919     0.02    1.29
  13830.664     2.817    -0.35    1.28
  14119.093     2.421    -1.37    1.52
  14407.533     2.052    -1.28    1.58
  14695.986     1.430    -2.16    1.74
  14984.451     1.020    -1.42    1.68
  15272.927     0.691    -1.14    1.60
  15561.415     0.575    -0.40    1.71
  15849.915     0.591     0.05    1.81
  16138.427     0.950     1.25    2.29
  16426.951     1.359     1.42    2.29
  16715.486     1.691     1.15    2.25
  17004.034     1.865     0.61    1.96
  17292.593     2.151     0.99    1.85
  17581.164     2.601     1.56    1.64
  17869.747     2.778     0.61    1.43
  18158.342     2.723    -0.19    1.01
  18446.949     2.632    -0.31    1.10
  18735.568     2.552    -0.28    1.01
  19024.198     2.570     0.06    1.34
  19312.840     4.155     5.49    5.71
  19601.495     8.021    13.39   12.13
  19890.161    14.217    21.46   19.55
  20178.839    21.109    23.88   23.42
  20467.528    26.145    17.44   24.17
  20756.230    33.832    26.63   24.28
  21044.944    41.711    27.29   22.99
  21333.669    52.672    37.96   19.59
  21622.407    59.233    22.72   18.35
  21911.156    63.497    14.77   17.77
  22199.917    67.754    14.74   15.77
  22488.690    72.466    16.32   15.52
  22777.475    78.153    19.69   16.12
  23066.272    85.950    27.00   17.20
  23355.081    90.575    16.01   18.33
  23643.901    96.606    20.88   17.55
  23932.734    97.104     1.72   17.19
  24221.578    97.992     3.08   18.06
  24510.435    98.509     1.79   17.85
  24799.303    99.678     4.05   18.27
  25088.183    99.596    -0.28   19.05
  25377.075   102.430     9.81   20.03
  25665.979   103.481     3.64   21.89
  25954.895   107.528    14.01   19.50
  26243.823   110.186     9.20   19.29
  26532.763   114.399    14.58   17.45
  26821.715   116.233     6.34   16.81
  27110.679   116.159    -0.26   15.95
  27399.654   116.202     0.15   15.74
  27688.642   113.795    -8.33   18.53
  27977.641   108.924   -16.85   21.12
  28266.653   104.532   -15.20   19.68
  28555.676   100.778   -12.99   16.31
  28844.711    99.924    -2.95   12.85
  29133.759   102.326     8.31   11.82
  29422.818   106.843    15.63   10.74
  29711.889   112.505    19.59    9.15
  30000.972   115.972    11.99    7.52
  30290.067   118.612     9.13    8.14
  30579.174   118.153    -1.59    9.74
  30868.293   116.731    -4.92   13.48
  31157.424   113.794   -10.16   15.18
  31446.567   110.085   -12.83   15.83
  31735.722   104.419   -19.59   17.43
  32024.889   101.119   -11.41   16.12
  32314.068    95.841   -18.25   16.81
  32603.259    91.581   -14.73   17.98
  32892.462    86.309   -18.23   19.63
  33181.676    79.456   -23.70   21.90
  33470.903    71.184   -28.60   23.46
  33760.142    64.117   -24.44   22.30
  34049.393    60.066   -14.00   20.00
  34338.655    58.694    -4.74   17.77
  34627.930    59.445     2.60   18.62
  34917.217    64.325    16.87   20.25
  35206.516    71.647    25.31   21.34
  35495.826    82.819    38.62   19.83
  35785.149    94.770    41.31   21.87
  36074.484   103.566    30.40   21.97
  36363.830   108.513    17.10   19.00
  36653.189   112.028    12.15   16.83
  36942.560   113.997     6.80   15.91
  37231.943   111.088   -10.05   18.18
  37521.337   106.104   -17.22   21.02
  37810.744   101.278   -16.67   20.44
  38100.163    98.401    -9.94   20.85
  38389.594    96.075    -8.04   19.48
  38679.037    94.627    -5.00   18.55
  38968.492    95.096     1.62   18.39
  39257.959    99.230    14.28   17.24
  39547.438   104.325    17.60   17.87
  39836.929   110.142    20.09   19.19
  40126.432   113.663    12.16   19.97
  40415.947   118.606    17.08   21.17
  40705.474   126.247    26.39   17.56
  40995.013   131.962    19.74   13.96
  41284.564   133.839     6.48   13.08
  41574.127   134.129     1.00   12.98
  41863.703   131.899    -7.70   14.39
  42153.290   128.218   -12.71   16.06
  42442.889   121.856   -21.97   20.29
  42732.501   116.062   -20.01   21.15
  43022.124   105.466   -36.59   24.78
  43311.760    96.142   -32.19   24.89
  43601.408    87.066   -31.33   22.72
  43891.067    82.032   -17.38   20.16
  44180.739    78.309   -12.85   18.51
  44470.423    75.548    -9.53   16.93
  44760.119    78.056     8.66   21.08
  45049.827    79.794     6.00   20.99
  45339.547    82.047     7.78   22.60
  45629.279    82.032    -0.05   19.76
  45919.023    85.622    12.39   16.54
  46208.780    89.047    11.82   18.15
  46498.548    89.085     0.13   20.60
  46788.329    88.399    -2.36   23.40
  47078.121    87.157    -4.29   24.86
  47367.926    87.054    -0.35   23.21
  47657.743    86.263    -2.73   21.25
  47947.572    83.924    -8.07   19.49
  48237.413    83.212    -2.46   17.34
  48527.266    85.356     7.40   16.63
  48817.131    90.771    18.68   19.35
  49107.008    96.702    20.46   21.13
  49396.898   103.293    22.74   21.53
  49686.799   111.700    29.00   18.42
  49976.713   115.950    14.66   16.49
  50266.639   118.647     9.30   15.78
  50556.577   116.325    -8.01   16.95
  50846.527   113.078   -11.20   16.57
  51136.489   109.909   -10.93   17.04
  51426.463   109.356    -1.91   20.67
  51716.449   107.897    -5.03   23.03
  52006.448   109.104     4.16   25.95
  52296.208   109.294     0.66   25.05
  52583.639   113.094    13.22   23.05
  52871.082   113.521     1.49   21.09
  53158.537   114.142     2.16   16.69
  53446.004   111.231   -10.13   15.68
  53733.483   112.828     5.55   14.87
  54020.974   110.909    -6.68   16.48
  54308.476   109.356    -5.40   16.96
  54595.991   105.189   -14.50   17.09
  54883.517    99.970   -18.15   18.09
  55171.056    93.763   -21.59   19.59
  55458.606    85.606   -28.37   21.51
  55746.168    75.044   -36.73   25.44
  56033.742    65.181   -34.30   24.59
  56321.328    57.817   -25.61   22.48
  56608.926    52.808   -17.41   19.29
  56896.536    50.466    -8.15   17.38
  57184.158    48.325    -7.44   16.37
  57471.792    48.325     0.00   16.54
  57759.437    44.945   -11.75   18.01
  58047.095    41.359   -12.47   19.83
  58334.764    35.481   -20.43   20.32
  58622.446    33.153    -8.09   18.72
  58910.139    29.481   -12.76   16.92
  59197.845    29.088    -1.37   17.60
  59485.562    31.278     7.61   20.27
  59773.291    37.681    22.26   20.55
  60061.032    42.293    16.03   20.27
  60348.786    45.950    12.71   19.67
  60636.551    48.733     9.67   20.40
  60924.328    51.054     8.07   20.38
  61212.117    54.088    10.54   20.87
  61499.918    56.828     9.52   19.36
  61787.731    60.694    13.43   19.53
  62075.556    67.124    22.34   20.01
  62363.392    74.066    24.12   21.37
  62651.241    82.475    29.21   23.78
  62939.102    92.478    34.75   24.28
  63226.975   101.875    32.64   20.71
  63514.860   109.051    24.93   18.21
  63802.756   111.649     9.03   14.97
  64090.665   111.612    -0.13   16.23
  64378.586   107.622   -13.86   17.33
  64666.519   104.247   -11.72   18.10
  64954.463   101.419    -9.82   18.93
  65242.420    98.407   -10.46   20.26
  65530.389    94.005   -15.29   21.34
  65818.369    87.088   -24.02   21.85
  66106.362    83.992   -10.75   20.02
  66394.367    83.817    -0.61   19.20
  66682.383    85.653     6.38   18.80
  66970.412    89.500    13.36   18.43
  67258.453    92.555    10.61   16.14
  67546.505    95.162     9.05   13.59
  67834.570    90.581   -15.90   17.96
  68122.647    84.189   -22.19   22.76
  68410.735    75.324   -30.77   25.50
  68698.836    66.666   -30.05   23.81
  68986.949    58.403   -28.68   19.26
  69275.074    54.345   -14.09   16.47
  69563.211    54.878     1.85   17.90
  69851.359    56.540     5.77   18.43
  70139.520    59.447    10.09   18.71
  70427.693    60.663     4.22   17.56
  70715.878    62.032     4.75   14.34
  71004.075    63.342     4.54   12.38
  71292.284    62.881    -1.60   12.89
  71580.505    62.669    -0.74   14.36
  71868.738    62.109    -1.94   16.29
  72156.983    61.369    -2.57   18.56
  72445.241    63.945     8.94   20.43
  72733.510    67.724    13.11   21.12
  73021.791    73.278    19.27   18.25
  73310.085    77.186    13.56   16.93
  73598.390    78.966     6.17   14.46
  73886.707    76.551    -8.38   13.53
  74175.037    74.694    -6.44   13.46
  74463.379    71.021   -12.74   14.80
  74751.732    65.939   -17.62   15.83
  75040.098    59.308   -23.00   16.80
  75328.476    53.375   -20.58   14.99
  75616.866    47.294   -21.09   14.84
  75905.268    42.915   -15.19   14.98
  76193.682    39.466   -11.96   15.54
  76482.108    34.119   -18.54   15.00
  76770.546    29.778   -15.05   13.52
  77058.996    26.738   -10.54   12.07
  77347.459    24.802    -6.71   10.74
  77635.933    23.622    -4.09    9.31
  77924.420    25.324     5.90   10.61
  78212.918    28.072     9.52   12.76
  78501.429    33.181    17.71   14.65
  78789.952    36.036     9.89   13.59
  79078.487    37.665     5.65   12.71
  79367.034    36.940    -2.51   13.25
  79655.593    34.551    -8.28   13.48
  79944.164    31.621   -10.15   12.74
  80232.748    27.970   -12.65   10.04
  80521.343    26.432    -5.33    8.76
  80809.951    27.728     4.49    9.86
  81098.571    29.606     6.51   12.21
  81387.203    32.069     8.53   14.40
  81675.847    34.581     8.70   16.14
  81964.503    38.155    12.38   19.34
  82253.171    41.081    10.14   20.92
  82541.851    42.659     5.47   21.94
  82830.544    43.575     3.17   22.64
  83119.248    47.497    13.59   22.62
  83407.965    49.463     6.81   21.80
  83696.694    54.001    15.72   21.37
  83985.435    59.263    18.22   19.99
  84274.188    66.570    25.31   17.05
  84562.954    72.426    20.28   15.58
  84851.731    76.356    13.61   14.52
  85140.521    82.490    21.24   14.14
  85429.323    87.204    16.32   13.32
  85718.137    92.010    16.64   13.95
  86006.963    95.930    13.57   12.86
  86295.801    98.612     9.29   13.39
  86584.652   100.247     5.66   15.20
  86873.514   100.419     0.59   16.29
  87162.389    98.687    -5.99   18.28
  87451.276    93.051   -19.51   22.97
  87740.175    88.731   -14.95   24.87
  88029.086    84.133   -15.92   24.13
  88318.010    79.112   -17.38   21.45
  88606.945    74.488   -16.00   17.91
  88895.893    72.138    -8.13   15.12
  89184.853    71.059    -3.73   13.84
  89473.826    72.940     6.51   13.28
  89762.810    74.170     4.26   12.86
  90051.807    74.569     1.38   13.31
  90340.815    75.778     4.19   12.63
  90629.836    75.231    -1.89   12.39
  90918.869    75.724     1.71   11.70
  91207.915    77.001     4.42   11.56
  91496.972    77.581     2.01   11.43
  91786.042    78.439     2.97   11.34
  92075.124    81.481    10.52   12.28
  92364.218    85.875    15.20   12.27
  92653.325    90.172    14.86   10.70
  92942.444    93.678    12.13   10.17
  93231.574    96.432     9.53   10.61
  93520.717    99.183     9.51   10.66
  93809.873   101.808     9.08   11.07
  94099.040   103.891     7.20   11.59
  94388.220   108.663    16.50    9.90
  94677.412   111.724    10.59    9.17
  94966.616   115.153    11.86    8.85
  95255.833   117.700     8.81    7.82
  95545.061   119.633     6.68    6.61
  95834.302   119.824     0.66    6.89
  96123.555   118.246    -5.45    9.79
  96412.821   113.591   -16.09   15.44
  96702.099   105.309   -28.63   21.51
  96991.388    96.106   -31.81   24.39
  97280.691    87.497   -29.76   22.98
  97570.005    80.524   -24.10   18.95
  97859.332    76.978   -12.26   16.41
  98148.671    80.066    10.67   18.97
  98438.022    84.793    16.34   20.31
  98727.385    89.875    17.56   18.46
  99016.761    94.340    15.43   14.75
  99306.149    91.986    -8.13   19.33
  99595.549    90.730    -4.34   21.97
  99884.962    87.032   -12.78   23.38
 100174.386    83.570   -11.96   22.86
 100463.824    80.990    -8.92   20.87
 100753.273    81.201     0.73   19.84
 101042.734    80.627    -1.98   19.22
 101332.208    82.142     5.23   19.25
 101621.695    85.552    11.78   19.74
 101911.193    90.309    16.43   16.88
 102200.704    94.384    14.08   16.32
 102490.227    98.340    13.66   16.40
 102779.762   101.478    10.84   16.84
 103069.310   106.478    17.27   18.48
 103358.870   112.245    19.92   20.38
 103648.442   120.544    28.66   19.72
 103938.027   128.860    28.72   16.79
 104227.624   132.460    12.43   13.38
 104517.233   131.099    -4.70   18.14
 104806.854   124.856   -21.56   25.03
 105096.488   117.967   -23.79   26.15
 105386.134   111.678   -21.71   23.71
 105675.793   109.309    -8.18   20.98
 105965.464   107.986    -4.57   20.43
 106255.147   112.001    13.86   23.96
 106544.842   121.231    31.86   25.71
 106834.550   128.919    26.54   23.21
 107124.270   133.262    14.99   20.61
 107414.003   127.069   -21.38   25.05
 107703.747   119.778   -25.17   27.05
 107993.504   115.581   -14.49   25.90
 108283.274   112.487   -10.68   23.52
 108573.056   112.278    -0.72   22.45
 108862.850   115.895    12.48   23.95
 109152.656   120.716    16.64   25.90
 109442.475   130.338    33.20   27.17
 109732.306   140.718    35.82   25.72
 110022.150   149.263    29.49   24.15
 110312.006   156.309    24.31   21.25
 110601.874   162.098    19.97   17.94
 110891.755   165.263    10.92   15.92
 111181.648   169.122    13.31   14.07
 111471.553   168.463    -2.27   14.84
 111761.471   163.724   -16.35   17.94
 112051.401   160.247   -11.99   19.23
 112341.344   155.825   -15.25   20.20
 112631.298   153.850    -6.81   19.47
 112921.266   152.054    -6.19   19.02
 113211.245   151.930    -0.43   19.07
 113501.237   154.039     7.28   19.94
 113791.242   158.607    15.75   17.21
 114081.258   159.794     4.09   17.72
 114371.288   160.962     4.03   16.46
 114659.427   163.445     8.62   18.15
 114946.820   168.845    18.79   16.48
 115234.226   174.517    19.74   16.91
 115521.643   179.627    17.78   15.80
 115809.073   184.878    18.27   14.55
 116096.515   189.488    16.04   11.52
 116383.969   190.657     4.07    9.49
 116671.435   190.036    -2.16   10.66
 116958.913   187.622    -8.40   13.98
 117246.403   183.763   -13.43   17.78
 117533.906   179.401   -15.17   20.14
 117821.421   176.617    -9.69   20.40
 118108.948   171.488   -17.84   20.87
 118396.487   168.415   -10.69   21.65
 118684.038   165.992    -8.42   19.56
 118971.601   164.763    -4.28   18.08
 119259.177   162.755    -6.98   15.32
 119546.765   161.945    -2.82   13.56
 119834.364   162.770     2.87   12.83
 120121.977   166.981    14.64   14.00
 120409.601   170.278    11.46   13.30
 120697.237   174.124    13.37   14.77
 120984.886   176.636     8.73   15.71
 121272.547   180.681    14.06   16.72
 121560.220   184.839    14.45   18.23
 121847.905   190.555    19.87   19.90
 122135.602   193.580    10.51   19.98
 122423.312   197.044    12.04   20.66
 122711.034   200.417    11.72   21.28
 122998.768   206.170    20.00   21.40
 123286.514   208.401     7.75   22.01
 123574.272   213.447    17.54   21.76
 123862.043   218.909    18.98   21.47
 124149.826   224.428    19.18   20.94
 124437.621   229.434    17.40   21.51
 124725.428   235.547    21.24   21.38
 125013.248   240.741    18.05   22.17
 125301.079   249.353    29.92   22.32
 125588.923   257.763    29.22   21.27
 125876.779   267.085    32.39   18.94
 126164.648   270.581    12.15   16.85
 126452.528   273.165     8.98   14.86
 126740.421   273.559     1.37   14.67
 127028.326   273.536    -0.08   14.43
 127316.244   273.856     1.11   14.14
 127604.173   273.106    -2.61   13.66
 127892.115   277.278    14.49   14.63
 128180.069   281.216    13.68   16.46
 128468.035   287.500    21.83   18.89
 128756.014   294.356    23.81   20.98
 129044.005   302.355    27.78   21.94
 129332.008   308.622    21.76   20.42
 129620.023   315.596    24.22   17.18
 129908.051   320.078    15.56   14.38
 130196.090   323.728    12.67   11.99
 130484.142   323.430    -1.04   12.06
 130772.207   323.666     0.82   10.67
 131060.283   319.890   -13.11   14.74
 131348.372   316.741   -10.93   16.84
 131636.473   312.140   -15.97   18.84
 131924.587   310.439    -5.90   18.04
 132212.713   309.694    -2.59   17.36
 132500.851   309.919     0.78   15.91
 132789.001   307.924    -6.92   16.67
 133077.163   306.551    -4.77   17.73
 133365.338   303.684    -9.95   18.27
 133653.525   300.724   -10.27   18.08
 133941.725   299.214    -5.24   16.74
 134229.937   297.401    -6.29   17.02
 134518.161   298.786     4.80   19.17
 134806.397   302.980    14.55   20.04
 135094.645   308.218    18.18   20.79
 135382.906   310.339     7.36   21.57
 135671.180   309.762    -2.00   20.64
 135959.465   305.509   -14.75   20.50
 136247.763   305.544     0.12   17.92
 136536.073   306.570     3.56   16.63
 136824.396   309.109     8.81   18.16
 137112.730   314.481    18.63   20.46
 137401.078   321.891    25.70   23.24
 137689.437   331.718    34.08   24.36
 137977.809   341.215    32.94   22.56
 138266.193   351.481    35.60   16.30
 138554.589   354.663    11.03   14.36
 138842.998   357.247     8.96   14.62
 139131.419   358.591     4.66   16.34
 139419.852   357.891    -2.43   17.95
 139708.298   352.490   -18.73   22.52
 139996.756   345.181   -25.34   23.86
 140285.227   339.672   -19.10   23.43
 140573.710   338.278    -4.83   22.00
 140862.205   338.278     0.00   20.11
 141150.712   340.622     8.12   21.08
 141439.232   347.975    25.49   23.29
 141727.764   354.891    23.97   22.04
 142016.309   362.442    26.17   16.10
 142304.866   363.694     4.34   14.70
 142593.435   358.854   -16.77   20.68
 142882.017   353.801   -17.51   23.24
 143170.611   345.536   -28.64   22.18
 143459.217   342.127   -11.82   19.10
 143747.836   339.875    -7.80   17.70
 144036.467   343.513    12.60   19.19
 144325.110   346.960    11.94   19.97
 144613.766   351.021    14.07   20.55
 144902.435   356.036    17.38   18.61
 145191.115   357.863     6.33   19.08
 145479.808   358.862     3.46   19.73
 145768.514   353.463   -18.70   23.31
 146057.231   350.114   -11.60   23.95
 146345.962   345.801   -14.94   22.70
 146634.704   342.039   -13.03   20.65
 146923.459   339.308    -9.46   17.46
 147212.227   337.988    -4.57   16.63
 147501.007   341.709    12.89   19.88
 147789.799   348.075    22.05   24.28
 148078.603   357.384    32.24   24.58
 148367.420   365.647    28.61   23.22
 148656.250   374.924    32.12   21.56
 148945.092   379.109    14.49   24.12
 149233.946   381.730     9.07   25.03
 149522.813   383.231     5.20   25.92
 149811.692   388.114    16.90   24.11
 150100.583   392.547    15.35   23.99
 150389.487   400.681    28.16   22.43
 150678.404   406.248    19.27   20.21
 150967.333   411.828    19.32   17.77
 151256.274   414.702     9.95   16.00
 151545.228   419.961    18.20   13.15
 151834.194   422.386     8.39   12.95
 152123.172   423.445     3.66   12.30
 152412.164   422.903    -1.87   14.13
 152701.167   422.004    -3.11   15.73
 152990.183   416.122   -20.35   23.61
 153279.211   410.903   -18.06   27.60
 153568.252   404.981   -20.49   28.43
 153857.306   401.647   -11.54   27.20
 154146.371   399.930    -5.94   24.99
 154435.450   402.847    10.09   24.09
 154724.540   406.988    14.32   25.00
 155013.643   413.770    23.46   27.12
 155302.759   423.432    33.42   29.29
 155591.887   433.415    34.53   25.97
 155881.028   443.601    35.24   17.21
 156170.181   447.975    15.13   14.10
 156459.346   448.723     2.59   16.09
 156748.524   443.142   -19.30   22.37
 157037.715   436.069   -24.46   26.66
 157326.918   422.863   -45.67   28.84
 157616.133   411.370   -39.74   29.57
 157905.361   400.817   -36.49   24.76
 158194.602   397.063   -12.98   19.93
 158483.855   398.681     5.60   18.68
 158773.120   402.460    13.06   19.25
 159062.398   408.437    20.66   21.55
 159351.688   416.218    26.90   23.03
 159640.991   423.955    26.75   20.82
 159930.307   430.430    22.38   18.24
 160219.635   434.570    14.31   16.91
 160508.975   435.909     4.63   15.72
 160798.328   433.504    -8.31   17.08
 161087.694   429.386   -14.23   20.10
 161377.072   426.384   -10.37   21.91
 161666.462   421.617   -16.48   23.26
 161955.865   418.731    -9.97   22.48
 162245.281   418.700    -0.11   20.26
 162534.709   420.469     6.11   20.04
 162824.150   423.326     9.87   18.85
 163113.603   426.997    12.68   18.89
 163403.069   433.109    21.12   20.75
 163692.547   438.091    17.21   20.70
 163982.038   442.516    15.29   21.30
 164271.541   447.990    18.91   23.13
 164561.057   450.794     9.69   23.73
 164850.585   454.612    13.19   23.94
 165140.126   458.460    13.29   22.80
 165429.680   462.172    12.82   20.83
 165719.246   466.832    16.09   19.69
 166008.825   470.218    11.69   20.23
 166298.416   476.343    21.15   19.94
 166588.020   480.066    12.86   19.84
 166877.636   485.494    18.74   17.49
 167167.265   491.657    21.28   15.52
 167456.907   494.888    11.16   15.64
 167746.561   493.504    -4.78   18.48
 168036.227   489.081   -15.27   22.86
 168325.907   481.617   -25.77   26.62
 168615.598   469.294   -42.54   32.46
 168905.303   461.187   -27.98   30.32
 169195.020   455.278   -20.40   25.63
 169484.749   451.370   -13.49   21.75
 169774.492   452.463     3.77   20.71
 170064.246   453.728     4.37   21.32
 170354.014   460.005    21.67   22.03
 170643.794   464.233    14.59   21.17
 170933.586   469.096    16.79   23.67
 171223.391   473.709    15.92   26.47
 171513.209   484.419    36.96   29.85
 171803.039   494.669    35.37   27.99
 172092.882   505.988    39.06   22.80
 172382.738   510.075    14.10   19.12
 172672.606   510.293     0.75   19.70
 172962.487   505.878   -15.23   25.27
 173252.380   499.450   -22.18   28.85
 173542.286   495.308   -14.29   28.17
 173832.205   490.762   -15.69   24.94
 174122.136   491.960     4.13   23.84
 174412.080   493.263     4.50   24.41
 174702.037   499.278    20.75   27.46
 174992.006   506.478    24.83   28.74
 175281.988   518.094    40.06   30.20
 175571.982   527.327    31.84   26.82
 175861.990   534.399    24.39   22.77
 176152.009   539.309    16.93   18.98
 176442.042   541.718     8.31   16.61
 176731.220   541.894     0.61   16.04
 177018.576   541.231    -2.31   17.06
 177305.945   539.733    -5.21   18.78
 177593.326   540.569     2.91   20.36
 177880.719   541.786     4.24   20.57
 178168.125   541.532    -0.88   19.08
 178455.543   538.187   -11.64   18.11
 178742.973   533.204   -17.34   19.61
 179030.416   522.817   -36.14   24.02
 179317.871   513.595   -32.09   25.26
 179605.339   505.899   -26.77   22.09
 179892.819   500.513   -18.74   18.14
 180180.311   497.878    -9.16   15.53
 180467.816   498.021     0.50   15.86
 180755.334   502.059    14.05   17.17
 181042.863   510.466    29.24   15.59
 181330.405   519.215    30.43   16.42
 181617.960   527.309    28.15   18.77
 181905.527   535.001    26.75   18.05
 182193.106   539.081    14.19   16.31
 182480.698   541.354     7.90   13.78
 182768.302   540.718    -2.21   13.06
 183055.919   539.802    -3.18   13.12
 183343.548   535.825   -13.83   14.99
 183631.190   530.891   -17.16   16.80
 183918.843   524.494   -22.24   18.40
 184206.510   518.899   -19.45   20.40
 184494.189   511.248   -26.60   22.01
 184781.880   506.170   -17.65   20.62
 185069.584   501.847   -15.03   20.72
 185357.300   498.294   -12.35   21.64
 185645.029   496.327    -6.84   24.75
 185932.770   496.324    -0.01   25.09
 186220.523   495.551    -2.69   26.90
 186508.289   494.724    -2.87   27.01
 186796.068   495.755     3.58   23.86
 187083.859   495.801     0.16   24.43
 187371.662   495.745    -0.20   25.70
 187659.478   494.990    -2.62   26.33
 187947.306   485.502   -32.97   30.37
 188235.147   478.786   -23.34   33.52
 188523.001   472.021   -23.50   35.50
 188810.866   467.487   -15.75   33.67
 189098.745   461.649   -20.28   30.03
 189386.635   458.354   -11.45   25.81
 189674.539   460.564     7.68   24.21
 189962.454   471.232    37.06   29.36
 190250.383   483.733    43.42   30.46
 190538.323   494.709    38.13   26.14
 190826.277   504.905    35.41   23.79
 191114.242   512.569    26.62   24.21
 191402.220   520.096    26.14   25.08
 191690.211   530.570    36.37   25.05
 191978.214   538.112    26.19   26.00
 192266.230   545.509    25.69   22.73
 192554.258   550.384    16.93   17.31
 192842.299   552.881     8.67   13.01
 193130.352   548.293   -15.93   15.14
 193418.418   540.810   -25.98   22.75
 193706.496   528.808   -41.67   29.82
 193994.587   516.839   -41.55   33.93
 194282.691   506.308   -36.56   35.01
 194570.807   496.981   -32.38   32.91
 194858.935   490.246   -23.38   29.68
 195147.076   491.081     2.90   33.24
 195435.229   497.101    20.89   35.96
 195723.395   514.915    61.83   40.80
 196011.574   530.945    55.63   35.22
 196299.765   537.190    21.67   32.46
 196587.969   542.657    18.97   30.31
 196876.185   546.417    13.05   32.73
 197164.414   545.999    -1.45   34.16
 197452.655   547.555     5.40   34.34
 197740.909   550.718    10.97   30.34
 198029.175   554.778    14.09   24.92
 198317.454   556.915     7.41   21.26
 198605.746   555.091    -6.33   23.80
 198894.050   550.863   -14.67   25.70
 199182.366   540.786   -34.96   30.44
 199470.696   525.930   -51.53   37.77
 199759.037   509.636   -56.52   38.64
 200047.392   499.815   -34.06   36.43
 200335.759   492.323   -25.99   34.73
 200624.138   480.919   -39.55   25.59
 200912.530   476.228   -16.27   24.45
 201200.935   483.354    24.71   31.87
 201489.352   489.606    21.68   35.99
 201777.782   497.478    27.30   37.82
 202066.224   499.308     6.35   36.72
 202354.680   499.231    -0.27   34.02
 202643.147   494.856   -15.17   33.57
 202931.627   487.309   -26.16   28.59
 203220.120   481.817   -19.04   23.35
 203508.626   482.263     1.55   23.87
 203797.144   484.323     7.14   23.46
 204085.674   487.551    11.19   21.56
 204374.218   491.521    13.76   20.40
 204662.773   496.344    16.72   18.91
 204951.342   494.309    -7.05   19.99
 205239.923   493.591    -2.49   18.71
 205528.517   495.839     7.79   19.07
 205817.123   502.401    22.74   19.39
 206105.742   506.786    15.19   17.42
 206394.374   506.913     0.44   17.64
 206683.018   503.278   -12.60   20.72
 206971.675   497.169   -21.17   27.12
 207260.344   488.135   -31.30   31.10
 207549.026   476.324   -40.92   32.34
 207837.721   462.430   -48.14   28.61
 208126.428   449.494   -44.81   27.95
 208415.149   436.633   -44.55   29.69
 208703.881   428.687   -27.52   32.29
 208992.627   423.062   -19.49   33.87
 209281.385   419.718   -11.58   37.47
 209570.155   413.581   -21.25   39.10
 209858.938   403.733   -34.11   42.07
 210147.734   390.601   -45.48   46.78
 210436.543   376.632   -48.38   52.42
 210725.364   366.612   -34.70   51.96
 211014.198   356.325   -35.62   50.92
 211303.045   343.888   -43.07   49.15
 211591.904   334.308   -33.17   47.25
 211880.776   328.786   -19.12   47.79
 212169.661   332.278    12.09   49.22
 212458.558   333.581     4.51   52.00
 212747.468   335.983     8.31   51.74
 213036.391   334.521    -5.06   47.76
 213325.326   332.308    -7.66   44.65
 213614.274   322.905   -32.55   46.42
 213903.235   310.607   -42.57   46.25
 214192.208   293.217   -60.19   40.36
 214481.195   282.939   -35.57   36.22
 214770.193   274.801   -28.16   31.35
 215059.205   273.894    -3.14   31.59
 215348.229   278.430    15.70   36.13
 215637.266   291.263    44.41   40.28
 215926.316   309.013    61.42   43.46
 216215.378   325.293    56.33   40.98
 216504.453   329.262    13.73   39.77
 216793.541   332.740    12.03   40.39
 217082.642   341.845    31.50   46.22
 217371.755   348.460    22.88   48.66
 217660.881   354.487    20.85   47.37
 217950.019   362.059    26.19   50.60
 218239.171   366.344    14.82   47.67
 218528.335   367.155     2.81   47.68
 218817.512   355.497   -40.32   39.37
 219106.701   349.521   -20.67   33.51
 219395.904   345.415   -14.20   34.05
 219685.119   337.153   -28.57   33.63
 219974.347   333.663   -12.07   36.00
 220263.587   329.020   -16.05   36.68
 220552.841   332.478    11.96   42.22
 220842.107   338.398    20.47   43.78
 221131.385   343.218    16.66   41.25
 221420.677   338.144   -17.54   37.82
 221709.981   333.475   -16.14   38.85
 221999.298   320.999   -43.13   37.25
 222288.628   310.202   -37.32   35.92
 222577.971   299.564   -36.77   26.06
 222867.326   295.063   -15.56   23.34
 223156.694   294.687    -1.30   26.02
 223446.075   294.124    -1.95   25.53
 223735.469   295.894     6.11   24.84
 224024.876   298.972    10.64   20.11
 224314.295   297.294    -5.80   18.34
 224603.727   292.248   -17.43   16.79
 224893.172   286.995   -18.15   24.05
 225182.629   281.592   -18.67   28.06
 225472.100   275.642   -20.56   30.16
 225761.583   265.999   -33.31   31.25
 226051.079   258.021   -27.57   31.62
 226340.588   253.591   -15.30   32.42
 226630.109   253.094    -1.72   34.62
 226919.644   255.490     8.28   35.34
 227209.191   252.341   -10.88   35.46
 227498.751   252.763     1.46   35.65
 227788.324   244.216   -29.52   38.61
 228077.909   235.032   -31.72   42.11
 228367.508   227.399   -26.36   42.58
 228657.119   216.263   -38.46   41.31
 228946.743   207.204   -31.29   41.60
 229236.380   200.854   -21.93   43.79
 229526.029   199.745    -3.83   47.34
 229815.692   201.051     4.51   50.21
 230105.367   208.778    26.68   50.64
 230395.056   218.081    32.12   48.74
 230684.757   222.778    16.22   41.53
 230974.470   217.109   -19.57   38.67
 231264.197   207.856   -31.94   40.51
 231553.937   201.169   -23.09   43.11
 231843.689   197.355   -13.16   43.68
 232133.454   192.094   -18.16   41.98
 232423.232   188.440   -12.61   38.81
 232713.023   188.950     1.76   36.49
 233002.827   185.521   -11.83   37.68
 233292.644   182.562   -10.21   33.22
 233582.473   175.001   -26.09   34.73
 233872.316   164.601   -35.89   36.71
 234162.171   155.521   -31.33   33.12
 234452.039   148.278   -24.99   30.10
 234741.920   145.986    -7.91   27.23
 235031.814   147.859     6.46   30.55
 235321.721   151.202    11.54   34.94
 235611.640   153.847     9.12   40.00
 235901.573   156.172     8.02   43.25
 236191.518   160.499    14.92   44.01
 236481.476   166.980    22.36   43.07
 236771.447   167.157     0.61   38.35
 237061.431   172.545    18.58   35.97
 237351.428   186.687    48.78   41.02
 237641.438   202.017    52.87   45.74
 237931.461   214.930    44.53   38.76
 238221.496   222.415    25.81   33.79
 238511.545   229.081    22.99   31.01
 238801.606   233.149    14.03   28.84
 239089.126   227.521   -19.58   28.40
 239376.451   220.013   -26.14   23.34
 239663.790   213.878   -21.35   22.83
 239951.140   205.657   -28.62   29.12
 240238.504   194.142   -40.08   30.44
 240525.880   179.884   -49.62   33.10
 240813.268   168.149   -40.84   37.49
 241100.670   155.960   -42.42   39.27
 241388.084   143.419   -43.64   39.53
 241675.510   132.021   -39.66   34.30
 241962.949   125.248   -23.57   30.19
 242250.401   126.324     3.74   34.94
 242537.866   130.940    16.06   36.92
 242825.343   134.170    11.24   39.05
 243112.833   136.581     8.39   40.86
 243400.335   133.585   -10.42   39.25
 243687.851   129.740   -13.38   36.25
 243975.378   126.218   -12.25   32.39
 244262.919   127.808     5.53   35.28
 244550.472   126.824    -3.43   34.78
 244838.038   129.399     8.96   37.36
 245125.616   126.878    -8.77   36.22
 245413.208   131.324    15.46   40.53
 245700.811   128.726    -9.04   38.09
 245988.428   130.925     7.65   40.83
 246276.057   131.884     3.33   42.28
 246563.699   134.005     7.38   42.15
 246851.354   133.247    -2.64   40.15
 247139.021   131.485    -6.13   37.55
 247426.701   129.463    -7.03   36.29
 247714.394   133.248    13.16   35.55
 248002.099   131.866    -4.80   31.43
 248289.817   132.233     1.28   27.41
 248577.548   130.778    -5.06   25.25
 248865.292   133.528     9.56   23.19
 249153.048   141.521    27.78   26.43
 249440.817   145.564    14.05   24.16
 249728.599   144.724    -2.92   23.31
 250016.393   144.157    -1.97   22.35
 250304.200   146.430     7.90   21.69
 250592.020   150.601    14.50   25.77
 250879.852   162.559    41.55   36.11
 251167.698   169.521    24.19   40.75
 251455.556   175.897    22.16   43.38
 251743.426   180.059    14.46   42.45
 252031.310   178.986    -3.73   41.62
 252319.206   175.445   -12.30   39.19
 252607.115   172.601    -9.88   37.07
 252895.037   172.324    -0.96   37.12
 253182.971   175.590    11.34   38.73
 253470.918   180.577    17.32   41.57
 253758.878   176.248   -15.03   39.94
 254046.851   171.793   -15.47   37.59
 254334.836   175.687    13.52   42.49
 254622.834   178.153     8.56   42.47
 254910.845   181.233    10.69   44.64
 255198.869   181.681     1.56   43.21
 255486.906   189.786    28.14   44.87
 255774.955   194.905    17.78   45.47
 256063.017   194.950     0.16   42.53
 256351.092   195.442     1.71   42.79
 256639.179   191.094   -15.10   40.63
 256927.279   191.360     0.93   39.76
 257215.393   186.702   -16.17   39.98
 257503.518   178.724   -27.69   35.26
 257791.657   179.570     2.94   36.18
 258079.808   187.778    28.49   40.40
 258367.973   192.447    16.21   38.95
 258656.150   193.647     4.16   37.58
 258944.340   192.456    -4.14   37.62
 259232.542   188.878   -12.42   35.96
 259520.758   185.869   -10.44   33.55
 259808.986   180.218   -19.61   29.45
 260097.227   169.066   -38.70   20.27
 260385.481   168.596    -1.63   20.53
 260673.747   175.310    23.30   22.77
 260962.027   180.596    18.34   29.83
 261250.319   188.020    25.76   35.49
 261538.624   197.155    31.69   38.09
 261826.942   209.884    44.16   38.73
 262115.273   229.066    66.54   37.01
 262403.616   245.413    56.70   36.56
 262691.972   258.891    46.75   33.83
 262980.342   263.218    15.01   29.82
 263268.724   265.716     8.66   26.89
 263557.118   257.899   -27.11   33.96
 263845.526   244.970   -44.84   40.37
 264133.947   229.672   -53.05   41.21
 264422.380   213.794   -55.06   36.43
 264710.826   200.581   -45.82   27.97
 264999.285   197.453   -10.85   27.96
 265287.757   198.657     4.18   32.25
 265576.242   205.718    24.48   34.11
 265864.740   219.338    47.22   37.98
 266153.250   236.694    60.17   44.30
 266441.773   258.215    74.61   43.18
 266730.309   271.096    44.65   38.79
 267018.858   282.052    37.98   35.56
 267307.420   278.430   -12.56   39.84
 267595.995   268.950   -32.86   47.19
 267884.583   251.815   -59.39   53.14
 268173.183   230.607   -73.50   48.57
 268461.797   206.970   -81.91   35.40
 268750.423   195.865   -38.48   27.00
 269039.062   189.570   -21.81   22.65
 269327.714   185.601   -13.75   17.37
 269616.379   184.096    -5.21   15.58
 269905.057   184.369     0.94   15.64
 270193.747   186.309     6.72   16.11
 270482.451   187.930     5.62   16.92
 270771.167   187.728    -0.70   16.79
 271059.897   188.793     3.69   16.71
 271348.639   188.383    -1.42   16.39
 271637.394   188.675     1.01   16.16
 271926.162   187.532    -3.96   15.71
 272214.943   187.950     1.45   16.84
 272503.737   187.643    -1.06   16.28
 272792.544   188.909     4.38   21.29
 273081.364   198.112    31.87   29.33
 273370.196   210.536    43.02   40.12
 273659.042   222.234    40.51   46.63
 273947.900   239.174    58.66   50.08
 274236.772   252.970    47.77   44.38
 274525.656   263.845    37.65   34.06
 274814.553   270.354    22.54   31.80
 275103.464   274.430    14.11   31.09
 275392.387   274.051    -1.31   31.47
 275681.323   274.763     2.47   32.49
 275970.272   277.233     8.55   33.71
 276259.234   282.622    18.65   33.17
 276548.209   280.909    -5.93   35.45
 276837.196   273.847   -24.44   35.55
 277126.197   273.475    -1.29   32.99
 277415.211   277.984    15.60   29.27
 277704.238   279.472     5.15   27.05
 277993.277   284.521    17.47   28.77
 278282.330   292.345    27.07   32.34
 278571.395   299.112    23.41   31.99
 278860.474   311.575    43.12   28.00
 279149.565   321.536    34.46   25.32
 279438.670   327.233    19.71   25.13
 279727.787   327.981     2.59   24.61
 280016.918   325.028   -10.22   26.59
 280306.061   318.135   -23.84   27.53
 280595.218   311.401   -23.29   29.90
 280884.387   300.940   -36.19   28.84
 281173.569   294.021   -23.93   26.92
 281462.765   294.263     0.84   26.66
 281751.973   297.384    10.79   27.42
 282041.194   298.907     5.27   26.82
 282330.429   305.460    22.66   24.71
 282619.676   311.810    21.96   25.64
 282908.936   317.186    18.59   28.51
 283198.210   316.204    -3.40   32.74
 283487.496   307.399   -30.44   38.39
 283776.795   295.596   -40.81   40.98
 284066.108   284.040   -39.95   39.65
 284355.433   277.172   -23.74   33.73
 284644.771   276.388    -2.71   29.76
 284934.123   281.577    17.94   33.69
 285223.487   292.986    39.44   37.89
 285512.864   304.430    39.55   36.72
 285802.255   313.891    32.70   30.87
 286091.658   321.278    25.53   26.37
 286381.075   327.456    21.35   23.47
 286670.504   330.854    11.74   23.32
 286959.947   333.036     7.54   22.22
 287249.403   337.112    14.08   20.97
 287538.871   344.383    25.12   19.09
 287828.353   350.165    19.98   17.02
 288117.848   355.460    18.29   16.97
 288407.356   358.924    11.97   19.03
 288696.876   364.445    19.07   19.50
 288986.410   372.278    27.06   20.62
 289275.957   378.642    21.98   22.00
 289565.517   382.088    11.90   21.10
 289855.090   378.354   -12.90   22.26
 290144.677   374.215   -14.30   25.27
 290434.276   367.370   -23.64   30.19
 290723.888   351.930   -53.33   39.58
 291013.513   333.657   -63.10   42.27
 291303.152   314.551   -65.98   38.30
 291592.803   301.827   -43.94   35.57
 291882.468   288.490   -46.05   28.50
 292172.145   280.001   -29.31   22.56
 292461.836   274.642   -18.50   18.74
 292751.540   271.201   -11.88   15.71
 293041.257   268.663    -8.76   14.31
 293330.987   268.008    -2.26   13.03
 293620.730   269.157     3.97   13.14
 293910.486   270.372     4.19   13.55
 294200.256   275.032    16.09   17.91
 294490.038   278.021    10.32   17.45
 294779.833   283.096    17.52   19.18
 295069.642   288.960    20.24   21.39
 295359.464   297.439    29.26   25.88
 295649.299   307.144    33.49   27.47
 295939.147   309.716     8.88   27.41
 296229.008   311.915     7.59   27.05
 296518.882   316.186    14.74   26.49
 296808.769   316.786     2.07   26.15
 297098.669   317.024     0.82   24.48
 297388.583   315.694    -4.59   22.72
 297678.510   315.309    -1.33   21.17
 297968.450   321.809    22.43   26.05
 298258.402   327.500    19.63   27.52
 298548.369   332.605    17.61   28.16
 298838.348   337.669    17.47   28.58
