-198775.594    36.750     0.00    1.40
-198486.158    36.689    -0.21    1.46
-198196.707    36.614    -0.26    1.46
-197907.243    36.204    -1.42    1.60
-197617.764    35.896    -1.06    1.47
-197328.272    35.736    -0.56    1.42
-197038.765    35.574    -0.56    1.34
-196749.244    35.439    -0.47    1.31
-196459.709    35.429    -0.03    1.42
-196170.160    35.146    -0.98    1.48
-195880.598    35.020    -0.44    1.52
-195591.020    34.912    -0.37    1.60
-195301.429    34.758    -0.53    1.59
-195011.824    34.474    -0.98    1.64
-194722.205    34.323    -0.52    1.61
-194432.571    33.907    -1.44    1.27
-194142.924    33.594    -1.08    1.16
-193853.262    33.428    -0.57    1.08
-193563.586    33.173    -0.88    0.96
-193273.897    33.056    -0.40    1.17
-192984.193    33.012    -0.15    1.42
-192694.475    32.960    -0.18    1.39
-192404.742    32.881    -0.27    1.42
-192114.996    32.868    -0.05    1.48
-191825.236    32.806    -0.21    1.51
-191535.461    32.832     0.09    1.45
-191245.672    32.671    -0.56    1.30
-190955.870    32.471    -0.69    0.96
-190666.053    32.352    -0.41    0.99
-190376.222    32.096    -0.88    0.96
-190086.376    32.015    -0.28    0.96
-189796.517    31.965    -0.17    0.94
-189506.643    31.765    -0.69    1.04
-189216.756    31.549    -0.75    0.92
-188926.854    31.522    -0.09    0.93
-188636.938    31.589     0.23    1.02
-188347.008    31.457    -0.45    0.95
-188057.064    31.368    -0.31    0.97
-187767.105    31.453     0.29    1.07
-187479.838    31.415    -0.14    1.07
-187192.878    31.355    -0.21    0.99
-186905.905    31.236    -0.41    0.94
-186618.917    31.056    -0.63    1.06
-186331.916    30.907    -0.52    1.12
-186044.901    30.922     0.05    1.13
-185757.873    30.727    -0.68    1.18
-185470.830    30.609    -0.41    1.14
-185183.774    30.489    -0.42    1.05
-184896.703    30.395    -0.33    0.97
-184609.619    30.339    -0.20    0.88
-184322.521    30.429     0.32    0.85
-184035.410    30.370    -0.21    0.83
-183748.284    30.331    -0.13    0.87
-183461.144    30.133    -0.69    1.03
-183173.991    30.161     0.10    1.06
-182886.824    30.044    -0.41    1.13
-182599.643    30.086     0.15    0.95
-182312.448    30.041    -0.16    0.99
-182025.239    29.917    -0.43    0.97
-181738.016    29.933     0.06    0.95
-181450.779    29.839    -0.33    0.95
-181163.529    29.804    -0.12    0.92
-180876.264    29.736    -0.24    0.94
-180588.986    29.721    -0.05    1.00
-180301.694    29.698    -0.08    0.94
-180014.388    29.841     0.50    0.89
-179727.068    29.774    -0.23    0.80
-179439.734    29.794     0.07    0.74
-179152.387    29.758    -0.13    0.87
-178865.025    29.803     0.15    0.93
-178577.649    29.788    -0.05    0.96
-178290.260    29.868     0.28    0.95
-178002.857    29.892     0.08    0.95
-177715.439    29.844    -0.17    0.99
-177428.008    29.883     0.13    0.90
-177140.563    29.907     0.08    0.78
-176853.104    29.803    -0.36    0.93
-176565.631    29.698    -0.36    0.93
-176278.144    29.707     0.03    1.06
-175990.644    29.683    -0.08    1.20
-175703.129    29.727     0.15    1.26
-175415.600    29.653    -0.26    1.21
-175128.058    29.727     0.25    1.13
-174840.501    29.698    -0.10    1.09
-174552.931    29.638    -0.21    1.09
-174265.346    29.493    -0.50    1.00
-173977.748    29.559     0.23    0.92
-173690.136    29.584     0.09    0.98
-173402.509    29.629     0.16    0.97
-173114.869    29.536    -0.32    0.96
-172827.215    29.515    -0.07    0.92
-172539.547    29.340    -0.61    0.98
-172251.865    29.352     0.04    0.93
-171964.169    29.339    -0.05    0.91
-171676.459    29.309    -0.10    1.05
-171388.735    29.296    -0.05    1.09
-171100.997    29.393     0.34    1.05
-170813.245    29.397     0.01    1.00
-170525.479    29.534     0.47    1.04
-170237.699    29.511    -0.08    1.05
-169949.905    29.474    -0.13    0.98
-169662.097    29.638     0.57    0.87
-169374.276    29.696     0.20    0.90
-169086.440    29.718     0.07    0.92
-168798.590    29.692    -0.09    0.94
-168510.726    29.599    -0.32    0.95
-168222.848    29.559    -0.14    0.93
-167934.956    29.534    -0.09    0.90
-167647.051    29.489    -0.16    0.91
-167359.131    29.450    -0.13    0.89
-167071.197    29.453     0.01    0.95
-166783.249    29.459     0.02    0.93
-166495.287    29.604     0.50    0.93
-166207.311    29.519    -0.30    0.95
-165919.321    29.444    -0.26    1.00
-165631.317    29.294    -0.52    1.06
-165343.299    29.341     0.16    1.09
-165055.267    29.266    -0.26    0.99
-164767.221    29.191    -0.26    0.97
-164479.161    29.081    -0.38    0.93
-164191.087    29.008    -0.25    0.95
-163902.999    28.982    -0.09    0.96
-163614.896    28.956    -0.09    0.95
-163326.780    28.947    -0.03    0.96
-163038.650    28.820    -0.44    0.95
-162750.505    28.788    -0.11    0.96
-162462.347    28.866     0.27    0.95
-162174.175    28.962     0.34    0.99
-161885.988    28.997     0.12    1.03
-161597.787    28.942    -0.19    1.07
-161309.573    28.892    -0.17    1.15
-161021.344    28.635    -0.89    1.43
-160733.101    27.982    -2.27    2.03
-160444.844    27.282    -2.43    2.28
-160156.573    26.569    -2.47    2.26
-159868.288    25.683    -3.07    2.03
-159579.989    25.103    -2.01    1.67
-159291.676    24.853    -0.87    1.39
-159003.349    24.927     0.26    1.53
-158715.007    25.508     2.01    2.13
-158426.652    26.375     3.01    2.40
-158138.282    27.356     3.40    2.60
-157849.898    28.190     2.89    2.52
-157561.501    28.912     2.50    2.16
-157273.089    29.191     0.97    1.78
-156984.663    29.296     0.37    1.41
-156696.223    29.402     0.37    1.22
-156407.768    29.375    -0.09    1.25
-156119.300    29.296    -0.28    1.31
-155830.818    29.281    -0.05    1.32
-155542.321    29.236    -0.16    1.32
-155253.810    29.294     0.20    1.32
-154965.285    29.266    -0.10    1.30
-154676.746    29.326     0.21    1.19
-154388.193    29.282    -0.15    1.03
-154099.626    29.265    -0.06    0.98
-153811.045    29.385     0.41    1.00
-153522.449    29.482     0.34    1.00
-153233.840    29.412    -0.24    1.06
-152945.216    29.312    -0.35    1.03
-152656.578    29.417     0.36    1.05
-152367.926    29.282    -0.47    1.15
-152079.259    29.038    -0.84    1.07
-151790.579    29.012    -0.09    1.03
-151501.884    28.960    -0.18    1.03
-151213.176    29.062     0.35    1.00
-150924.453    29.035    -0.09    1.05
-150635.716    28.978    -0.20    1.07
-150346.964    29.016     0.13    0.97
-150058.199    28.997    -0.07    1.06
-149769.419    28.967    -0.10    1.07
-149480.626    28.853    -0.39    0.96
-149191.818    28.845    -0.03    0.90
-148902.996    28.866     0.07    0.82
-148614.159    28.750    -0.40    0.90
-148325.309    28.774     0.08    0.96
-148036.444    28.788     0.05    1.09
-147747.565    28.892     0.36    1.10
-147458.672    28.794    -0.34    1.16
-147169.765    28.671    -0.43    1.23
-146880.843    28.635    -0.12    1.14
-146591.908    28.659     0.08    1.12
-146302.958    28.552    -0.37    1.16
-146013.993    28.459    -0.32    1.07
-145725.015    28.385    -0.26    1.03
-145436.023    28.456     0.25    1.00
-145147.016    28.250    -0.71    1.15
-144857.995    28.127    -0.43    1.26
-144568.959    27.947    -0.62    1.23
-144279.910    27.806    -0.49    1.27
-143990.846    27.803    -0.01    1.23
-143701.768    27.623    -0.62    1.29
-143412.676    27.780     0.54    1.28
-143123.570    27.816     0.12    1.22
-142834.449    27.927     0.39    1.37
-142545.314    27.947     0.07    1.35
-142256.165    28.060     0.39    1.33
-141967.002    28.235     0.61    1.44
-141677.824    28.668     1.50    1.54
-141388.632    28.809     0.49    1.62
-141099.426    29.018     0.72    1.55
-140810.205    29.220     0.70    1.50
-140520.971    29.765     1.89    1.45
-140231.722    29.938     0.60    1.50
-139942.458    30.176     0.82    1.56
-139653.181    30.653     1.65    1.56
-139363.889    30.685     0.11    1.61
-139074.583    30.839     0.53    1.66
-138785.263    30.881     0.15    2.36
-138495.928    30.887     0.02    2.91
-138206.579    30.782    -0.36    2.86
-137917.216    30.653    -0.44    2.77
-137627.838    30.623    -0.10    2.39
-137338.446    30.642     0.06    2.25
-137049.040    30.486    -0.54    1.90
-136759.620    30.681     0.68    1.88
-136470.185    30.569    -0.39    1.91
-136180.736    30.343    -0.78    1.91
-135891.273    30.400     0.20    1.91
-135601.795    30.235    -0.57    1.81
-135312.303    30.004    -0.80    1.71
-135022.797    29.971    -0.11    1.67
-134733.276    29.989     0.06    1.75
-134443.741    30.432     1.53    1.90
-134154.192    30.422    -0.03    1.76
-133864.629    30.296    -0.44    1.88
-133575.051    30.205    -0.31    1.98
-133285.458    30.134    -0.24    1.94
-132995.852    30.015    -0.41    1.94
-132706.231    29.804    -0.73    1.95
-132416.595    29.735    -0.24    1.89
-132126.946    29.558    -0.61    2.05
-131837.282    29.705     0.51    1.94
-131547.604    29.958     0.87    2.01
-131257.911    30.047     0.31    2.15
-130968.204    30.206     0.55    2.09
-130678.482    29.727    -1.65    2.32
-130388.747    29.129    -2.06    2.24
-130098.996    28.604    -1.81    2.11
-129809.232    27.978    -2.16    1.96
-129519.453    27.527    -1.55    1.70
-129229.660    26.975    -1.91    1.50
-128939.852    26.705    -0.93    1.33
-128650.030    26.629    -0.26    1.40
-128360.194    26.400    -0.79    1.40
-128070.343    26.220    -0.62    1.31
-127780.478    26.190    -0.10    1.21
-127490.598    26.190     0.00    1.21
-127200.704    26.280     0.31    1.34
-126910.796    26.558     0.96    1.44
-126620.873    26.781     0.77    1.69
-126330.936    27.429     2.24    2.08
-126040.984    28.402     3.35    2.62
-125751.018    29.324     3.18    2.62
-125462.437    30.220     3.11    2.63
-125175.519    31.146     3.22    2.15
-124888.587    31.650     1.76    1.90
-124601.641    31.962     1.09    1.68
-124314.681    32.041     0.28    1.66
-124027.707    32.127     0.30    1.61
-123740.719    32.190     0.22    1.66
-123453.716    32.069    -0.42    1.41
-123166.700    32.000    -0.24    1.48
-122879.670    32.116     0.40    1.64
-122592.625    32.158     0.15    1.75
-122305.566    32.012    -0.51    1.78
-122018.494    32.078     0.23    1.73
-121731.407    32.280     0.70    1.76
-121444.306    32.474     0.68    1.86
-121157.191    32.493     0.07    1.84
-120870.062    32.982     1.70    1.65
-120582.919    32.896    -0.30    1.65
-120295.762    32.847    -0.17    1.71
-120008.590    32.917     0.24    1.70
-119721.405    33.074     0.55    1.83
-119434.205    32.912    -0.56    1.85
-119146.992    32.650    -0.91    2.04
-118859.764    32.308    -1.19    2.22
-118572.522    32.161    -0.51    2.23
-118285.266    31.952    -0.73    2.29
-117997.995    31.647    -1.06    2.38
-117710.711    31.265    -1.33    2.06
-117423.413    31.176    -0.31    1.95
-117136.100    31.134    -0.14    2.08
-116848.773    31.105    -0.10    1.96
-116561.432    31.383     0.96    2.04
-116274.077    31.638     0.89    1.96
-115986.708    31.863     0.78    1.75
-115699.325    32.310     1.55    1.73
-115411.927    32.191    -0.42    1.64
-115124.516    32.163    -0.09    1.51
-114837.090    32.279     0.40    1.61
-114549.650    32.250    -0.10    1.71
-114262.196    32.412     0.56    1.67
-113974.728    32.425     0.04    1.58
-113687.245    32.653     0.79    1.60
-113399.749    32.796     0.50    1.68
-113112.238    32.883     0.30    1.72
-112824.713    32.850    -0.11    1.66
-112537.174    32.773    -0.27    1.52
-112249.620    32.668    -0.36    1.62
-111962.053    32.594    -0.26    1.64
-111674.471    32.175    -1.46    1.79
-111386.875    31.850    -1.13    1.88
-111099.265    31.368    -1.68    1.96
-110811.641    30.839    -1.84    2.20
-110524.002    30.295    -1.89    2.20
-110236.350    29.826    -1.63    2.23
-109948.683    29.327    -1.73    2.13
-109661.002    29.038    -1.00    1.99
-109373.306    28.543    -1.72    1.86
-109085.597    28.220    -1.12    1.80
-108797.873    27.960    -0.90    1.38
-108510.135    27.912    -0.17    1.43
-108222.383    28.190     0.97    1.83
-107934.617    28.478     1.00    2.22
-107646.836    28.720     0.84    2.53
-107359.041    28.947     0.79    2.64
-107071.232    29.266     1.11    2.78
-106783.409    29.504     0.83    2.82
-106495.571    29.584     0.28    2.90
-106207.719    29.589     0.02    2.84
-105919.853    29.594     0.02    2.78
-105631.973    29.604     0.04    2.81
-105344.078    29.387    -0.76    2.77
-105056.170    29.266    -0.42    2.81
-104768.247    28.803    -1.61    2.50
-104480.309    28.698    -0.36    2.34
-104192.358    29.004     1.06    2.50
-103904.392    29.118     0.40    2.50
-103616.412    29.281     0.57    2.67
-103328.417    29.644     1.26    2.83
-103040.409    30.296     2.26    2.96
-102752.386    30.794     1.73    3.19
-102464.349    31.474     2.36    3.48
-102176.297    32.265     2.75    3.76
-101888.231    33.381     3.87    3.69
-101600.151    34.826     5.02    3.42
-101312.057    35.508     2.37    3.13
-101023.949    35.953     1.55    2.58
-100735.826    36.294     1.18    2.08
-100447.688    36.400     0.36    2.05
-100159.537    36.178    -0.77    1.98
 -99871.371    36.162    -0.05    1.78
 -99583.191    35.633    -1.84    1.68
 -99294.997    35.370    -0.91    1.77
 -99006.788    35.155    -0.74    1.55
 -98718.565    35.133    -0.08    1.64
 -98430.327    35.044    -0.31    1.67
 -98142.076    34.917    -0.44    1.68
 -97853.810    35.004     0.30    2.00
 -97565.529    34.780    -0.78    2.35
 -97277.235    34.534    -0.85    2.52
 -96988.926    34.347    -0.65    2.56
 -96700.603    33.633    -2.48    2.67
 -96412.265    33.250    -1.33    2.55
 -96123.913    33.120    -0.45    2.33
 -95835.547    32.946    -0.60    1.98
 -95547.166    32.931    -0.05    1.82
 -95258.771    33.012     0.28    1.80
 -94970.362    33.139     0.44    1.67
 -94681.938    33.280     0.49    1.40
 -94393.500    33.015    -0.92    1.37
 -94105.047    33.018     0.01    1.42
 -93816.581    32.965    -0.19    1.46
 -93528.099    33.044     0.28    1.47
 -93239.604    33.265     0.77    1.43
 -92951.094    33.578     1.09    1.43
 -92662.570    33.773     0.67    1.45
 -92374.031    33.765    -0.03    1.51
 -92085.478    33.787     0.07    1.61
 -91796.911    33.836     0.17    1.55
 -91508.329    33.794    -0.14    1.56
 -91219.733    33.722    -0.25    1.44
 -90931.122    33.563    -0.55    1.36
 -90642.497    33.235    -1.13    1.55
 -90353.858    32.887    -1.21    1.57
 -90065.204    32.801    -0.30    1.76
 -89776.536    32.584    -0.75    2.23
 -89487.853    32.041    -1.88    2.72
 -89199.157    30.868    -4.06    3.36
 -88910.445    29.610    -4.36    3.73
 -88621.719    28.947    -2.29    3.65
 -88332.979    28.204    -2.57    3.56
 -88044.225    27.729    -1.65    3.28
 -87755.456    27.324    -1.40    3.09
 -87466.672    26.907    -1.44    2.85
 -87177.874    27.309     1.39    2.96
 -86889.062    27.358     0.17    2.92
 -86600.235    27.432     0.26    2.85
 -86311.394    27.866     1.50    2.98
 -86022.538    28.368     1.74    3.18
 -85733.668    28.989     2.15    3.27
 -85444.784    29.638     2.25    3.16
 -85155.885    30.133     1.71    2.84
 -84866.972    30.696     1.95    2.29
 -84578.044    30.932     0.82    2.13
 -84289.102    31.114     0.63    1.85
 -84000.145    30.721    -1.36    1.62
 -83711.174    30.221    -1.73    1.74
 -83422.188    29.692    -1.83    2.00
 -83133.188    29.368    -1.12    2.07
 -82844.173    28.896    -1.63    2.35
 -82555.144    28.584    -1.08    2.69
 -82266.101    28.116    -1.62    2.71
 -81977.043    27.459    -2.27    3.05
 -81687.970    27.004    -1.58    3.21
 -81398.883    26.265    -2.56    3.07
 -81109.782    25.780    -1.68    2.86
 -80820.666    25.743    -0.13    2.88
 -80531.535    25.584    -0.55    2.71
 -80242.390    25.474    -0.38    2.80
 -79953.231    25.310    -0.57    2.71
 -79664.057    25.511     0.70    2.66
 -79374.869    25.355    -0.54    2.58
 -79085.666    25.236    -0.41    2.60
 -78796.448    25.326     0.31    2.69
 -78507.216    25.720     1.36    3.11
 -78217.970    25.603    -0.40    3.02
 -77928.709    25.146    -1.58    3.00
 -77639.433    24.907    -0.82    2.97
 -77350.143    24.927     0.07    2.95
 -77060.839    24.618    -1.07    2.99
 -76771.520    24.683     0.23    2.82
 -76482.186    24.863     0.62    2.87
 -76192.838    25.192     1.13    3.11
 -75903.475    24.907    -0.98    3.18
 -75614.098    24.453    -1.57    3.35
 -75324.706    24.004    -1.55    3.25
 -75035.300    23.589    -1.44    3.12
 -74745.879    23.340    -0.86    3.06
 -74456.444    23.391     0.18    3.17
 -74166.994    23.456     0.23    3.27
 -73877.529    23.116    -1.18    3.09
 -73588.050    23.076    -0.14    2.96
 -73298.557    22.989    -0.30    2.90
 -73009.048    23.101     0.39    2.81
 -72719.526    23.353     0.87    3.02
 -72429.988    23.330    -0.08    3.10
 -72140.436    23.549     0.76    3.16
 -71850.870    23.677     0.44    2.86
 -71561.289    23.729     0.18    2.62
 -71271.693    24.221     1.70    2.75
 -70982.083    24.952     2.52    2.70
 -70692.458    25.221     0.93    2.52
 -70402.819    25.758     1.86    2.34
 -70113.165    26.296     1.86    2.41
 -69823.496    27.178     3.04    2.12
 -69533.813    27.773     2.05    1.82
 -69244.115    27.946     0.60    1.75
 -68954.403    28.158     0.73    1.55
 -68664.676    28.221     0.22    1.61
 -68374.934    28.250     0.10    1.62
 -68085.178    28.096    -0.53    1.77
 -67795.407    27.584    -1.77    1.94
 -67505.621    26.937    -2.23    2.15
 -67215.821    26.489    -1.54    2.17
 -66926.006    25.804    -2.36    1.99
 -66636.177    25.161    -2.22    1.79
 -66346.333    24.523    -2.20    1.58
 -66056.474    24.144    -1.31    1.50
 -65766.601    23.897    -0.85    1.57
 -65476.713    23.720    -0.61    1.60
 -65186.811    23.387    -1.15    1.38
 -64896.894    23.281    -0.37    1.48
 -64606.962    23.116    -0.57    1.54
 -64317.015    22.947    -0.58    1.46
 -64027.054    22.897    -0.17    1.50
 -63737.078    22.922     0.08    1.62
 -63447.123    23.281     1.24    1.79
 -63160.249    23.133    -0.52    1.72
 -62873.361    23.280     0.51    1.74
 -62586.459    23.650     1.29    1.59
 -62299.542    23.735     0.30    1.54
 -62012.611    23.668    -0.23    1.45
 -61725.665    23.325    -1.20    1.22
 -61438.706    23.444     0.42    1.29
 -61151.732    23.598     0.54    1.28
 -60864.743    23.584    -0.05    1.32
 -60577.741    23.644     0.21    1.26
 -60290.724    23.534    -0.38    1.32
 -60003.693    23.516    -0.06    1.35
 -59716.647    23.493    -0.08    1.24
 -59429.587    23.294    -0.69    1.30
 -59142.513    23.122    -0.60    1.17
 -58855.424    22.758    -1.27    1.21
 -58568.321    22.809     0.18    1.26
 -58281.204    22.603    -0.72    1.47
 -57994.072    22.469    -0.47    1.47
 -57706.926    22.310    -0.55    1.36
 -57419.766    22.030    -0.98    1.42
 -57132.591    21.859    -0.59    1.49
 -56845.402    21.565    -1.03    1.72
 -56558.199    21.030    -1.86    1.68
 -56270.981    20.479    -1.92    1.51
 -55983.749    20.141    -1.18    1.51
 -55696.503    19.922    -0.76    1.60
 -55409.242    19.462    -1.60    1.63
 -55121.967    19.207    -0.89    1.59
 -54834.677    19.091    -0.40    1.61
 -54547.373    18.623    -1.63    1.73
 -54260.055    18.355    -0.94    1.75
 -53972.722    18.190    -0.57    1.77
 -53685.375    18.099    -0.32    1.91
 -53398.013    18.020    -0.28    1.94
 -53110.637    17.773    -0.86    2.01
 -52823.247    18.026     0.88    2.15
 -52535.842    18.312     0.99    2.37
 -52248.423    18.728     1.45    2.41
 -51960.990    19.041     1.09    2.31
 -51673.542    19.220     0.62    2.08
 -51386.080    19.385     0.57    1.87
 -51098.603    19.343    -0.15    1.73
 -50811.112    19.250    -0.32    1.57
 -50523.606    19.385     0.47    1.47
 -50236.086    19.410     0.09    1.39
 -49948.552    19.569     0.55    1.17
 -49661.003    19.666     0.34    0.93
 -49373.440    19.500    -0.58    0.95
 -49085.862    19.344    -0.54    1.06
 -48798.270    19.147    -0.68    1.04
 -48510.663    18.809    -1.18    1.20
 -48223.042    18.550    -0.90    1.22
 -47935.407    18.265    -0.99    1.10
 -47647.757    18.084    -0.63    1.02
 -47360.093    17.956    -0.44    1.22
 -47072.414    17.789    -0.58    1.23
 -46784.721    17.683    -0.37    1.25
 -46497.013    17.250    -1.50    1.64
 -46209.291    16.647    -2.10    2.12
 -45921.554    15.946    -2.44    2.32
 -45633.803    15.558    -1.35    2.14
 -45346.038    15.750     0.67    2.63
 -45058.258    15.796     0.16    2.61
 -44770.463    16.266     1.63    2.52
 -44482.654    16.662     1.38    2.32
 -44194.831    16.847     0.64    1.63
 -43906.993    17.076     0.80    1.40
 -43619.141    17.265     0.66    1.28
 -43331.274    17.523     0.90    1.38
 -43043.392    17.705     0.63    1.39
 -42755.496    17.727     0.08    1.40
 -42467.586    17.942     0.74    1.34
 -42179.661    17.922    -0.07    1.35
 -41891.722    17.965     0.15    1.26
 -41603.768    18.059     0.33    1.12
 -41315.800    18.030    -0.10    1.13
 -41027.817    18.235     0.71    1.17
 -40739.819    18.158    -0.27    1.17
 -40451.807    18.397     0.83    1.25
 -40163.781    18.534     0.47    1.26
 -39875.740    18.450    -0.29    1.33
 -39587.685    18.353    -0.34    1.38
 -39299.615    18.410     0.20    1.38
 -39011.530    18.086    -1.12    1.19
 -38723.431    18.154     0.23    1.14
 -38435.317    18.118    -0.12    1.06
 -38147.189    17.997    -0.42    0.97
 -37859.046    17.772    -0.78    1.11
 -37570.889    17.550    -0.77    1.39
 -37282.717    17.120    -1.49    1.73
 -36994.531    16.280    -2.92    2.32
 -36706.330    15.578    -2.43    2.34
 -36418.115    14.853    -2.52    2.43
 -36129.885    13.765    -3.78    2.32
 -35841.640    13.036    -2.53    1.93
 -35553.381    12.436    -2.08    1.64
 -35265.107    12.044    -1.36    1.19
 -34976.819    11.917    -0.44    1.16
 -34688.516    11.826    -0.32    1.29
 -34400.199    11.902     0.26    1.16
 -34111.867    11.835    -0.23    1.20
 -33823.520    11.729    -0.37    1.31
 -33535.159    11.685    -0.15    1.40
 -33246.783    11.564    -0.42    1.60
 -32958.393    11.059    -1.75    2.10
 -32669.988    10.450    -2.11    2.41
 -32381.569    10.190    -0.90    2.44
 -32093.135     9.504    -2.38    2.74
 -31804.686     8.459    -3.62    3.36
 -31516.222     7.265    -4.14    4.02
 -31227.745     6.161    -3.83    4.26
 -30939.252     4.874    -4.46    4.20
 -30650.745     3.327    -5.36    3.21
 -30362.223     2.387    -3.26    2.29
 -30073.687     1.794    -2.05    1.27
 -29785.136     1.758    -0.13    1.35
 -29496.570     1.671    -0.30    1.25
 -29207.990     1.743     0.25    1.34
 -28919.395     1.665    -0.27    1.41
 -28630.785     1.668     0.01    1.37
 -28342.161     1.594    -0.26    1.21
 -28053.522     1.486    -0.38    1.20
 -27764.869     1.053    -1.50    2.13
 -27476.201     0.845    -0.72    2.12
 -27187.518     0.679    -0.57    2.04
 -26898.821     0.468    -0.73    2.08
 -26610.109     0.206    -0.91    2.08
 -26321.382     0.110    -0.33    2.07
 -26032.641     0.427     1.10    1.49
 -25743.885     0.743     1.09    1.51
 -25455.114     0.936     0.67    1.32
 -25166.329     0.893    -0.15    1.25
 -24877.529     0.986     0.32    1.27
 -24588.714     1.397     1.43    1.65
 -24299.885     1.690     1.01    1.78
 -24011.041     1.826     0.47    1.77
 -23722.182     1.927     0.35    1.74
 -23433.308     1.845    -0.29    1.78
 -23144.420     1.700    -0.50    1.82
 -22855.517     1.713     0.05    1.86
 -22566.600     1.442    -0.94    1.47
 -22277.668     1.681     0.83    1.68
 -21988.721     1.781     0.34    1.72
 -21699.759     1.668    -0.39    1.78
 -21410.783     1.340    -1.14    2.27
 -21121.792     1.149    -0.66    2.15
 -20832.786     1.086    -0.22    2.14
 -20543.766     0.960    -0.43    2.31
 -20254.731     0.796    -0.57    2.40
 -19965.681     0.978     0.63    2.50
 -19676.616     1.559     2.01    2.29
 -19387.537     1.635     0.26    2.38
 -19098.443     1.511    -0.43    2.21
 -18809.334     1.642     0.45    2.32
 -18520.211     1.482    -0.55    2.35
 -18231.073     1.569     0.30    2.57
 -17941.920     1.188    -1.32    2.22
 -17652.752     1.147    -0.14    2.41
 -17363.569     0.967    -0.62    1.72
 -17074.372     1.236     0.93    1.85
 -16785.160     1.165    -0.25    1.63
 -16495.933     1.471     1.06    1.68
 -16206.692     1.706     0.81    1.87
 -15917.436     1.875     0.58    2.00
 -15628.165     1.877     0.01    2.01
 -15338.879     2.074     0.68    2.10
 -15049.578     2.149     0.26    2.13
 -14760.263     2.107    -0.14    2.39
 -14470.933     1.907    -0.69    2.47
 -14181.588     1.500    -1.41    2.51
 -13892.229     1.204    -1.02    2.59
 -13602.854     1.053    -0.52    2.53
 -13313.465     1.131     0.27    2.65
 -13024.061     1.147     0.06    2.56
 -12734.642     1.022    -0.43    2.30
 -12445.209     1.044     0.08    2.02
 -12155.760     1.265     0.76    1.99
 -11866.297     1.478     0.73    2.03
 -11576.819     1.312    -0.57    1.98
 -11287.326     1.044    -0.92    1.90
 -10997.819     0.877    -0.58    1.85
 -10708.296     0.912     0.12    1.89
 -10418.759     0.656    -0.88    1.73
 -10129.207     0.493    -0.56    1.74
  -9839.640     0.191    -1.04    1.35
  -9550.058     0.112    -0.27    1.22
  -9260.462    -0.050    -0.56    1.20
  -8970.850     0.000     0.17    1.35
  -8681.224    -0.078    -0.27    1.18
  -8391.583    -0.271    -0.67    1.11
  -8101.927    -0.338    -0.23    1.04
  -7812.257    -0.308     0.10    1.21
  -7522.571    -0.328    -0.07    1.22
  -7232.871    -0.481    -0.53    0.95
  -6943.155    -0.503    -0.08    0.86
  -6653.425    -0.593    -0.31    0.58
  -6363.680    -0.460     0.46    0.81
  -6073.920    -0.250     0.73    1.08
  -5784.146     0.000     0.86    1.24
  -5494.356     0.250     0.86    1.31
  -5204.552     0.534     0.98    1.42
  -4914.732     1.193     2.27    1.78
  -4624.898     1.400     0.71    1.92
  -4335.049     1.429     0.10    2.12
  -4045.185     1.296    -0.46    2.36
  -3755.307     1.161    -0.47    2.35
  -3465.413     1.144    -0.06    2.38
  -3175.504     0.868    -0.95    2.33
  -2885.581     0.598    -0.93    2.15
  -2595.642     0.481    -0.40    1.80
  -2305.689     0.400    -0.28    1.71
  -2015.721     0.427     0.09    1.57
  -1725.738     0.341    -0.30    1.51
  -1435.740     0.310    -0.11    1.39
  -1147.517     0.341     0.11    1.39
   -860.673     0.281    -0.21    1.15
   -573.814     0.250    -0.11    1.14
   -286.940     0.222    -0.10    1.23
     -0.052     0.279     0.20    1.32
    286.851     0.265    -0.05    1.29
    573.768     0.515     0.87    1.56
    860.700     0.360    -0.54    1.55
   1147.646     0.500     0.49    1.75
   1434.607     0.618     0.41    1.85
   1721.582     0.750     0.46    2.08
   2008.572     1.062     1.09    2.21
   2295.577     1.326     0.92    2.25
   2582.596     1.442     0.40    2.26
   2869.630     1.343    -0.34    2.45
   3156.678     1.023    -1.11    2.38
   3443.741     0.729    -1.03    2.38
   3730.818     0.370    -1.25    2.18
   4017.910    -0.069    -1.53    2.01
   4305.017    -0.176    -0.37    2.02
   4592.138    -0.386    -0.73    1.90
   4879.274    -0.416    -0.11    1.65
   5166.424    -0.611    -0.68    1.51
   5453.589    -0.765    -0.53    1.52
   5740.768    -1.153    -1.35    2.05
   6027.962    -1.221    -0.24    2.01
   6315.171    -1.426    -0.71    2.02
   6602.394    -1.335     0.32    1.99
   6889.632    -1.212     0.43    2.03
   7176.885    -1.057     0.54    1.30
   7464.152    -1.073    -0.06    1.32
   7751.434    -1.367    -1.02    1.16
   8038.730    -1.264     0.36    1.19
   8326.041    -1.221     0.15    1.07
   8613.367    -1.445    -0.78    1.14
   8900.707    -1.460    -0.05    1.27
   9188.062    -1.334     0.44    1.38
   9475.431    -1.456    -0.42    1.32
   9762.815    -1.442     0.05    1.38
  10050.214    -1.441     0.00    1.37
  10337.628    -1.335     0.37    1.53
  10625.056    -1.212     0.43    1.48
  10912.498    -1.347    -0.47    1.50
  11199.956    -1.481    -0.47    1.56
  11487.428    -1.765    -0.99    1.64
  11774.914    -1.824    -0.21    1.68
  12062.416    -1.962    -0.48    1.51
  12349.932    -1.944     0.06    1.43
  12637.462    -1.809     0.47    1.37
  12925.008    -1.664     0.51    1.27
  13212.568    -1.706    -0.14    1.23
  13500.142    -1.765    -0.21    1.28
  13787.732    -2.073    -1.07    1.32
  14075.336    -2.196    -0.43    1.38
  14362.954    -2.485    -1.01    1.41
  14650.588    -2.576    -0.32    1.50
  14938.236    -2.590    -0.05    1.57
  15225.899    -2.675    -0.29    1.62
  15513.576    -2.750    -0.26    1.69
  15801.268    -2.441     1.07    1.71
  16088.975    -2.396     0.16    1.54
  16376.697    -2.526    -0.45    1.52
  16664.433    -2.590    -0.22    1.42
  16952.184    -2.511     0.28    1.36
  17239.949    -2.573    -0.22    1.36
  17527.730    -2.647    -0.26    1.25
  17815.525    -2.630     0.06    1.27
  18103.335    -2.507     0.43    1.30
  18391.159    -2.466     0.14    1.29
  18678.999    -2.227     0.83    1.30
  18966.853    -2.044     0.64    1.11
  19254.721    -1.978     0.23    1.04
  19542.605    -1.878     0.35    1.23
  19830.503    -1.823     0.19    1.37
  20118.416    -1.544     0.97    1.87
  20406.343    -1.519     0.09    1.88
  20694.286    -1.220     1.04    2.01
  20982.243    -0.953     0.93    2.09
  21270.215    -0.907     0.16    1.67
  21558.202    -0.822     0.29    1.57
  21846.203    -0.689     0.46    1.63
  22134.219    -0.794    -0.36    1.51
  22422.250    -0.857    -0.22    1.29
  22710.296    -1.053    -0.68    1.19
  22998.356    -1.315    -0.91    1.24
  23286.432    -1.451    -0.47    1.27
  23574.522    -1.547    -0.33    1.20
  23862.626    -1.691    -0.50    1.01
  24150.746    -1.644     0.16    1.02
  24438.880    -1.583     0.21    1.20
  24727.030    -1.350     0.81    1.23
  25015.193    -0.794     1.93    2.20
  25303.372    -0.123     2.33    2.55
  25591.566     0.165     1.00    2.69
  25879.774     0.511     1.20    2.64
  26167.997     0.794     0.98    2.54
  26456.235     1.250     1.58    2.43
  26744.488     1.558     1.07    2.30
  27032.755     2.015     1.59    2.29
  27321.038     2.975     3.33    2.99
  27609.335     3.859     3.07    3.34
  27897.647     4.931     3.72    3.26
  28185.974     6.192     4.37    2.83
  28474.315     7.397     4.18    2.17
  28762.672     7.804     1.41    1.51
  29051.043     7.997     0.67    1.39
  29339.429     8.022     0.09    1.45
  29627.830     8.134     0.39    1.60
  29916.246     8.395     0.90    1.76
  30204.677     8.368    -0.09    1.77
  30493.122     8.280    -0.30    1.83
  30781.582     7.917    -1.26    1.94
  31070.057     7.796    -0.42    2.01
  31358.548     7.400    -1.37    1.75
  31647.052     7.059    -1.18    1.54
  31935.572     6.845    -0.74    1.35
  32224.107     7.047     0.70    1.51
  32512.656     7.627     2.01    1.99
  32801.221     8.623     3.45    2.21
  33089.800     9.311     2.38    2.23
  33378.394     9.971     2.29    2.25
  33667.003    10.555     2.02    1.91
  33955.627    10.850     1.02    1.48
  34244.265    11.018     0.58    1.16
  34532.919    10.927    -0.32    1.16
  34821.587    10.986     0.20    1.22
  35110.271    10.947    -0.13    1.28
  35398.969    11.056     0.38    1.66
  35687.682    11.036    -0.07    1.62
  35976.410    10.971    -0.23    1.67
  36265.153    11.050     0.28    1.65
  36553.911    11.086     0.12    1.70
  36842.684    10.902    -0.64    1.79
  37131.472    10.720    -0.63    1.27
  37420.274    10.589    -0.45    1.53
  37709.092    10.103    -1.68    1.85
  37997.924     9.883    -0.76    1.98
  38286.771     9.393    -1.69    2.11
  38575.634     8.627    -2.65    2.13
  38864.511     7.982    -2.23    1.87
  39153.403     7.594    -1.34    1.60
  39442.310     7.296    -1.03    1.39
  39731.232     7.044    -0.87    1.22
  40020.169     6.971    -0.25    1.10
  40309.121     7.007     0.13    1.10
  40598.088     7.105     0.34    1.17
  40887.070     7.294     0.65    1.31
  41176.066     7.353     0.20    1.25
  41465.078     7.341    -0.04    1.20
  41754.105     7.355     0.05    1.21
  42043.147     7.565     0.73    1.28
  42332.203     7.714     0.52    1.23
  42621.275     7.807     0.32    1.20
  42910.361     7.847     0.14    1.14
  43199.463     8.044     0.68    1.07
  43488.579     7.978    -0.23    1.25
  43777.711     7.912    -0.23    1.30
  44066.857     7.559    -1.22    1.70
  44356.019     7.353    -0.71    1.67
  44645.195     6.807    -1.89    1.83
  44934.386     6.656    -0.52    1.91
  45223.593     6.629    -0.09    1.80
  45512.814     6.773     0.50    1.82
  45802.051     6.997     0.77    1.75
  46091.302     7.323     1.13    1.59
  46380.568     7.853     1.83    1.58
  46669.850     8.222     1.27    1.56
  46959.146     8.336     0.40    1.59
  47248.458     8.589     0.87    1.52
  47537.784     8.765     0.61    1.47
  47827.126     8.584    -0.63    1.44
  48116.482     8.415    -0.58    1.31
  48405.854     8.323    -0.32    1.26
  48695.240     8.336     0.05    1.34
  48984.642     8.385     0.17    1.25
  49274.058     8.659     0.95    1.70
  49563.490     8.794     0.47    1.92
  49852.937     8.917     0.42    1.92
  50142.399     8.662    -0.88    1.96
  50431.875     8.474    -0.65    2.10
  50721.367     8.127    -1.20    2.36
  51010.874     7.714    -1.43    2.52
  51300.396     7.482    -0.80    2.08
  51589.933     7.312    -0.59    2.14
  51879.485     7.368     0.19    2.22
  52169.052     7.159    -0.72    2.24
  52458.635     7.026    -0.46    2.40
  52748.232     7.339     1.08    2.61
  53037.844     7.424     0.30    2.61
  53327.472     7.618     0.67    2.53
  53617.114     7.653     0.12    2.40
  53906.772     7.706     0.18    2.26
  54196.444     7.668    -0.13    2.05
  54486.132     7.352    -1.09    2.01
  54775.835     6.750    -2.08    1.95
  55065.553     6.656    -0.33    1.94
  55355.286     6.618    -0.13    2.04
  55645.034     6.355    -0.91    1.98
  55934.798     6.339    -0.06    2.07
  56224.576     6.189    -0.52    2.16
  56514.369     6.178    -0.04    2.39
  56804.178     6.165    -0.05    2.42
  57094.002     6.133    -0.11    2.28
  57383.841     6.324     0.66    2.26
  57673.695     6.589     0.91    2.12
  57963.564     6.675     0.30    2.08
  58253.448     6.809     0.46    2.01
  58543.347     6.937     0.44    1.79
  58833.262     6.836    -0.35    1.91
  59123.191     6.656    -0.62    2.10
  59413.136     6.707     0.18    2.15
  59703.096     6.623    -0.29    2.19
  59993.071     6.172    -1.56    1.96
  60283.061     5.897    -0.95    1.95
  60573.067     5.927     0.10    2.01
  60862.738     6.134     0.72    1.83
  61149.533     6.165     0.11    1.73
  61436.344     6.221     0.20    1.89
  61723.168     6.721     1.74    1.78
  62010.008     6.872     0.53    1.79
  62296.863     6.773    -0.34    1.80
  62583.732     6.474    -1.04    2.03
  62870.616     6.308    -0.58    1.98
  63157.515     6.465     0.54    1.85
  63444.428     6.412    -0.18    1.90
  63731.357     6.395    -0.06    1.95
  64018.300     6.205    -0.66    2.17
  64305.258     5.993    -0.74    2.14
  64592.230     5.603    -1.36    2.37
  64879.218     4.781    -2.87    2.59
  65166.220     4.004    -2.71    2.60
  65453.237     3.350    -2.28    2.47
  65740.269     3.250    -0.35    2.53
  66027.316     4.000     2.61    2.87
  66314.378     4.650     2.26    2.95
  66601.454     4.736     0.30    2.93
  66888.545     5.404     2.33    2.64
  67175.651     5.685     0.98    2.35
  67462.772     5.989     1.06    1.93
  67749.908     5.796    -0.67    1.82
  68037.058     5.482    -1.09    1.88
  68324.224     5.309    -0.60    2.51
  68611.404     4.696    -2.13    2.73
  68898.599     4.486    -0.73    2.88
  69185.809     4.250    -0.82    2.97
  69473.034     4.429     0.62    3.03
  69760.273     4.559     0.45    2.96
  70047.528     4.893     1.16    2.60
  70334.797     5.059     0.58    2.58
  70622.081     5.493     1.51    2.32
  70909.380     6.015     1.82    1.82
  71196.694     6.235     0.77    1.64
  71484.022     6.023    -0.74    1.81
  71771.366     5.975    -0.17    1.88
  72058.725     6.012     0.13    1.83
  72346.098     5.950    -0.21    1.88
  72633.486     6.091     0.49    1.78
  72920.889     5.978    -0.39    1.73
  73208.307     5.690    -1.00    1.66
  73495.740     5.432    -0.90    1.75
  73783.188     5.207    -0.78    1.87
  74070.650     5.103    -0.36    1.95
  74358.128     4.936    -0.58    1.82
  74645.620     4.888    -0.17    1.76
  74933.128     4.897     0.03    1.66
  75220.650     4.868    -0.10    1.72
  75508.187     4.796    -0.25    1.82
  75795.739     4.877     0.28    1.79
  76083.306     4.807    -0.24    1.79
  76370.888     4.656    -0.53    1.70
  76658.485     4.922     0.92    1.81
  76946.097     4.971     0.17    1.72
  77233.723     5.176     0.71    1.67
  77521.365     5.220     0.15    1.53
  77809.021     5.311     0.32    1.51
  78096.693     5.383     0.25    1.72
  78384.379     5.474     0.32    1.70
  78672.080     5.636     0.56    1.68
  78959.797     6.033     1.38    1.66
  79247.528     6.393     1.25    1.77
  79535.274     7.101     2.46    1.84
  79823.035     7.481     1.32    2.14
  80110.811     8.074     2.06    2.47
  80398.602     9.015     3.27    2.84
  80686.408    10.450     4.99    3.66
  80974.229    11.879     4.96    4.70
  81262.065    13.750     6.50    5.25
  81549.916    16.511     9.59    6.17
  81837.782    19.114     9.04    6.09
  82125.663    21.023     6.63    5.82
  82413.558    22.847     6.34    5.27
  82701.469    23.750     3.14    4.56
  82989.395    24.150     1.39    4.25
  83277.336    24.471     1.11    4.07
  83565.292    23.679    -2.75    4.77
  83853.262    22.190    -5.17    5.28
  84141.248    20.387    -6.26    5.70
  84429.249    17.559    -9.82    6.33
  84717.264    14.309   -11.28    6.37
  85005.295    11.822    -8.64    5.72
  85293.341     9.865    -6.80    4.41
  85581.402     8.685    -4.09    3.36
  85869.477     8.000    -2.38    2.13
  86157.568     8.026     0.09    1.58
  86445.674     8.236     0.73    1.51
  86733.795     8.569     1.16    1.44
  87021.931     8.853     0.99    1.54
  87310.082     9.150     1.03    1.67
  87598.247     9.235     0.30    1.74
  87886.428     9.574     1.17    1.83
  88174.624    10.295     2.50    2.08
  88462.835    10.343     0.16    1.98
  88751.061    10.706     1.26    2.48
  89039.302    10.811     0.36    2.51
  89327.559    11.162     1.22    2.65
  89615.830    11.636     1.64    2.70
  89904.116    12.221     2.03    3.01
  90192.417    12.758     1.86    3.06
  90480.734    13.311     1.92    3.21
  90769.065    14.353     3.62    3.68
  91057.412    14.835     1.67    3.78
  91345.773    15.714     3.05    3.79
  91634.150    16.379     2.31    3.71
  91922.542    16.653     0.95    3.77
  92210.948    17.662     3.50    4.14
  92499.370    18.500     2.91    4.03
  92787.807    19.220     2.50    4.39
  93076.259    20.383     4.03    4.51
  93364.726    21.356     3.38    4.55
  93653.209    22.015     2.28    4.51
  93941.706    22.779     2.65    4.55
  94230.218    23.497     2.49    4.46
  94518.746    24.074     2.00    4.72
  94807.289    24.969     3.10    4.88
  95095.846    25.206     0.82    5.00
  95384.419    25.735     1.83    5.17
  95673.007    26.150     1.44    4.95
  95961.610    26.926     2.69    4.97
  96250.229    27.883     3.31    4.90
  96538.862    28.385     1.74    4.60
  96827.510    28.325    -0.21    4.58
  97116.174    29.038     2.47    4.47
  97404.853    30.059     3.54    4.42
  97693.546    30.705     2.24    4.25
  97982.255    31.845     3.95    4.02
  98270.980    32.807     3.34    3.76
  98559.719    33.636     2.87    3.33
  98848.473    34.294     2.28    2.70
  99137.243    34.564     0.93    2.74
  99426.028    35.206     2.22    2.48
  99714.827    35.603     1.37    2.37
 100003.643    36.011     1.41    2.22
 100292.473    36.136     0.43    2.00
 100581.318    36.368     0.80    1.55
 100870.179    36.280    -0.31    1.42
 101159.054    36.250    -0.10    1.28
 101447.945    35.993    -0.89    1.42
 101736.851    35.549    -1.54    1.54
 102025.773    35.012    -1.86    1.83
 102314.709    34.565    -1.55    1.95
 102603.661    33.912    -2.26    2.12
 102892.627    33.650    -0.91    2.18
 103181.609    33.432    -0.76    2.21
 103470.607    33.341    -0.31    2.41
 103759.619    33.280    -0.21    2.53
 104048.647    32.736    -1.88    2.68
 104337.689    32.507    -0.79    2.68
 104626.747    32.536     0.10    2.54
 104915.821    32.471    -0.23    2.37
 105204.909    32.779     1.07    2.50
 105494.013    32.584    -0.68    2.42
 105783.131    33.355     2.67    2.72
 106072.266    34.023     2.31    2.40
 106361.415    34.656     2.19    2.12
 106650.579    35.093     1.51    1.91
 106939.759    35.352     0.89    1.92
 107228.954    35.482     0.45    2.07
 107518.164    35.564     0.28    2.24
 107807.390    35.638     0.26    2.05
 108096.631    35.942     1.05    1.90
 108385.887    36.236     1.02    1.74
 108675.158    36.207    -0.10    1.59
 108964.444    36.221     0.05    1.50
 109253.746    35.960    -0.90    1.54
 109543.063    35.236    -2.51    1.76
 109832.395    35.023    -0.73    1.79
 110121.743    34.623    -1.38    1.70
 110411.105    34.091    -1.84    1.68
 110700.483    33.642    -1.55    1.68
 110989.877    33.179    -1.60    1.56
 111279.285    32.859    -1.11    1.50
 111568.709    32.758    -0.35    1.49
 111858.148    32.773     0.05    1.48
 112147.603    32.841     0.24    1.48
 112437.073    33.122     0.97    1.41
 112726.558    33.337     0.74    1.39
 113016.058    33.493     0.54    1.26
 113305.574    33.893     1.38    1.35
 113595.105    34.030     0.47    1.36
 113884.651    34.339     1.07    1.39
 114174.212    34.402     0.22    1.47
 114463.789    34.459     0.20    1.52
 114753.381    34.645     0.64    1.53
 115042.989    34.662     0.06    1.55
 115332.612    34.874     0.73    1.50
 115622.250    35.071     0.68    1.38
 115911.903    35.131     0.21    1.31
 116201.572    35.086    -0.15    1.23
 116491.256    34.967    -0.41    1.41
 116780.955    34.956    -0.04    1.39
 117070.670    34.713    -0.84    1.49
 117360.400    34.336    -1.30    1.88
 117650.146    33.993    -1.18    2.00
 117939.907    33.534    -1.59    2.42
 118229.683    32.824    -2.45    2.58
 118519.474    32.071    -2.60    2.82
 118809.281    31.453    -2.13    2.92
 119099.103    30.526    -3.20    3.01
 119388.941    29.971    -1.91    3.01
 119678.794    29.839    -0.46    2.87
 119968.662    29.609    -0.79    2.85
 120258.546    29.412    -0.68    2.67
 120548.445    28.967    -1.54    3.00
 120838.359    28.294    -2.32    3.45
 121128.289    27.322    -3.36    3.77
 121418.234    26.489    -2.87    4.16
 121708.195    24.922    -5.41    4.20
 121998.171    23.341    -5.45    4.20
 122288.162    21.877    -5.05    4.06
 122578.169    20.177    -5.86    3.77
 122868.191    18.868    -4.51    3.45
 123156.118    17.922    -3.29    3.09
 123442.890    16.836    -3.79    2.27
 123729.677    15.975    -3.00    1.89
 124016.479    15.336    -2.23    1.59
 124303.296    15.012    -1.13    1.39
 124590.128    14.765    -0.86    1.35
 124876.975    14.675    -0.32    1.25
 125163.836    14.662    -0.04    1.30
 125450.713    14.907     0.86    1.55
 125737.605    14.997     0.31    1.62
 126024.512    15.179     0.64    1.73
 126311.434    15.780     2.09    2.17
 126598.371    16.444     2.32    2.22
 126885.323    16.971     1.84    2.44
 127172.290    17.235     0.92    2.63
 127459.272    17.593     1.25    2.72
 127746.270    18.107     1.79    2.68
 128033.282    18.429     1.12    2.60
 128320.309    19.147     2.50    2.68
 128607.351    19.486     1.18    2.72
 128894.409    20.146     2.30    2.68
 129181.481    20.662     1.80    2.59
 129468.568    21.146     1.69    2.74
 129755.671    21.618     1.64    2.94
 130042.788    21.729     0.39    3.01
 130329.921    21.822     0.32    3.21
 130617.069    22.036     0.75    3.40
 130904.232    21.907    -0.45    3.51
 131191.409    21.736    -0.60    3.17
 131478.602    21.387    -1.22    2.70
 131765.810    21.402     0.05    2.69
 132053.033    21.507     0.37    2.49
 132340.272    21.353    -0.54    2.23
 132627.525    21.743     1.36    2.43
 132914.793    22.076     1.16    2.24
 133202.077    22.175     0.34    2.15
 133489.375    22.559     1.34    2.27
 133776.689    22.735     0.61    2.22
 134064.018    23.280     1.90    2.32
 134351.362    24.221     3.28    2.65
 134638.721    24.779     1.94    2.64
 134926.095    25.150     1.29    2.97
 135213.484    25.603     1.58    3.11
 135500.888    26.089     1.69    3.25
 135788.308    26.311     0.77    3.28
 136075.742    26.967     2.28    3.47
 136363.192    27.839     3.03    3.16
 136650.657    28.839     3.48    3.13
 136938.137    29.828     3.44    3.09
 137225.632    30.865     3.61    2.99
 137513.142    31.793     3.23    2.98
 137800.668    32.618     2.87    2.56
 138088.208    33.311     2.41    2.25
 138375.764    33.500     0.66    2.37
 138663.335    33.903     1.40    2.06
 138950.921    34.149     0.86    1.76
 139238.522    34.166     0.06    1.68
 139526.138    34.424     0.90    1.60
 139813.770    34.859     1.51    1.73
 140101.417    35.173     1.09    1.81
 140389.078    35.387     0.74    1.77
 140676.755    35.589     0.70    1.94
 140964.448    35.294    -1.02    2.19
 141252.155    34.679    -2.14    3.02
 141539.878    33.642    -3.61    3.18
 141827.615    32.743    -3.12    3.13
 142115.368    31.809    -3.25    2.94
 142403.136    31.415    -1.37    2.79
 142690.920    30.927    -1.69    2.72
 142978.718    30.207    -2.50    2.90
 143266.532    29.550    -2.28    3.29
 143554.361    29.039    -1.78    3.26
 143842.205    28.642    -1.38    3.46
 144130.064    28.397    -0.85    3.61
 144417.939    27.997    -1.39    3.64
 144705.829    27.659    -1.17    3.58
 144993.734    28.059     1.39    3.44
 145281.654    28.508     1.56    3.11
 145569.589    29.136     2.18    2.89
 145857.540    29.850     2.48    3.18
 146145.506    30.536     2.38    3.54
 146433.487    31.482     3.29    3.34
 146721.483    32.534     3.65    3.07
 147009.495    33.177     2.23    2.75
 147297.522    33.796     2.15    2.66
 147585.564    34.294     1.73    2.46
 147873.621    34.822     1.83    2.02
 148161.694    35.146     1.13    1.71
 148449.782    35.091    -0.19    1.89
 148737.885    34.967    -0.43    1.99
 149026.003    34.553    -1.43    2.25
 149314.137    33.647    -3.14    2.65
 149602.286    32.309    -4.64    3.17
 149890.450    31.250    -3.67    3.39
 150178.629    30.179    -3.72    3.30
 150466.824    29.236    -3.27    2.89
 150755.034    28.868    -1.28    2.58
 151043.259    28.788    -0.28    2.70
 151331.500    28.809     0.07    2.80
 151619.756    29.131     1.12    2.79
 151908.027    29.206     0.26    2.54
 152196.313    29.221     0.05    2.44
 152484.615    29.192    -0.10    2.08
 152772.932    29.322     0.45    2.23
 153061.264    29.662     1.18    2.51
 153349.612    30.056     1.37    2.85
 153637.975    30.221     0.57    2.92
 153926.353    30.489     0.93    2.94
 154214.747    30.950     1.60    2.86
 154503.156    31.166     0.75    2.57
 154791.580    31.280     0.40    2.32
 155080.020    31.633     1.22    2.39
 155368.475    31.877     0.85    2.43
 155656.945    32.038     0.56    2.49
 155945.430    32.471     1.50    2.53
 156233.931    32.534     0.22    2.35
 156522.447    32.975     1.53    2.39
 156810.979    33.322     1.20    2.36
 157099.526    33.779     1.58    2.36
 157388.088    34.366     2.04    2.23
 157676.666    35.103     2.55    1.99
 157965.259    35.633     1.83    2.05
 158253.867    36.355     2.50    2.11
 158542.491    36.907     1.92    1.95
 158831.130    37.622     2.47    1.91
 159119.784    38.004     1.32    1.68
 159408.454    38.439     1.51    1.40
 159697.139    38.623     0.64    1.40
 159985.840    38.781     0.54    1.42
 160274.556    38.456    -1.12    1.64
 160563.287    37.803    -2.26    2.02
 160852.034    37.265    -1.86    2.36
 161140.796    37.036    -0.79    2.45
 161429.573    36.352    -2.37    2.46
 161718.366    35.722    -2.18    2.39
 162007.174    34.997    -2.51    2.31
 162295.998    34.868    -0.45    2.33
 162584.837    34.569    -1.04    2.23
 162873.692    34.787     0.75    2.27
 163162.562    35.098     1.08    2.26
 163451.447    35.589     1.70    2.45
 163740.348    36.236     2.24    2.26
 164029.264    37.144     3.14    1.90
 164318.195    37.549     1.40    1.66
 164607.142    37.736     0.65    1.72
 164896.105    38.030     1.02    1.60
 165185.082    37.950    -0.27    1.78
 165474.076    37.422    -1.83    2.20
 165763.084    37.059    -1.25    2.32
 166052.109    36.879    -0.62    2.40
 166341.148    36.811    -0.24    2.37
 166630.203    36.887     0.26    2.06
 166919.274    36.773    -0.39    2.41
 167208.360    36.584    -0.65    2.53
 167497.461    36.490    -0.32    2.48
 167786.578    36.468    -0.08    2.47
 168075.710    36.622     0.53    2.67
 168364.858    37.074     1.56    2.70
 168654.021    37.735     2.29    2.54
 168943.200    38.324     2.04    2.27
 169232.394    38.950     2.17    1.77
 169521.604    39.236     0.99    1.49
 169810.829    38.709    -1.82    1.92
 170100.070    38.074    -2.20    2.22
 170389.326    37.402    -2.32    2.35
 170678.598    36.967    -1.50    2.39
 170967.885    36.796    -0.59    2.48
 171257.187    36.579    -0.75    2.40
 171546.506    37.091     1.77    2.36
 171835.839    37.850     2.63    2.08
 172125.188    38.393     1.88    1.70
 172414.553    38.647     0.88    1.50
 172703.933    38.780     0.46    1.61
 172993.329    38.508    -0.94    2.09
 173282.740    38.069    -1.52    2.44
 173572.167    37.736    -1.15    2.48
 173861.609    37.713    -0.08    2.49
 174151.067    37.850     0.47    2.48
 174440.540    37.897     0.16    2.41
 174730.029    38.402     1.74    2.04
 175019.533    38.853     1.56    1.63
 175309.053    39.026     0.60    1.64
 175598.589    38.627    -1.38    1.93
 175888.140    38.033    -2.05    2.09
 176177.706    37.511    -1.80    2.10
 176467.288    37.089    -1.46    2.18
 176756.886    36.644    -1.53    2.29
 177046.499    35.927    -2.48    2.66
 177336.128    35.099    -2.86    2.89
 177625.772    34.265    -2.88    3.03
 177915.432    33.642    -2.15    2.96
 178205.108    33.056    -2.02    3.05
 178494.799    32.450    -2.09    3.28
 178784.505    31.308    -3.94    3.38
 179074.227    30.372    -3.23    3.37
 179363.965    29.074    -4.48    3.85
 179653.719    27.647    -4.92    3.88
 179943.487    26.407    -4.28    4.12
 180233.272    24.436    -6.80    4.02
 180523.072    22.685    -6.04    3.33
 180812.888    21.192    -5.15    2.82
 181102.719    20.176    -3.51    2.49
 181392.566    19.544    -2.18    2.20
 181682.429    18.978    -1.96    1.79
 181972.307    18.714    -0.91    1.61
 182262.201    18.940     0.78    1.70
 182552.110    19.395     1.57    1.78
 182842.035    19.722     1.13    1.74
 183131.976    20.412     2.38    1.82
 183421.932    20.997     2.02    1.74
 183711.904    21.647     2.24    1.46
 184001.892    22.450     2.77    1.79
 184291.895    23.207     2.61    1.97
 184581.914    23.940     2.53    2.02
 184871.948    24.787     2.92    2.11
 185161.405    25.736     3.28    2.22
 185448.130    26.508     2.69    2.26
 185734.871    27.295     2.75    2.09
 186021.627    27.975     2.37    1.83
 186308.399    28.308     1.16    1.57
 186595.185    28.448     0.49    1.70
 186881.987    28.294    -0.54    1.97
 187168.804    27.830    -1.62    2.41
 187455.636    27.530    -1.05    2.71
 187742.484    27.538     0.03    2.88
 188029.347    27.015    -1.82    3.26
 188316.225    26.997    -0.06    3.29
 188603.118    26.627    -1.29    3.37
 188890.027    26.786     0.55    3.50
 189176.951    27.033     0.86    3.55
 189463.890    26.722    -1.08    3.57
 189750.844    26.841     0.42    3.63
 190037.814    26.839    -0.01    3.52
 190324.799    26.942     0.36    3.35
 190611.799    26.927    -0.05    3.25
 190898.814    26.722    -0.71    2.85
 191185.845    26.617    -0.37    2.65
 191472.891    26.772     0.54    2.39
 191759.953    26.927     0.54    2.45
 192047.029    27.250     1.13    2.63
 192334.121    27.250     0.00    2.32
 192621.228    27.280     0.10    2.30
 192908.351    27.623     1.20    2.31
 193195.489    27.758     0.47    2.31
 193482.642    28.120     1.26    2.42
 193769.810    28.294     0.61    2.64
 194056.994    28.309     0.05    2.63
 194344.193    28.589     0.97    2.59
 194631.408    28.971     1.33    2.78
 194918.637    29.030     0.20    2.74
 195205.883    29.692     2.30    2.91
 195493.143    30.206     1.79    3.01
 195780.419    31.091     3.08    3.23
 196067.710    31.888     2.78    3.08
 196355.016    32.450     1.96    2.99
 196642.338    32.942     1.71    2.93
 196929.675    33.015     0.26    3.06
 197217.027    32.872    -0.50    2.90
 197504.395    33.265     1.37    2.88
 197791.778    33.250    -0.05    2.88
 198079.177    33.323     0.25    2.86
 198366.591    33.645     1.12    2.82
 198654.020    34.093     1.56    2.67
 198941.465    34.922     2.88    2.58
 199228.925    35.353     1.50    2.32
 199516.400    35.662     1.07    2.04
 199803.891    35.907     0.85    1.91
 200091.397    35.856    -0.18    2.06
 200378.918    36.149     1.02    2.03
 200666.455    36.306     0.55    1.99
 200954.007    36.468     0.56    1.81
 201241.575    36.856     1.35    1.61
 201529.158    36.794    -0.22    1.57
 201816.757    37.026     0.81    1.50
 202104.370    37.136     0.38    1.52
 202392.000    37.365     0.79    1.51
 202679.644    37.550     0.65    1.49
 202967.304    37.636     0.30    1.40
 203254.980    37.765     0.45    1.32
 203542.671    38.030     0.92    1.05
 203830.377    37.993    -0.13    1.14
 204118.099    37.932    -0.21    1.20
 204405.836    37.830    -0.35    1.37
 204693.588    37.859     0.10    1.44
 204981.356    37.793    -0.23    1.58
 205269.140    37.707    -0.30    1.76
 205556.939    37.613    -0.33    1.71
 205844.753    37.647     0.12    1.54
 206132.583    37.603    -0.15    1.42
 206420.428    37.325    -0.97    1.62
 206708.289    37.036    -1.00    1.52
 206996.165    36.859    -0.62    1.40
 207284.056    36.701    -0.55    1.32
 207571.963    36.693    -0.03    1.28
 207859.886    36.931     0.83    1.24
 208147.824    36.942     0.03    1.22
 208435.777    37.026     0.30    1.06
 208723.746    37.015    -0.04    1.12
 209011.731    36.865    -0.52    1.29
 209299.730    36.598    -0.93    1.54
 209587.746    36.349    -0.87    1.67
 209875.776    36.091    -0.90    2.00
 210163.823    35.594    -1.73    2.42
 210451.885    34.817    -2.69    2.57
 210739.962    34.296    -1.81    2.87
 211028.055    33.647    -2.25    3.03
 211316.163    32.801    -2.94    3.00
 211604.287    32.165    -2.21    3.18
 211892.426    31.250    -3.17    3.16
 212180.581    30.555    -2.41    3.26
 212468.751    29.515    -3.61    2.78
 212756.937    28.847    -2.32    2.62
 213045.138    28.101    -2.59    2.17
 213333.355    27.442    -2.29    1.62
 213621.587    27.178    -0.91    1.17
 213909.835    27.153    -0.09    1.15
 214198.099    27.422     0.93    1.18
 214486.377    27.679     0.89    1.17
 214774.672    28.030     1.22    1.18
 215062.982    28.400     1.28    1.35
 215351.308    28.780     1.32    1.40
 215639.649    29.393     2.13    1.64
 215928.005    29.793     1.39    1.81
 216216.377    30.448     2.27    1.92
 216504.765    31.018     1.98    1.90
 216793.169    31.579     1.94    1.96
 217081.587    32.236     2.28    2.02
 217370.022    32.698     1.60    2.03
 217658.472    33.000     1.05    2.01
 217946.937    33.722     2.50    2.08
 218235.419    34.207     1.68    2.14
 218523.915    34.673     1.62    2.05
 218812.428    35.149     1.65    1.86
 219100.955    35.883     2.54    2.01
 219389.499    36.902     3.53    2.54
 219678.058    37.432     1.84    2.51
 219966.633    38.149     2.48    2.49
 220255.223    38.765     2.13    2.40
 220543.829    38.979     0.74    2.52
 220832.450    38.950    -0.10    2.56
 221121.087    38.824    -0.44    2.34
 221409.740    38.677    -0.51    2.03
 221698.408    38.383    -1.02    1.69
 221987.092    38.326    -0.20    1.17
 222275.791    38.322    -0.01    1.05
 222564.507    38.222    -0.35    1.06
 222853.237    38.070    -0.53    1.21
 223141.984    37.800    -0.94    1.24
 223430.746    37.714    -0.30    1.20
 223719.523    37.633    -0.28    1.15
 224008.316    37.750     0.41    1.05
 224297.125    37.912     0.56    0.91
 224585.950    37.842    -0.24    0.89
 224874.790    37.598    -0.84    1.00
 225163.646    37.462    -0.47    1.11
 225452.517    37.236    -0.78    1.18
 225741.404    36.897    -1.17    1.29
 226030.307    36.736    -0.56    1.30
 226319.226    36.444    -1.01    1.43
 226608.160    36.471     0.09    1.47
 226897.110    36.407    -0.22    1.56
 227186.075    35.950    -1.58    1.71
 227475.056    35.801    -0.52    1.84
 227764.053    35.883     0.28    1.93
 228053.065    35.809    -0.25    1.84
 228342.093    35.720    -0.31    2.05
 228631.137    35.395    -1.12    2.11
 228920.197    35.555     0.55    2.02
 229209.272    35.500    -0.19    1.87
 229498.363    34.965    -1.85    2.21
 229787.469    34.293    -2.32    2.47
 230076.592    33.653    -2.21    2.49
 230365.730    33.324    -1.14    2.58
 230654.883    33.131    -0.67    2.66
 230944.053    33.207     0.26    2.61
 231233.238    33.379     0.59    2.63
 231522.439    33.986     2.10    2.36
 231811.655    34.424     1.52    1.81
 232100.888    34.120    -1.05    1.83
 232390.136    33.265    -2.95    2.59
 232679.399    32.397    -3.00    2.60
 232968.679    31.809    -2.03    2.63
 233257.974    31.439    -1.28    2.46
 233547.285    31.393    -0.16    2.11
 233836.612    31.507     0.40    2.26
 234125.954    31.917     1.42    2.41
 234415.312    32.146     0.79    2.41
 234704.686    32.603     1.58    2.48
 234994.076    33.000     1.37    2.37
 235283.481    33.787     2.72    2.34
 235572.903    34.236     1.55    2.24
 235862.340    34.671     1.50    2.15
 236151.792    35.264     2.05    2.22
 236441.261    36.030     2.64    2.13
 236730.745    36.436     1.40    2.14
 237020.245    36.750     1.09    1.87
 237309.761    37.134     1.33    1.78
 237599.293    37.450     1.09    1.72
 237888.840    37.500     0.17    1.76
 238178.403    37.511     0.04    1.96
 238467.982    37.350    -0.56    2.20
 238757.577    37.147    -0.70    2.46
 239047.187    37.146    -0.01    2.46
 239336.814    37.089    -0.20    2.30
 239626.456    37.165     0.26    1.90
 239916.114    37.337     0.60    1.49
 240205.788    37.222    -0.40    1.48
 240495.477    37.294     0.25    1.48
 240785.183    37.221    -0.25    1.74
 241074.904    37.341     0.42    1.93
 241364.641    37.235    -0.37    2.19
 241654.394    36.830    -1.40    2.39
 241944.163    36.436    -1.36    2.44
 242233.947    36.419    -0.06    2.51
 242523.748    36.687     0.92    2.64
 242813.564    37.103     1.44    2.39
 243103.396    37.353     0.86    2.37
 243393.244    37.523     0.59    2.38
 243683.108    37.714     0.66    2.10
 243972.987    37.550    -0.57    1.94
 244262.883    37.415    -0.47    1.81
 244552.794    37.293    -0.42    1.85
 244842.721    37.322     0.10    1.64
 245132.664    37.387     0.22    1.59
 245422.623    37.500     0.39    1.43
 245712.598    37.549     0.17    1.24
 246002.589    37.493    -0.19    1.06
 246292.595    37.207    -0.99    1.22
 246582.618    37.107    -0.34    1.18
 246872.656    37.250     0.49    1.07
 247162.710    37.056    -0.67    1.08
 247450.395    36.877    -0.62    1.36
 247737.094    36.750    -0.44    1.39
 248023.809    36.324    -1.49    1.75
 248310.539    35.865    -1.60    1.91
 248597.284    35.679    -0.65    1.89
 248884.045    35.379    -1.05    1.68
 249170.822    35.103    -0.96    1.72
 249457.613    34.743    -1.26    1.96
 249744.421    34.162    -2.03    2.37
 250031.244    33.162    -3.49    3.48
 250318.082    32.412    -2.62    3.61
 250604.936    30.794    -5.64    4.37
 250891.805    28.526    -7.91    5.03
 251178.690    26.772    -6.11    5.26
 251465.590    24.801    -6.87    5.34
 251752.506    23.018    -6.21    5.08
 252039.437    21.912    -3.86    4.70
 252326.384    21.250    -2.31    4.65
 252613.346    20.579    -2.34    4.69
 252900.324    19.368    -4.22    4.69
 253187.317    18.308    -3.69    4.96
 253474.326    17.757    -1.92    5.11
 253761.351    16.893    -3.01    5.22
 254048.390    15.809    -3.78    5.17
 254335.446    15.044    -2.66    5.18
 254622.517    14.280    -2.66    4.99
 254909.603    13.206    -3.74    4.19
 255196.705    12.922    -0.99    4.40
 255483.823    13.149     0.79    5.54
 255770.956    13.912     2.66    6.08
 256058.104    15.011     3.83    6.33
 256345.269    16.662     5.75    6.33
 256632.448    17.339     2.36    5.38
 256919.644    17.706     1.28    4.78
 257206.854    18.053     1.21    4.34
 257494.081    17.393    -2.30    4.78
 257781.323    15.893    -5.22    5.58
 258068.580    14.348    -5.38    6.02
 258355.853    12.565    -6.21    6.44
 258643.142    10.395    -7.55    5.96
 258930.446     8.412    -6.90    5.28
 259217.766     6.801    -5.61    4.97
 259505.102     5.780    -3.56    4.85
 259792.453     4.293    -5.17    4.45
 260079.819     3.565    -2.54    3.58
 260367.201     3.014    -1.92    2.56
 260654.599     3.322     1.07    3.20
 260942.012     4.065     2.59    3.97
 261229.441     5.089     3.56    4.83
 261516.886     6.337     4.35    5.93
 261804.346     7.147     2.82    6.22
 262091.822     7.622     1.65    6.49
 262379.313     7.922     1.04    6.63
 262666.820     7.903    -0.06    6.28
 262954.343     7.807    -0.33    6.30
 263241.881     7.839     0.11    6.15
 263529.435     7.530    -1.07    6.39
 263817.004     7.633     0.36    6.04
 264104.590     6.794    -2.92    5.95
 264392.190     4.907    -6.56    5.97
 264679.807     3.522    -4.82    5.77
 264967.439     2.167    -4.71    5.84
 265255.086     0.221    -6.77    4.50
 265542.750    -1.155    -4.79    3.56
 265830.429    -2.338    -4.11    2.16
 266118.123    -2.466    -0.45    1.91
 266405.834    -2.206     0.91    2.37
 266693.560    -0.867     4.65    4.07
 266981.301     0.479     4.68    4.87
 267269.058     2.436     6.80    5.50
 267556.831     4.622     7.60    5.80
 267844.620     7.393     9.63    6.34
 268132.424     9.387     6.93    5.84
 268420.244    10.084     2.42    5.37
 268708.080     9.603    -1.67    5.55
 268995.931     8.279    -4.60    5.84
 269283.798     6.379    -6.60    6.14
 269571.681     4.836    -5.36    5.36
 269859.579     3.807    -3.57    5.06
 270147.493     2.936    -3.03    4.94
 270435.423     3.190     0.88    6.11
 270723.369     4.309     3.89    6.66
 271011.330     4.824     1.79    7.32
 271299.307     5.622     2.77    7.51
 271587.300     5.138    -1.68    7.56
 271875.308     4.250    -3.08    6.89
 272163.332     3.814    -1.52    5.92
 272451.372     4.091     0.96    5.45
 272739.427     5.280     4.13    5.65
 273027.499     7.192     6.64    6.21
 273315.585     9.447     7.83    5.86
 273603.688    12.907    12.01    6.78
 273891.807    15.834    10.16    6.52
 274179.941    17.700     6.48    6.04
 274468.091    17.546    -0.53    6.52
 274756.256    17.442    -0.36    6.87
 275044.438    17.136    -1.06    7.10
 275332.635    16.603    -1.85    6.87
 275620.848    16.946     1.19    6.74
 275909.077    16.550    -1.37    7.38
 276197.321    16.000    -1.91    7.85
 276485.581    14.907    -3.79    8.44
 276773.857    13.807    -3.82    8.36
 277062.149    11.912    -6.58    7.57
 277350.457    11.279    -2.20    6.92
 277638.780    11.206    -0.25    5.88
 277927.119    12.294     3.77    5.70
 278215.474    14.093     6.24    5.29
 278503.845    15.486     4.83    4.52
 278792.231    16.150     2.30    4.50
 279080.633    15.965    -0.64    4.56
 279369.051    15.647    -1.10    4.54
 279657.485    15.177    -1.63    4.93
 279945.935    15.030    -0.51    5.20
 280234.400    13.622    -4.88    5.62
 280522.882    11.336    -7.93    5.62
 280811.379     9.084    -7.81    5.92
 281099.892     7.565    -5.27    5.88
 281388.420     5.975    -5.51    5.80
 281676.965     4.668    -4.53    5.73
 281965.525     3.133    -5.32    5.47
 282254.102     1.794    -4.64    5.20
 282542.694     0.593    -4.16    4.56
 282831.301     0.079    -1.78    3.58
 283119.925    -0.130    -0.72    3.24
 283408.565     0.107     0.82    3.75
 283697.220     1.178     3.71    4.71
 283985.891     2.220     3.61    5.34
 284274.578     3.952     6.00    5.63
 284563.281     5.177     4.24    6.08
 284852.000     6.323     3.97    5.91
 285140.735     6.322    -0.00    5.45
 285429.485     5.379    -3.27    5.56
 285718.252     3.950    -4.95    5.58
 286007.034     2.236    -5.94    5.25
 286295.832     0.356    -6.51    4.61
 286584.646    -0.929    -4.45    4.04
 286873.476    -0.982    -0.18    4.87
 287162.322    -1.378    -1.37    5.20
 287451.184    -2.564    -4.11    5.46
 287740.061    -3.250    -2.37    5.22
 288028.955    -3.232     0.06    5.17
 288317.864    -3.227     0.02    5.29
