#   30.545  -0.055   0.542 ;Mean Elev.(m), Avg Gradient(m/km), RMS Gradient(m/km) - SRTM1     
#   22.752  -0.279   3.364 ;Mean Elev.(m), Avg Gradient(m/km), RMS Gradient(m/km) - ASTER GDEM
#   30.750  -0.068   0.685 ;Mean Elev.(m), Avg Gradient(m/km), RMS Gradient(m/km) - GMTED2010 
   1 300.432538 -29.630864    28.397    28.386  8 54663.02503643 47.471
   2 300.430714 -29.632145    28.274    28.234  8 54672.94068088 45.254
   3 300.430243 -29.634901    28.541    28.530  8 54682.85632453 40.991
   4 300.431008 -29.634212    28.773    28.803  8 54692.77196662 50.224
   5 300.432368 -29.629145    29.372    29.378  9 54702.68760563 45.633
   6 300.432908 -29.627922    28.928    28.900  9 54712.60325444 38.819
   7 300.432371 -29.629912    28.335    28.326  9 54722.51890599 53.149
   8 300.430200 -29.633411    28.139    27.983  8 54732.43455511 47.826
   9 300.428571 -29.638385    28.078    28.002  9 54742.35020286 47.086
  10 300.427960 -29.640237    28.713    28.707  8 54752.26584967 46.060
  11 300.428027 -29.638624    28.370    28.364  8 54762.18149547 46.445
  12 300.429799 -29.637177    29.155    29.141  8 54772.09713898 51.571
  13 300.430070 -29.633631    29.517    29.516  8 54782.01277901 49.200
  14 300.431353 -29.633671    29.394    29.393  8 54791.92841754 51.697
  15 300.431300 -29.632367    29.028    29.043  9 54801.84405492 34.869
  16 300.431744 -29.630890    28.578    28.672  9 54811.75969248 34.415
  17 300.432009 -29.629685    28.506    28.602  9 54821.67533437 26.606
  18 300.431284 -29.632135    27.453    27.473  8 54831.59098766 50.714
  19 300.429423 -29.634939    27.430    27.412  8 54841.50662747 35.508
  20 300.427594 -29.639863    28.045    28.047  8 54851.42227779 45.525
  21 300.428958 -29.649286    27.914    27.882  4 54861.33792869 38.488
  22 300.428348 -29.650822    28.089    28.137  5 54871.25357761 33.757
  23 300.428675 -29.648305    28.274    28.273  4 54881.16922410 49.496
  24 300.427866 -29.640532    28.477    28.475  8 54891.08486605 53.724
  25 300.428112 -29.638353    28.652    28.653  8 54901.00050624 47.683
  26 300.427860 -29.639992    28.295    28.353  9 54910.91614543 49.676
  27 300.427577 -29.641737    28.081    28.081  8 54920.83178364 52.650
  28 300.427804 -29.639094    28.151    28.119  8 54930.74742072 37.101
  29 300.430092 -29.634088    27.992    27.975  8 54940.66305628 30.011
  30 300.432440 -29.627838    28.148    28.199  8 54950.57868996 52.249
  31 300.433468 -29.626324    27.759    27.726  8 54960.49432992 48.556
  32 300.432121 -29.629613    27.692    27.638  9 54970.40997907 34.376
  33 300.430883 -29.632574    27.627    27.648  9 54980.32562669 31.845
  34 300.430509 -29.635286    28.137    28.131  8 54990.24127386 48.711
  35 300.429732 -29.635215    27.896    27.893  8 55000.15692021 45.671
  36 300.429782 -29.636157    27.993    28.017  8 55010.07256498 45.414
  37 300.430011 -29.636684    28.174    28.217  8 55019.98820811 38.094
  38 300.429039 -29.636565    28.863    28.867  8 55029.90384995 50.134
  39 300.428944 -29.637828    28.868    28.811  9 55039.81949170 54.088
  40 300.429717 -29.636048    28.889    28.873  8 55049.73513185 46.747
  41 300.431414 -29.631854    29.128    29.123  8 55059.65076961 42.966
  42 300.432437 -29.628103    28.910    28.912  8 55069.56640935 49.213
  43 300.431932 -29.630105    28.617    28.575  8 55079.48205945 45.909
  44 300.430775 -29.634962    28.843    28.787  8 55089.39770791 46.854
  45 300.429064 -29.638969    29.268    29.267  8 55099.31335473 54.928
  46 300.427942 -29.639728    29.629    29.628  8 55109.22900027 46.240
  47 300.428774 -29.638029    29.150    29.153  8 55119.14464415 44.249
  48 300.430181 -29.634983    29.724    29.722  8 55129.06028536 52.801
  49 300.430478 -29.632205    30.170    30.168  8 55138.97592456 46.991
  50 300.430961 -29.633106    30.042    30.040  9 55148.89156343 53.900
  51 300.430907 -29.633051    30.086    30.083  9 55158.80720200 48.096
  52 300.430983 -29.631374    30.113    30.111  8 55168.72284019 46.885
  53 300.432106 -29.629712    30.227    30.239  8 55178.63847768 44.906
  54 300.432018 -29.630864    30.366    30.318  8 55188.55412413 49.432
  55 300.430588 -29.635504    30.358    30.371  8 55198.46977628 47.038
  56 300.428574 -29.639026    30.389    30.392  9 55208.38542704 45.303
  57 300.427152 -29.640675    30.473    30.452  8 55218.30107671 55.170
  58 300.429289 -29.646082    30.778    30.822  4 55228.21672644 51.495
  59 300.427506 -29.640528    30.480    30.484  9 55238.13237057 45.506
  60 300.428646 -29.639169    30.382    30.369  9 55248.04801212 44.651
  61 300.428569 -29.638048    30.178    30.191  9 55257.96365129 42.809
  62 300.428825 -29.639185    29.893    29.836  8 55267.87929029 41.396
  63 300.428284 -29.638430    29.806    29.794  8 55277.79492862 42.357
  64 300.429238 -29.636087    29.861    29.863  8 55287.71056569 44.634
  65 300.431148 -29.631061    30.060    29.973  8 55297.62619998 47.095
  66 300.432248 -29.629515    29.981    29.979  8 55307.54184205 40.426
  67 300.431912 -29.631980    29.937    29.895  8 55317.45748917 51.972
  68 300.430528 -29.633927    30.033    30.007  8 55327.37313465 45.038
  69 300.429592 -29.635329    29.668    29.632  9 55337.28877891 48.276
  70 300.429464 -29.635679    29.698    29.661  9 55347.20442238 43.082
  71 300.429975 -29.635618    29.312    29.251  8 55357.12006422 41.834
  72 300.430043 -29.634928    29.177    29.147  9 55367.03570380 43.807
  73 300.430260 -29.634039    28.863    28.854  9 55376.95134197 50.698
  74 300.430990 -29.633050    28.774    28.789  8 55386.86697948 40.705
  75 300.431817 -29.630625    28.538    28.486  8 55396.78261605 40.431
  76 300.432642 -29.628374    29.076    29.003  9 55406.69825797 46.467
  77 300.431939 -29.629764    28.758    28.738  8 55416.61390942 35.855
  78 300.431466 -29.631962    28.569    28.484  9 55426.52955781 45.917
  79 300.430420 -29.633347    28.511    28.544  8 55436.44520315 48.287
  80 300.429409 -29.634929    28.409    28.377  8 55446.36084706 49.014
  81 300.429369 -29.636706    28.374    28.392  9 55456.27649033 37.172
  82 300.429355 -29.635225    28.390    28.427  8 55466.19213217 41.406
  83 300.431461 -29.633547    28.373    28.400  8 55476.10777103 34.300
  84 300.432691 -29.629277    28.812    28.778  8 55486.02340617 43.960
  85 300.433531 -29.626748    28.382    28.365  8 55495.93903964 51.116
  86 300.433857 -29.626468    28.331    28.296  8 55505.85467450 32.350
  87 300.431690 -29.629735    28.168    28.166  8 55515.77032588 35.101
  88 300.430973 -29.632358    28.096    28.072  9 55525.68597654 38.105
  89 300.430463 -29.634317    28.096    28.042  8 55535.60162515 36.554
  90 300.430030 -29.636789    29.290    29.344  8 55545.51727185 50.189
  91 300.428794 -29.638566    29.338    29.342  8 55555.43291637 46.614
  92 300.427752 -29.638988    28.680    28.668  8 55565.34855951 46.864
  93 300.428966 -29.638373    28.668    28.635  8 55575.26420180 51.803
  94 300.430328 -29.634787    28.967    28.955  8 55585.17984171 49.565
  95 300.432243 -29.631459    29.416    29.406  8 55595.09547832 52.256
  96 300.433045 -29.628287    29.302    29.306  8 55605.01111152 51.728
  97 300.434053 -29.627214    29.975    29.964  8 55614.92674329 55.734
  98 300.433287 -29.626638    30.098    30.080  9 55624.84238308 47.810
  99 300.432078 -29.630224    30.019    29.972  9 55634.75803649 49.033
 100 300.431578 -29.631628    30.197    30.202  8 55644.67368740 45.528
 101 300.431128 -29.631490    30.399    30.374  8 55654.58933522 52.597
 102 300.431526 -29.632757    30.331    30.328  8 55664.50497882 47.000
 103 300.430643 -29.632862    30.212    30.211  9 55674.42061885 46.941
 104 300.430393 -29.633451    30.051    30.094  9 55684.33625710 52.199
 105 300.431341 -29.632542    29.333    29.315  9 55694.25189368 50.567
 106 300.433117 -29.629523    29.038    29.068  8 55704.16752839 37.313
 107 300.433191 -29.629282    28.884    28.722  8 55714.08317375 51.024
 108 300.431372 -29.631165    28.545    28.530  8 55723.99882239 46.488
 109 300.430214 -29.634981    28.878    28.841  8 55733.91446968 38.543
 110 300.429543 -29.637288    28.660    28.669  8 55743.83011563 39.491
 111 300.429537 -29.636661    28.977    28.981  8 55753.74575986 48.638
 112 300.430373 -29.632456    28.785    28.740  8 55763.66140127 43.198
 113 300.432154 -29.629926    29.396    29.392  9 55773.57704037 42.618
 114 300.432996 -29.628622    29.766    29.720  9 55783.49267626 47.507
 115 300.433206 -29.627732    29.668    29.625  9 55793.40830949 46.311
 116 300.433994 -29.627365    29.919    29.939  8 55803.32394481 42.351
 117 300.432942 -29.628549    29.668    29.617  8 55813.23959431 48.367
 118 300.433394 -29.628504    29.665    29.678  8 55823.15524179 52.619
 119 300.433404 -29.625568    29.032    29.073  8 55833.07088388 40.189
 120 300.434030 -29.624779    29.036    29.036  9 55842.98652225 36.513
 121 300.434118 -29.624883    29.275    29.254  9 55852.90215797 53.199
 122 300.433826 -29.624892    29.535    29.478  8 55862.81779356 43.526
 123 300.431690 -29.629914    29.437    29.425  8 55872.73344900 43.955
 124 300.431443 -29.630991    29.059    29.076  9 55882.64909899 44.493
 125 300.431611 -29.629986    29.395    29.405  8 55892.56474223 43.201
 126 300.432504 -29.628878    28.922    28.901  8 55902.48037990 40.327
 127 300.432413 -29.627767    28.618    28.589  8 55912.39601587 36.987
 128 300.430365 -29.634419    28.588    28.522  8 55922.31167164 47.656
 129 300.429665 -29.636684    28.177    28.114  8 55932.22732362 48.524
 130 300.430401 -29.635538    28.138    28.305  8 55942.14297080 43.430
 131 300.431321 -29.633567    28.302    28.277  8 55952.05861334 36.816
 132 300.431539 -29.633195    28.666    28.664  8 55961.97425270 47.392
 133 300.431165 -29.634078    28.331    28.328  8 55971.88989039 50.653
 134 300.431405 -29.633230    28.240    28.241  8 55981.80552672 37.925
 135 300.432955 -29.628911    28.274    28.297  8 55991.72116117 35.887
 136 300.432937 -29.627691    28.175    28.164  8 56001.63680824 32.131
 137 300.432498 -29.629673    28.115    28.108  8 56011.55245919 36.821
 138 300.431300 -29.632043    28.316    28.226  9 56021.46810632 45.497
 139 300.430033 -29.635350    28.210    28.165  9 56031.38375036 37.348
 140 300.429192 -29.636739    28.667    28.633  9 56041.29939175 46.897
 141 300.430148 -29.636588    28.978    29.060  8 56051.21503044 49.588
 142 300.431599 -29.632553    29.064    29.055  8 56061.13066555 50.970
 143 300.433065 -29.628280    28.738    28.726  9 56071.04630215 41.255
 144 300.431782 -29.631228    28.564    28.513  9 56080.96195268 53.714
 145 300.430531 -29.634976    28.811    28.763  8 56090.87760092 50.225
 146 300.429591 -29.636551    29.244    29.228  9 56100.79324652 53.026
 147 300.429697 -29.635483    29.914    29.912  8 56110.70887774 47.136
 148 300.431361 -29.632192    29.568    29.556  9 56120.62451701 47.185
 149 300.433176 -29.627114    29.100    29.094  8 56130.54015234 44.369
 150 300.434370 -29.624205    29.038    28.935  9 56140.45578554 51.817
 151 300.432142 -29.629361    28.781    28.780  8 56150.37143709 50.849
 152 300.430806 -29.633114    29.026    29.011  9 56160.28708639 43.817
 153 300.430475 -29.633286    28.531    28.451  9 56170.20273340 49.934
 154 300.431144 -29.630742    28.827    28.814  8 56180.11837613 35.026
 155 300.432147 -29.628636    28.095    28.096  8 56190.03401492 51.498
 156 300.432961 -29.628405    27.910    27.903  8 56199.94965123 53.095
 157 300.433097 -29.627337    28.545    28.575  8 56209.86528513 34.296
 158 300.433970 -29.625959    28.285    28.193  8 56219.78091750 33.762
 159 300.433221 -29.628891    28.428    28.339  8 56229.69656724 34.860
 160 300.431778 -29.630460    28.624    28.631  8 56239.61222138 41.168
 161 300.431236 -29.632884    28.057    28.017  9 56249.52787195 48.927
 162 300.430820 -29.633425    27.892    27.859  9 56259.44351725 44.599
 163 300.430512 -29.633921    28.778    28.806  8 56269.35915963 38.311
 164 300.430497 -29.633460    28.449    28.432  8 56279.27479993 37.676
 165 300.430175 -29.636306    28.576    28.577  8 56289.19045089 43.272
 166 300.429991 -29.635869    28.394    28.426  8 56299.10609923 45.996
 167 300.430414 -29.635159    29.054    29.094  8 56309.02174354 49.035
 168 300.430249 -29.634423    28.221    28.208  9 56318.93738555 41.607
 169 300.429566 -29.634859    28.322    28.392  8 56328.85302693 33.505
 170 300.429803 -29.634746    27.999    28.019  8 56338.76866755 35.007
 171 300.431054 -29.632130    28.805    28.754  9 56348.68430587 38.730
 172 300.432818 -29.627705    28.862    28.803  8 56358.59994094 39.777
 173 300.431637 -29.630858    29.477    29.449  9 56368.51559256 43.466
 175 300.428769 -29.638478    28.799    28.794  9 56388.34688755 53.632
 176 300.428353 -29.638912    29.191    29.155  9 56398.26253075 53.295
 177 300.428995 -29.637172    29.564    29.563  8 56408.17817096 50.961
 178 300.430688 -29.633877    29.246    29.257  8 56418.09380675 50.453
 179 300.432629 -29.628520    28.941    28.930  9 56428.00943744 39.204
 180 300.430858 -29.633109    29.352    29.297  9 56437.92509158 50.759
 181 300.429615 -29.637334    29.045    29.107  8 56447.84074334 49.711
 182 300.428357 -29.637715    29.420    29.418  8 56457.75639233 49.502
 183 300.428570 -29.637771    29.071    29.068  9 56467.67203830 44.773
 184 300.429893 -29.637180    30.197    30.198  8 56477.58768017 54.470
 185 300.430227 -29.632871    30.654    30.651  8 56487.50331748 48.995
 186 300.431781 -29.631557    30.242    30.242  8 56497.41895269 49.642
 187 300.433200 -29.629201    29.920    29.920  8 56507.33458620 54.223
 188 300.434216 -29.625993    29.373    29.418  8 56517.25022171 39.500
 189 300.433012 -29.628268    28.890    28.883  8 56527.16587580 39.122
 190 300.432212 -29.629011    28.605    28.626  8 56537.08152540 53.972
 192 300.430574 -29.633676    28.682    28.629  8 56556.91281507 39.736
 193 300.429885 -29.634877    28.531    28.550  9 56566.82845779 37.941
 194 300.430158 -29.634529    28.512    28.456  9 56576.74409925 42.805
 195 300.431372 -29.630971    28.584    28.540  8 56586.65973699 37.068
 196 300.432745 -29.628628    28.953    28.964  9 56596.57537660 42.378
 197 300.431201 -29.632309    29.015    28.974  8 56606.49102980 39.287
 198 300.429668 -29.634319    28.655    28.583  8 56616.40667766 39.336
 199 300.430119 -29.636116    28.536    28.488  8 56626.32232198 41.630
 200 300.430327 -29.633684    28.704    28.692  9 56636.23796247 39.140
 201 300.432002 -29.631113    28.435    28.431  8 56646.15360214 48.193
 202 300.430986 -29.632951    28.513    28.473  9 56656.06925472 49.555
 203 300.430694 -29.635296    28.415    28.437  8 56665.98490315 49.596
 204 300.429249 -29.635269    28.696    28.691  8 56675.90054863 48.143
 205 300.429211 -29.636632    28.578    28.578  9 56685.81619367 43.653
 206 300.429644 -29.635625    28.705    28.704  9 56695.73183644 40.078
 207 300.431106 -29.631950    28.675    28.672  8 56705.64747429 49.292
 208 300.433493 -29.628528    28.455    28.450  8 56715.56310676 34.554
 209 300.431028 -29.634019    28.332    28.284  8 56725.47876153 37.545
 210 300.428473 -29.638853    28.433    28.461  9 56735.39441221 36.929
 211 300.428210 -29.643617    29.070    29.053  6 56745.31005940 50.377
 212 300.427859 -29.639642    29.191    29.187  8 56755.22570032 48.927
 213 300.430335 -29.634609    29.403    29.368  9 56765.14133550 45.422
 214 300.431767 -29.631096    29.103    29.101  9 56775.05697253 42.226
 215 300.429449 -29.636525    29.809    29.793  9 56784.97262968 51.330
 216 300.429770 -29.646817    29.647    29.652  4 56794.88828460 43.253
 217 300.428212 -29.648819    29.615    29.617  4 56804.80393409 53.595
 218 300.429957 -29.647672    29.603    29.591  4 56814.71957643 54.280
 219 300.428886 -29.638031    30.125    30.124  9 56824.63521341 47.583
 220 300.430656 -29.633607    30.615    30.593  9 56834.55084780 44.756
 221 300.432672 -29.630572    30.655    30.648  8 56844.46647902 50.577
 222 300.432036 -29.631698    30.486    30.485  8 56854.38212332 45.024
 223 300.430235 -29.634698    30.252    30.253  8 56864.29777701 53.081
 224 300.429398 -29.636371    30.182    30.150  9 56874.21342973 52.724
 225 300.429070 -29.636837    29.838    29.841  8 56884.12907906 48.555
 226 300.429285 -29.637931    29.353    29.356  8 56894.04472534 44.375
 227 300.428429 -29.639313    29.030    29.033  8 56903.96036842 47.898
 228 300.427408 -29.641692    28.817    28.812  8 56913.87600996 42.099
 229 300.427437 -29.641406    28.677    28.623  9 56923.79164963 47.951
 230 300.428961 -29.637595    29.255    29.250  8 56933.70728646 47.244
 231 300.432205 -29.631532    29.963    29.954  8 56943.62291785 45.747
 232 300.432082 -29.629742    29.626    29.614  8 56953.53856470 52.401
 233 300.430922 -29.633926    28.894    28.879  8 56963.45421622 38.233
 234 300.429522 -29.637179    28.805    28.775  8 56973.36986251 39.125
 235 300.428929 -29.636382    28.742    28.743  8 56983.28550362 43.442
 236 300.431102 -29.632796    28.847    28.887  9 56993.20113948 37.661
 237 300.433497 -29.626574    28.853    28.812  9 57003.11677466 35.134
 238 300.432476 -29.629972    29.058    29.051  8 57013.03243181 40.768
 239 300.431000 -29.633312    29.145    29.053  9 57022.94808363 50.512
 240 300.429389 -29.636498    29.804    29.759  8 57032.86373307 49.235
 241 300.428581 -29.637425    29.492    29.493  8 57042.77938009 44.901
 242 300.429259 -29.636940    29.057    29.058  9 57052.69502482 44.484
 243 300.430677 -29.633952    29.136    29.169  8 57062.61066472 48.395
 244 300.432311 -29.631473    28.713    28.713  8 57072.52629948 34.636
 245 300.432681 -29.627995    28.891    28.852  8 57082.44192986 44.515
 246 300.431681 -29.633013    29.287    29.322  8 57092.35757739 49.924
 247 300.429055 -29.639028    28.925    28.925  8 57102.27323546 44.508
 248 300.428075 -29.640127    28.713    28.655  9 57112.18888890 51.857
 249 300.428465 -29.637108    28.373    28.362  8 57122.10453566 49.033
 250 300.429831 -29.636063    28.490    28.509  8 57132.02017725 47.526
 251 300.430523 -29.634431    28.610    28.574  9 57141.93581379 36.702
 252 300.431302 -29.633477    28.707    28.690  8 57151.85144760 40.059
 253 300.432542 -29.628761    28.937    28.858  9 57161.76707738 53.457
 254 300.431268 -29.631922    29.095    29.047  9 57171.68273509 42.693
 255 300.430780 -29.632764    29.281    29.165  9 57181.59838992 48.891
 256 300.430131 -29.633197    29.023    28.982  8 57191.51404075 41.387
 257 300.429542 -29.635498    29.303    29.303  9 57201.42968876 50.489
 258 300.429072 -29.637748    29.288    29.283  8 57211.34532287 49.695
 259 300.429385 -29.638178    29.850    29.853  8 57221.26096628 50.309
 260 300.430002 -29.635901    30.296    30.292  9 57231.17660774 52.001
 261 300.431092 -29.633385    30.153    30.154  8 57241.09224675 51.975
 262 300.431915 -29.630101    29.713    29.738  8 57251.00788291 43.136
 263 300.432739 -29.628576    29.410    29.464  8 57260.92351755 39.055
 264 300.433127 -29.627080    28.784    28.733  9 57270.83915125 38.242
 265 300.431240 -29.631564    28.395    28.389  8 57280.75480689 51.695
 266 300.430632 -29.635138    28.735    28.755  8 57290.67046311 35.735
 267 300.430329 -29.636233    28.333    28.367  8 57300.58611593 43.146
 268 300.429792 -29.635403    28.641    28.639  8 57310.50176476 36.042
 269 300.429283 -29.637181    28.840    28.842  9 57320.41741066 43.502
 270 300.428505 -29.639014    28.978    28.981  8 57330.33305360 45.066
 271 300.428739 -29.639147    29.190    29.190  8 57340.24869403 49.634
 272 300.427992 -29.639189    29.613    29.611  9 57350.16434391 47.134
 273 300.429490 -29.637782    30.257    30.221  8 57360.07998891 52.626
 274 300.430543 -29.635114    30.600    30.607  8 57369.99563050 50.448
 275 300.430739 -29.633784    30.952    30.937  9 57379.91127018 42.380
 276 300.431150 -29.633318    31.299    31.264  8 57389.82690916 44.878
 277 300.431905 -29.630905    31.160    31.174  9 57399.74254698 51.202
 278 300.433332 -29.628759    31.211    31.214  8 57409.65818588 52.955
 279 300.431908 -29.631199    31.054    31.018  8 57419.57383956 42.257
 280 300.430167 -29.634373    30.649    30.586  9 57429.48949075 50.369
 281 300.428709 -29.638142    30.338    30.332  8 57439.40513961 51.780
 282 300.427857 -29.639968    30.227    30.222  9 57449.32078669 42.542
 283 300.427764 -29.639821    30.504    30.521  9 57459.23643190 45.321
 284 300.429138 -29.637581    30.665    30.665  8 57469.15207349 48.165
 285 300.430555 -29.632808    30.501    30.440  8 57479.06771052 45.830
 286 300.432002 -29.629694    30.458    30.473  8 57488.98334469 42.462
 287 300.433414 -29.626853    30.376    30.313  8 57498.89897709 39.584
 288 300.433283 -29.627391    30.236    30.221  8 57508.81461946 40.903
 289 300.431257 -29.631783    29.854    29.851  8 57518.73027622 43.431
 290 300.430285 -29.633764    29.655    29.652  9 57528.64592987 42.355
 291 300.429892 -29.633609    29.620    29.603  8 57538.56158012 44.490
 292 300.430150 -29.634963    29.927    29.931  8 57548.47722800 46.564
 293 300.429548 -29.635792    30.102    30.105  8 57558.39287404 47.662
 294 300.429638 -29.637766    29.926    29.814  8 57568.30851925 51.689
 295 300.429211 -29.636573    29.666    29.664  8 57578.22416307 41.792
 296 300.429981 -29.635681    29.271    29.272  9 57588.13980550 43.899
 297 300.430405 -29.634445    29.075    29.031  8 57598.05544533 40.680
