-224711.642    90.458     0.00    1.06
-224422.657    90.508     0.17    1.03
-224133.656    90.500    -0.03    0.98
-223844.640    90.522     0.08    0.94
-223555.608    90.637     0.40    0.95
-223266.561    90.891     0.88    1.10
-222977.498    91.198     1.06    1.16
-222688.420    91.449     0.87    1.23
-222399.326    91.507     0.20    1.24
-222110.217    91.598     0.31    1.20
-221821.092    91.722     0.43    1.22
-221531.952    91.802     0.28    1.20
-221242.797    91.811     0.03    1.15
-220953.626    91.800    -0.04    1.10
-220664.439    91.825     0.09    0.99
-220375.237    91.956     0.45    0.98
-220086.020    92.052     0.33    1.11
-219796.787    92.106     0.19    1.13
-219507.538    92.210     0.36    1.13
-219218.274    92.434     0.77    1.12
-218928.995    92.666     0.80    1.16
-218639.700    92.814     0.51    1.13
-218350.390    92.985     0.59    1.12
-218061.064    92.970    -0.05    1.01
-217771.722    93.007     0.13    1.04
-217482.365    93.169     0.56    1.24
-217192.993    93.130    -0.14    1.24
-216903.605    93.248     0.41    1.21
-216614.201    93.220    -0.10    1.24
-216324.782    93.220     0.00    1.15
-216035.348    93.359     0.48    1.17
-215745.897    93.405     0.16    1.20
-215456.432    93.373    -0.11    1.04
-215166.951    93.329    -0.15    1.00
-214877.454    93.316    -0.05    1.11
-214587.941    93.419     0.36    1.01
-214298.414    93.518     0.34    0.95
-214008.870    93.548     0.10    1.04
-213719.311    93.524    -0.09    1.07
-213429.737    93.581     0.20    0.98
-213140.147    93.509    -0.25    0.96
-212850.541    93.463    -0.16    0.95
-212560.920    93.491     0.10    0.96
-212271.283    93.463    -0.10    0.98
-211981.631    93.419    -0.15    1.00
-211691.963    93.243    -0.61    1.00
-211402.279    93.155    -0.30    0.93
-211112.580    93.140    -0.05    0.86
-210822.866    92.971    -0.58    0.86
-210533.135    92.854    -0.40    0.88
-210243.390    92.734    -0.42    1.12
-209953.628    92.758     0.08    1.16
-209663.851    92.732    -0.09    1.28
-209374.058    92.728    -0.02    1.31
-209084.250    92.625    -0.36    1.32
-208794.426    92.640     0.05    1.25
-208504.587    92.589    -0.18    1.28
-208214.732    92.476    -0.39    1.14
-207924.861    92.419    -0.20    1.09
-207634.975    92.260    -0.55    1.06
-207345.073    92.219    -0.14    1.02
-207055.155    92.207    -0.04    1.02
-206765.222    92.257     0.18    1.04
-206475.273    92.130    -0.44    1.05
-206185.309    91.983    -0.50    1.12
-205897.948    91.912    -0.25    1.16
-205611.292    91.941     0.10    1.22
-205324.622    92.096     0.54    1.40
-205037.936    92.055    -0.14    1.39
-204751.235    92.169     0.40    1.51
-204464.519    92.270     0.35    1.34
-204177.788    92.202    -0.24    1.29
-203891.041    92.040    -0.57    1.30
-203604.280    91.956    -0.29    1.38
-203317.503    91.920    -0.13    1.48
-203030.710    91.813    -0.37    1.38
-202743.903    91.792    -0.07    1.39
-202457.080    91.757    -0.12    1.41
-202170.242    91.787     0.10    1.45
-201883.389    91.772    -0.05    1.40
-201596.520    91.617    -0.54    1.33
-201309.636    91.550    -0.23    1.16
-201022.737    91.389    -0.56    1.11
-200735.823    91.419     0.11    1.29
-200448.893    91.479     0.21    1.32
-200161.948    91.419    -0.21    1.33
-199874.988    91.507     0.31    1.43
-199588.013    91.637     0.45    1.53
-199301.022    91.883     0.86    1.55
-199014.016    91.941     0.20    1.55
-198726.995    92.007     0.23    1.67
-198439.958    92.081     0.26    1.49
-198152.906    92.493     1.43    1.55
-197865.839    92.404    -0.31    1.57
-197578.756    92.816     1.44    1.66
-197291.658    92.949     0.46    1.63
-197004.545    92.927    -0.08    1.53
-196717.417    93.130     0.71    1.47
-196430.273    93.277     0.51    1.63
-196143.114    93.640     1.26    1.74
-195855.940    93.919     0.97    1.64
-195568.750    94.195     0.96    1.55
-195281.545    94.550     1.23    1.55
-194994.325    94.802     0.88    1.56
-194707.089    95.028     0.79    1.60
-194419.838    95.307     0.97    1.42
-194132.571    95.463     0.54    1.35
-193845.290    95.464     0.00    1.36
-193557.993    95.684     0.77    1.44
-193270.680    95.890     0.72    1.44
-192983.352    95.986     0.34    1.37
-192696.009    95.871    -0.40    1.16
-192408.651    95.869    -0.01    1.17
-192121.277    95.906     0.13    1.20
-191833.888    96.057     0.53    1.10
-191546.483    96.176     0.41    1.06
-191259.063    96.213     0.13    1.12
-190971.628    96.404     0.66    1.17
-190684.177    96.520     0.40    1.11
-190396.711    96.520     0.00    1.19
-190109.230    95.977    -1.89    1.84
-189821.733    95.477    -1.74    2.15
-189534.221    95.120    -1.24    2.29
-189246.693    94.772    -1.21    2.42
-188959.150    94.631    -0.49    2.63
-188671.592    94.665     0.12    2.64
-188384.018    94.796     0.46    2.58
-188096.429    94.811     0.05    2.49
-187808.824    94.166    -2.24    2.94
-187521.204    93.275    -3.10    3.20
-187233.569    92.246    -3.58    2.91
-186945.918    91.316    -3.23    2.60
-186658.252    90.860    -1.58    2.45
-186370.570    90.919     0.20    2.82
-186082.873    91.320     1.39    2.99
-185795.161    91.419     0.35    2.86
-185507.433    91.363    -0.20    2.79
-185219.689    90.898    -1.62    2.70
-184931.930    90.305    -2.06    2.73
-184644.156    89.096    -4.20    2.79
-184356.366    88.270    -2.87    2.69
-184068.561    87.302    -3.36    2.46
-183780.741    86.063    -4.30    2.25
-183492.905    85.173    -3.09    2.22
-183205.053    84.321    -2.96    2.29
-182917.186    83.130    -4.14    2.23
-182629.304    82.081    -3.64    2.39
-182341.406    80.873    -4.19    2.38
-182053.492    80.031    -2.93    2.34
-181765.564    78.846    -4.12    2.36
-181477.619    77.419    -4.95    2.56
-181189.660    76.364    -3.67    2.52
-180901.684    75.347    -3.53    2.50
-180613.694    74.304    -3.62    2.22
-180325.687    73.184    -3.89    2.06
-180037.666    72.404    -2.71    1.92
-179749.628    71.897    -1.76    1.99
-179461.576    71.016    -3.06    1.79
-179173.508    70.277    -2.57    1.81
-178885.424    69.448    -2.88    1.67
-178597.325    69.048    -1.39    1.60
-178309.210    68.648    -1.39    1.54
-178021.080    68.243    -1.41    1.49
-177732.934    68.066    -0.61    1.27
-177444.773    68.066     0.00    1.24
-177156.596    67.934    -0.46    1.15
-176868.404    67.763    -0.59    1.25
-176580.196    67.573    -0.66    1.15
-176291.973    67.173    -1.39    1.11
-176003.734    67.287     0.39    1.96
-175715.479    67.031    -0.89    1.95
-175427.209    66.926    -0.36    1.93
-175138.924    66.890    -0.13    1.92
-174850.623    66.840    -0.17    1.94
-174562.306    66.608    -0.80    1.04
-174273.974    66.547    -0.21    1.10
-173985.626    66.520    -0.09    1.11
-173697.263    66.463    -0.20    1.13
-173408.884    66.495     0.11    1.16
-173120.490    66.479    -0.05    1.18
-172832.080    66.581     0.35    1.12
-172543.655    66.709     0.44    1.12
-172255.214    66.772     0.22    1.04
-171966.757    66.782     0.03    1.00
-171678.285    66.834     0.18    0.92
-171389.797    66.890     0.19    0.89
-171101.294    67.052     0.56    0.96
-170812.775    67.155     0.36    0.99
-170524.240    67.205     0.18    0.98
-170235.690    67.333     0.44    1.02
-169947.124    67.504     0.60    1.09
-169658.543    67.648     0.50    1.25
-169369.946    67.724     0.26    1.27
-169081.333    67.596    -0.44    1.24
-168792.705    67.695     0.34    1.32
-168504.061    67.743     0.17    1.30
-168215.402    67.547    -0.68    1.39
-167926.727    67.419    -0.44    1.37
-167638.036    67.209    -0.73    1.48
-167349.330    67.020    -0.65    1.58
-167060.608    66.875    -0.50    1.59
-166771.871    66.464    -1.42    1.70
-166483.117    66.270    -0.67    1.78
-166194.349    65.863    -1.41    1.96
-165905.564    65.434    -1.48    2.06
-165616.764    64.834    -2.08    2.14
-165327.948    64.291    -1.88    2.18
-165039.117    63.777    -1.78    2.21
-164750.270    63.184    -2.05    2.11
-164461.407    62.464    -2.49    2.07
-164172.529    62.213    -0.87    2.14
-163883.635    61.579    -2.20    2.06
-163594.725    60.999    -2.01    1.87
-163305.800    60.490    -1.76    1.93
-163016.859    60.005    -1.68    1.94
-162727.902    59.613    -1.36    1.91
-162438.930    59.316    -1.03    1.71
-162149.942    58.986    -1.14    1.61
-161860.938    58.816    -0.59    1.51
-161571.919    58.548    -0.93    1.03
-161282.884    58.579     0.11    0.93
-160993.833    58.477    -0.35    0.95
-160704.766    58.419    -0.20    1.04
-160415.684    58.270    -0.52    1.10
-160126.586    58.199    -0.25    1.05
-159837.473    58.110    -0.31    1.04
-159548.343    58.125     0.05    1.24
-159259.198    58.115    -0.03    1.10
-158970.037    58.043    -0.25    1.13
-158680.861    57.846    -0.68    1.22
-158391.669    57.655    -0.66    1.02
-158102.461    57.610    -0.15    1.04
-157813.237    57.374    -0.82    1.00
-157523.998    57.243    -0.45    0.92
-157234.743    57.124    -0.41    0.90
-156945.472    56.898    -0.78    0.98
-156656.185    56.673    -0.78    1.06
-156366.883    56.566    -0.37    1.06
-156077.565    56.405    -0.56    1.03
-155788.231    56.390    -0.05    1.14
-155498.882    56.724     1.15    2.30
-155209.516    56.828     0.36    2.24
-154920.135    56.837     0.03    2.21
-154630.738    56.898     0.21    2.17
-154341.326    56.840    -0.20    2.18
-154051.897    56.752    -0.30    2.26
-153762.453    56.434    -1.10    1.77
-153472.993    56.169    -0.91    0.99
-153183.517    55.802    -1.27    1.17
-152894.026    55.705    -0.33    1.09
-152604.519    55.518    -0.65    1.16
-152314.996    55.363    -0.54    1.20
-152025.457    55.213    -0.52    1.10
-151735.902    55.031    -0.63    1.06
-151446.332    54.777    -0.88    1.08
-151156.745    54.564    -0.73    1.12
-150867.143    54.202    -1.25    1.27
-150577.525    53.684    -1.79    1.30
-150287.892    53.120    -1.95    1.48
-149998.242    52.419    -2.42    1.53
-149708.577    51.610    -2.79    1.61
-149418.896    50.890    -2.49    1.61
-149129.199    50.343    -1.89    1.39
-148839.486    50.063    -0.97    1.54
-148549.758    49.777    -0.99    1.51
-148260.013    49.631    -0.50    1.44
-147970.253    49.491    -0.48    1.51
-147680.477    49.628     0.47    1.47
-147390.685    49.434    -0.67    1.20
-147100.877    49.320    -0.39    1.21
-146811.053    49.419     0.34    1.25
-146521.214    49.405    -0.05    1.27
-146231.358    49.492     0.30    1.17
-145941.487    49.405    -0.30    1.11
-145651.600    49.257    -0.51    1.04
-145361.697    49.213    -0.15    1.02
-145071.778    48.949    -0.91    0.80
-144781.844    48.919    -0.10    0.86
-144491.893    48.666    -0.87    1.05
-144201.927    48.505    -0.55    1.01
-143913.036    48.195    -1.08    1.44
-143626.424    47.608    -2.05    1.72
-143339.797    47.148    -1.60    1.77
-143053.154    46.625    -1.82    1.66
-142766.496    46.001    -2.18    1.50
-142479.822    45.522    -1.67    1.54
-142193.133    45.014    -1.77    1.42
-141906.429    44.477    -1.87    1.52
-141619.708    44.063    -1.45    1.46
-141332.973    43.620    -1.54    1.41
-141046.222    43.359    -0.91    1.25
-140759.455    42.949    -1.43    1.20
-140472.673    42.616    -1.16    1.18
-140185.876    42.448    -0.58    1.16
-139899.063    42.243    -0.72    1.24
-139612.235    42.101    -0.50    1.13
-139325.391    41.856    -0.85    1.18
-139038.531    41.705    -0.53    1.14
-138751.656    41.538    -0.58    1.09
-138464.766    41.463    -0.26    1.08
-138177.860    41.404    -0.21    1.04
-137890.939    41.228    -0.61    1.04
-137604.002    41.177    -0.18    1.07
-137317.049    41.091    -0.30    1.17
-137030.081    41.059    -0.11    1.28
-136743.098    40.814    -0.85    1.49
-136456.099    40.492    -1.12    1.55
-136169.084    39.993    -1.74    1.64
-135882.054    39.705    -1.00    1.86
-135595.009    39.287    -1.46    1.93
-135307.948    38.334    -3.32    2.10
-135020.871    37.405    -3.24    2.08
-134733.779    36.476    -3.24    2.00
-134446.671    35.891    -2.04    1.82
-134159.548    35.275    -2.15    1.61
-133872.409    34.728    -1.90    1.39
-133585.255    34.391    -1.17    1.40
-133298.085    33.978    -1.44    1.39
-133010.899    33.848    -0.45    1.50
-132723.698    33.898     0.17    1.78
-132436.481    34.184     1.00    2.53
-132149.249    34.463     0.97    2.86
-131862.001    34.882     1.46    3.08
-131574.738    34.816    -0.23    3.30
-131287.459    34.860     0.15    3.39
-131000.165    34.184    -2.35    3.40
-130712.854    32.963    -4.25    3.03
-130425.529    32.202    -2.65    2.72
-130138.188    31.209    -3.46    2.33
-129850.831    30.390    -2.85    1.65
-129563.458    29.941    -1.56    1.21
-129276.070    29.658    -0.99    1.03
-128988.666    29.703     0.16    1.07
-128701.247    29.875     0.60    1.44
-128413.812    30.738     3.00    2.42
-128126.362    31.448     2.47    2.82
-127838.896    32.800     4.70    3.55
-127551.414    34.034     4.29    4.03
-127263.917    35.620     5.51    4.20
-126976.404    36.782     4.04    3.72
-126688.875    37.949     4.06    3.16
-126401.331    38.287     1.17    2.70
-126113.771    38.891     2.10    2.39
-125826.195    38.955     0.22    2.24
-125538.604    38.834    -0.42    2.17
-125250.998    38.605    -0.79    2.18
-124963.375    37.977    -2.19    2.34
-124675.737    37.255    -2.51    2.50
-124388.083    36.860    -1.37    2.54
-124100.414    36.125    -2.56    2.44
-123812.729    36.263     0.48    2.32
-123525.028    36.082    -0.63    2.32
-123237.312    36.173     0.32    2.52
-122949.580    35.983    -0.66    2.57
-122661.832    35.376    -2.11    2.62
-122374.069    35.318    -0.20    2.92
-122086.290    35.287    -0.11    2.89
-121798.495    34.979    -1.07    3.05
-121510.684    35.028     0.17    3.03
-121222.858    34.809    -0.76    3.04
-120935.016    34.579    -0.80    3.29
-120647.159    34.096    -1.68    3.41
-120359.286    33.066    -3.58    3.50
-120071.397    31.920    -3.98    3.59
-119783.492    30.522    -4.85    3.55
-119495.572    28.840    -5.84    3.26
-119207.636    27.591    -4.34    2.96
-118919.684    26.545    -3.63    2.46
-118631.717    25.634    -3.16    2.32
-118343.734    24.991    -2.23    2.20
-118055.735    24.552    -1.53    1.87
-117767.720    24.666     0.40    2.01
-117479.690    24.963     1.03    2.17
-117191.644    25.434     1.63    2.11
-116903.582    25.758     1.12    2.20
-116615.504    26.448     2.39    2.41
-116327.411    26.948     1.74    2.31
-116039.302    27.448     1.74    2.58
-115751.177    28.055     2.11    2.73
-115463.037    28.831     2.69    3.41
-115174.880    29.699     3.01    4.11
-114886.708    31.260     5.42    4.95
-114598.521    33.040     6.17    5.58
-114310.317    34.906     6.48    6.01
-114022.098    36.651     6.05    6.08
-113733.863    38.825     7.54    6.06
-113445.612    40.478     5.73    6.07
-113157.345    42.272     6.22    6.18
-112869.063    43.287     3.52    6.17
-112580.765    44.535     4.33    6.48
-112292.451    45.248     2.47    6.36
-112004.121    45.180    -0.24    6.53
-111715.775    44.805    -1.30    6.56
-111427.414    44.448    -1.24    5.96
-111139.037    43.390    -3.67    5.16
-110850.644    43.101    -1.00    4.55
-110562.235    42.022    -3.74    4.30
-110273.811    41.263    -2.63    4.30
-109985.370    40.463    -2.77    3.93
-109696.914    39.730    -2.54    3.49
-109408.442    39.376    -1.23    3.01
-109119.954    39.272    -0.36    2.70
-108831.451    39.195    -0.27    2.72
-108542.931    39.703     1.76    2.85
-108254.396    39.347    -1.23    3.16
-107965.845    39.234    -0.39    3.65
-107677.278    38.800    -1.50    3.81
-107388.695    38.305    -1.71    3.72
-107100.096    38.048    -0.89    3.64
-106811.482    37.655    -1.36    3.21
-106522.852    37.184    -1.63    2.92
-106234.205    36.912    -0.94    2.45
-105945.543    36.419    -1.70    2.25
-105656.866    36.063    -1.24    2.26
-105368.172    35.615    -1.55    1.98
-105079.462    35.152    -1.60    1.73
-104790.737    34.777    -1.30    1.85
-104501.995    34.346    -1.49    1.73
-104213.238    33.787    -1.94    1.72
-103924.465    33.522    -0.92    1.75
-103635.676    32.905    -2.14    1.82
-103346.871    32.191    -2.47    1.88
-103058.050    31.490    -2.43    1.72
-102769.214    31.096    -1.36    1.59
-102480.361    30.622    -1.64    1.54
-102191.493    30.184    -1.52    1.51
-101902.609    29.863    -1.11    1.75
-101613.708    29.537    -1.13    1.72
-101324.792    29.096    -1.53    2.06
-101035.860    28.753    -1.19    2.19
-100746.912    28.309    -1.54    2.33
-100457.948    27.591    -2.48    2.42
-100168.969    27.419    -0.60    2.45
 -99879.973    26.816    -2.09    2.38
 -99590.961    26.363    -1.57    2.26
 -99301.934    26.246    -0.40    2.14
 -99012.890    25.777    -1.62    2.15
 -98723.831    25.777     0.00    2.06
 -98434.755    25.449    -1.14    2.05
 -98145.664    25.346    -0.36    2.18
 -97856.557    25.255    -0.31    2.26
 -97567.434    24.655    -2.08    2.25
 -97278.295    24.419    -0.81    2.17
 -96989.139    23.991    -1.48    2.05
 -96699.968    23.492    -1.73    1.71
 -96410.781    23.347    -0.50    1.70
 -96121.578    22.963    -1.33    1.87
 -95832.360    22.882    -0.28    1.96
 -95543.125    22.993     0.38    2.07
 -95253.874    22.419    -1.98    2.03
 -94964.607    22.449     0.10    1.89
 -94675.324    22.251    -0.68    1.87
 -94386.025    22.234    -0.06    2.08
 -94096.710    22.448     0.74    2.41
 -93807.380    23.188     2.56    3.38
 -93518.033    23.272     0.29    3.34
 -93228.670    23.610     1.17    3.75
 -92939.291    23.155    -1.58    2.99
 -92649.897    22.934    -0.76    2.74
 -92360.486    22.694    -0.83    2.63
 -92071.059    22.608    -0.30    2.73
 -91781.616    22.166    -1.53    1.41
 -91492.157    22.110    -0.19    1.47
 -91202.683    21.863    -0.86    1.42
 -90913.192    21.831    -0.11    1.39
 -90623.685    21.648    -0.63    1.26
 -90334.162    21.631    -0.06    1.28
 -90044.623    21.378    -0.87    1.19
 -89755.068    21.377    -0.01    1.26
 -89465.497    21.248    -0.44    1.25
 -89175.910    21.228    -0.07    1.23
 -88886.307    21.248     0.07    1.21
 -88596.688    21.169    -0.27    1.23
 -88307.053    21.234     0.22    1.35
 -88017.402    21.188    -0.16    1.35
 -87727.734    21.073    -0.40    1.36
 -87438.051    21.054    -0.07    1.37
 -87148.352    20.926    -0.44    1.31
 -86858.636    20.640    -0.99    1.52
 -86568.905    20.448    -0.66    1.43
 -86279.157    20.318    -0.45    1.44
 -85989.393    20.279    -0.13    1.44
 -85699.613    20.134    -0.50    1.41
 -85409.818    19.912    -0.77    1.43
 -85120.006    19.919     0.02    1.40
 -84830.178    19.905    -0.05    1.30
 -84540.334    19.831    -0.25    1.38
 -84250.473    19.520    -1.07    1.34
 -83960.597    19.205    -1.08    1.42
 -83670.705    19.120    -0.30    1.35
 -83380.796    18.777    -1.18    1.49
 -83090.871    18.448    -1.13    1.37
 -82800.931    18.165    -0.98    1.26
 -82510.974    17.875    -1.00    1.21
 -82221.001    17.846    -0.10    1.22
 -81931.012    17.738    -0.37    1.20
 -81643.951    17.748     0.03    1.19
 -81357.372    17.920     0.60    1.18
 -81070.778    17.905    -0.05    1.21
 -80784.169    18.144     0.83    1.23
 -80497.544    18.225     0.28    1.17
 -80210.903    18.199    -0.09    1.28
 -79924.246    18.287     0.31    1.26
 -79637.574    18.346     0.21    1.25
 -79350.886    18.505     0.56    1.35
 -79064.182    18.777     0.95    1.39
 -78777.463    18.869     0.32    1.43
 -78490.727    19.125     0.89    1.38
 -78203.977    19.169     0.15    1.38
 -77917.210    19.287     0.41    1.26
 -77630.428    19.478     0.67    1.27
 -77343.630    19.608     0.45    1.37
 -77056.816    19.709     0.35    1.40
 -76769.987    19.738     0.10    1.34
 -76483.141    19.709    -0.10    1.33
 -76196.281    19.811     0.35    1.35
 -75909.404    19.622    -0.66    1.33
 -75622.512    19.522    -0.35    1.38
 -75335.603    19.552     0.10    1.38
 -75048.680    19.537    -0.05    1.32
 -74761.740    19.593     0.20    1.42
 -74474.785    19.791     0.69    1.34
 -74187.814    19.891     0.35    1.32
 -73900.827    19.748    -0.50    1.40
 -73613.824    19.767     0.07    1.44
 -73326.806    19.949     0.63    1.49
 -73039.772    19.963     0.05    1.52
 -72752.722    20.213     0.87    1.44
 -72465.656    20.361     0.52    1.47
 -72178.575    20.533     0.60    1.43
 -71891.477    20.634     0.35    1.34
 -71604.364    20.559    -0.26    1.36
 -71317.236    20.593     0.12    1.29
 -71030.091    20.596     0.01    1.42
 -70742.931    20.493    -0.36    1.39
 -70455.755    20.666     0.60    1.53
 -70168.563    20.748     0.29    1.77
 -69881.355    20.842     0.33    2.02
 -69594.131    21.072     0.80    2.09
 -69306.892    21.078     0.02    2.10
 -69019.637    21.377     1.04    1.93
 -68732.366    21.478     0.35    1.86
 -68445.079    21.346    -0.46    1.75
 -68157.776    21.348     0.01    1.59
 -67870.458    21.346    -0.01    1.48
 -67583.124    21.251    -0.33    1.89
 -67295.774    21.361     0.38    1.96
 -67008.408    21.393     0.11    2.00
 -66721.026    21.434     0.14    1.93
 -66433.628    21.434     0.00    2.33
 -66146.215    21.199    -0.82    2.19
 -65858.786    21.448     0.87    2.88
 -65571.341    21.713     0.92    2.96
 -65283.880    21.997     0.99    2.81
 -64996.403    22.159     0.56    2.78
 -64708.910    21.831    -1.14    1.80
 -64421.401    21.805    -0.09    1.66
 -64133.877    21.934     0.45    1.58
 -63846.337    22.007     0.26    1.56
 -63558.781    22.105     0.34    1.51
 -63271.209    22.243     0.48    1.47
 -62983.621    22.220    -0.08    1.40
 -62696.017    22.564     1.20    1.42
 -62408.397    22.763     0.69    1.54
 -62120.762    22.834     0.25    1.49
 -61833.110    22.767    -0.23    1.56
 -61545.443    22.875     0.37    1.80
 -61257.760    22.648    -0.79    1.82
 -60970.061    22.581    -0.23    1.86
 -60682.346    22.320    -0.91    2.09
 -60394.615    22.148    -0.60    2.01
 -60106.868    22.050    -0.34    1.94
 -59819.105    21.871    -0.62    1.79
 -59531.327    21.898     0.09    1.57
 -59243.532    22.022     0.43    1.64
 -58955.722    22.148     0.44    1.65
 -58667.895    22.316     0.58    1.60
 -58380.053    22.463     0.51    1.87
 -58092.195    22.405    -0.20    1.88
 -57804.320    22.393    -0.04    1.79
 -57516.430    22.448     0.19    1.77
 -57228.524    22.289    -0.55    1.52
 -56940.602    22.346     0.20    1.44
 -56652.664    22.134    -0.74    1.56
 -56364.710    21.743    -1.36    1.82
 -56076.740    20.691    -3.65    2.80
 -55788.755    19.505    -4.12    3.56
 -55500.753    17.818    -5.86    4.18
 -55212.735    15.891    -6.69    4.27
 -54924.701    14.188    -5.91    3.77
 -54636.652    12.699    -5.17    2.91
 -54348.586    11.748    -3.30    1.99
 -54060.504    11.213    -1.86    1.55
 -53772.407    11.234     0.07    1.86
 -53484.293    11.720     1.69    2.22
 -53196.164    12.177     1.59    2.45
 -52908.018    13.220     3.62    2.46
 -52619.857    14.246     3.56    2.68
 -52331.679    15.713     5.09    2.74
 -52043.486    16.834     3.89    2.39
 -51755.276    17.507     2.34    2.13
 -51467.051    18.434     3.21    1.86
 -51178.809    19.166     2.54    1.50
 -50890.551    19.598     1.50    1.37
 -50602.278    19.955     1.24    1.17
 -50313.988    20.130     0.61    0.94
 -50025.683    20.213     0.29    1.05
 -49737.361    20.248     0.12    1.08
 -49449.023    20.052    -0.68    1.29
 -49160.670    19.820    -0.80    1.40
 -48872.300    19.659    -0.56    1.55
 -48583.914    19.393    -0.92    1.65
 -48295.513    19.026    -1.27    1.78
 -48007.095    18.956    -0.24    1.75
 -47718.661    18.699    -0.89    1.83
 -47430.211    18.220    -1.66    1.88
 -47141.745    17.593    -2.17    1.75
 -46853.263    17.320    -0.95    1.75
 -46564.765    16.927    -1.36    1.65
 -46276.251    16.448    -1.66    1.72
 -45987.721    15.877    -1.98    1.51
 -45699.174    15.640    -0.82    1.61
 -45410.612    15.522    -0.41    1.82
 -45122.034    15.695     0.60    1.98
 -44833.439    15.985     1.00    1.99
 -44544.828    16.534     1.90    1.94
 -44256.202    16.920     1.34    1.86
 -43967.559    17.267     1.20    1.91
 -43678.900    17.505     0.82    1.83
 -43390.225    17.728     0.77    1.80
 -43101.534    17.713    -0.05    1.94
 -42812.827    17.867     0.53    1.78
 -42524.104    17.905     0.13    1.76
 -42235.365    18.005     0.35    1.72
 -41946.609    17.867    -0.48    1.73
 -41657.838    17.548    -1.10    2.05
 -41369.050    17.420    -0.45    2.02
 -41080.246    17.210    -0.73    2.17
 -40791.426    16.655    -1.92    2.26
 -40502.590    15.956    -2.42    2.32
 -40213.738    15.548    -1.41    2.23
 -39924.870    15.291    -0.89    2.14
 -39635.985    14.927    -1.26    2.08
 -39347.085    15.005     0.27    2.26
 -39058.168    14.811    -0.67    2.52
 -38769.235    14.695    -0.40    2.61
 -38480.286    14.802     0.37    2.43
 -38191.321    14.816     0.05    2.39
 -37902.339    15.124     1.07    2.30
 -37613.342    15.476     1.22    2.71
 -37324.328    16.082     2.10    2.77
 -37035.298    16.420     1.17    2.75
 -36746.252    17.596     4.07    4.83
 -36457.190    18.377     2.70    5.48
 -36168.112    18.522     0.50    5.54
 -35879.017    19.434     3.15    6.30
 -35589.907    20.364     3.22    7.57
 -35300.780    21.420     3.65    8.11
 -35011.637    22.166     2.58    8.46
 -34722.478    22.948     2.70    8.12
 -34433.302    24.007     3.66    7.70
 -34144.110    24.520     1.77    7.33
 -33854.903    25.419     3.11    6.60
 -33565.679    25.234    -0.64    5.09
 -33276.438    24.120    -3.85    4.24
 -32987.182    23.312    -2.79    4.07
 -32697.909    22.748    -1.95    4.23
 -32408.620    21.593    -3.99    3.42
 -32119.315    21.360    -0.81    3.38
 -31829.994    21.305    -0.19    3.44
 -31540.656    21.331     0.09    3.05
 -31251.302    21.620     1.00    2.88
 -30961.932    21.645     0.09    2.62
 -30672.546    21.297    -1.20    1.97
 -30383.144    21.786     1.69    2.30
 -30093.725    21.743    -0.15    2.42
 -29804.290    21.699    -0.15    2.59
 -29514.839    21.391    -1.06    2.26
 -29225.371    20.941    -1.55    2.01
 -28935.887    20.605    -1.16    1.62
 -28646.387    20.520    -0.30    1.55
 -28356.871    20.617     0.34    1.58
 -28067.338    20.777     0.55    1.54
 -27777.790    20.757    -0.07    1.58
 -27488.224    21.081     1.12    1.36
 -27198.643    20.963    -0.41    1.41
 -26909.045    20.963    -0.00    1.40
 -26619.431    20.842    -0.41    1.62
 -26329.801    20.805    -0.13    1.58
 -26040.155    20.920     0.39    1.28
 -25750.492    21.014     0.32    1.24
 -25460.813    20.846    -0.58    1.15
 -25171.117    20.905     0.20    1.11
 -24881.406    21.072     0.58    1.07
 -24591.678    21.138     0.23    0.99
 -24301.933    21.309     0.59    0.98
 -24012.173    21.363     0.18    0.95
 -23722.396    21.378     0.05    0.88
 -23432.602    21.522     0.50    0.91
 -23142.793    21.663     0.48    0.97
 -22852.967    21.655    -0.03    0.97
 -22563.125    21.634    -0.07    1.06
 -22273.266    21.634     0.00    1.15
 -21983.391    21.557    -0.26    1.26
 -21693.500    21.504    -0.18    1.35
 -21403.592    21.591     0.30    1.50
 -21113.668    21.522    -0.24    1.56
 -20823.728    21.577     0.19    1.52
 -20533.771    21.724     0.51    1.66
 -20243.798    21.744     0.07    1.70
 -19953.809    22.034     1.00    1.77
 -19665.120    22.017    -0.06    1.73
 -19378.579    21.734    -0.99    1.66
 -19092.022    21.802     0.24    1.70
 -18805.450    21.713    -0.31    1.63
 -18518.861    21.763     0.17    1.67
 -18232.257    21.743    -0.07    1.75
 -17945.636    21.891     0.52    1.77
 -17659.000    21.913     0.08    1.77
 -17372.348    21.735    -0.62    1.78
 -17085.679    21.462    -0.95    1.68
 -16798.995    21.333    -0.45    1.64
 -16512.295    21.125    -0.72    1.35
 -16225.579    20.977    -0.52    1.27
 -15938.847    20.651    -1.14    1.54
 -15652.099    19.983    -2.33    1.98
 -15365.336    19.152    -2.90    2.55
 -15078.556    17.906    -4.35    3.25
 -14791.760    16.791    -3.89    3.23
 -14504.949    16.265    -1.83    2.93
 -14218.121    15.449    -2.85    2.26
 -13931.277    15.287    -0.56    2.30
 -13644.418    15.492     0.71    2.52
 -13357.542    16.066     2.00    3.02
 -13070.651    17.589     5.31    2.58
 -12783.743    18.364     2.70    2.50
 -12496.820    19.251     3.09    2.30
 -12209.881    20.026     2.70    2.12
 -11922.925    20.734     2.47    1.68
 -11635.954    21.449     2.49    2.08
 -11348.966    21.971     1.82    2.15
 -11061.963    20.831    -3.97    5.95
 -10774.944    19.279    -5.41    8.76
 -10487.908    18.220    -3.69   10.15
 -10200.857    16.365    -6.46   11.60
  -9913.790    14.814    -5.40   12.24
  -9626.706    12.842    -6.87   12.75
  -9339.607    10.666    -7.58   12.93
  -9052.492    10.228    -1.52   12.82
  -8765.360     8.875    -4.71   12.43
  -8478.213     7.593    -4.46   11.95
  -8191.049     7.659     0.23   11.90
  -7903.870     7.160    -1.74   11.83
  -7616.674     6.195    -3.36   11.71
  -7329.463     5.405    -2.75   11.62
  -7042.235     5.043    -1.26   11.59
  -6754.991     4.720    -1.12   11.73
  -6467.732     4.169    -1.92   11.47
  -6180.456     2.934    -4.30   10.73
  -5893.164     2.856    -0.27   10.55
  -5605.857     2.927     0.25   10.93
  -5318.533     2.234    -2.41   10.75
  -5031.193     2.307     0.25   10.85
  -4743.837     1.877    -1.50   11.13
  -4456.465     1.863    -0.05   11.44
  -4169.077     1.052    -2.82   10.91
  -3881.672    -0.754    -6.28    9.05
  -3594.252    -1.180    -1.48    8.25
  -3306.816    -1.955    -2.69    7.17
  -3019.363    -2.480    -1.83    6.58
  -2731.895    -1.862     2.15    7.65
  -2444.410    -2.380    -1.80    6.71
  -2156.909    -2.757    -1.31    5.41
  -1869.393    -1.934     2.86    6.72
  -1581.860    -2.507    -1.99    3.53
  -1294.311    -1.798     2.47    3.71
  -1006.746    -0.974     2.86    3.83
   -719.164    -0.180     2.76    3.93
   -431.567     0.110     1.01    3.76
   -143.954     0.173     0.22    3.32
    143.676     0.390     0.75    3.13
    431.322     0.506     0.41    2.99
    718.983     0.802     1.03    2.70
   1006.661     0.912     0.38    2.42
   1294.355     1.138     0.79    2.01
   1582.065     0.842    -1.03    1.81
   1869.792     0.124    -2.50    2.33
   2157.534    -0.608    -2.55    2.67
   2445.293    -1.331    -2.51    2.96
   2733.068    -2.360    -3.58    2.61
   3020.859    -2.640    -0.97    2.85
   3308.666    -2.610     0.10    3.29
   3596.489    -2.200     1.42    3.65
   3884.328    -1.210     3.44    3.95
   4172.184    -0.425     2.73    3.94
   4460.055     0.505     3.23    3.75
   4747.943     1.448     3.28    3.13
   5035.847     1.720     0.94    2.81
   5323.768     1.963     0.85    2.40
   5611.704     1.802    -0.56    2.42
   5899.657     1.504    -1.03    2.50
   6187.625     1.272    -0.81    2.67
   6475.610     1.063    -0.73    2.51
   6763.612     1.026    -0.13    2.38
   7051.629     0.680    -1.20    2.12
   7339.662     0.677    -0.01    2.11
   7627.712     0.846     0.59    2.01
   7915.778     0.506    -1.18    2.52
   8203.860     0.120    -1.34    2.86
   8491.959    -0.004    -0.43    2.79
   8780.073    -0.123    -0.41    2.99
   9068.204    -0.341    -0.75    2.78
   9356.351    -0.352    -0.04    2.76
   9644.514     0.302     2.27    2.80
   9932.694     0.699     1.38    2.37
  10220.890     0.757     0.20    2.09
  10509.102     0.603    -0.54    2.24
  10797.330     0.434    -0.59    2.25
  11085.574     0.251    -0.64    2.31
  11373.835     0.040    -0.73    2.33
  11662.112    -0.409    -1.56    2.52
  11950.405    -0.816    -1.41    2.70
  12238.714    -1.419    -2.09    2.81
  12527.040    -1.934    -1.79    2.79
  12815.382    -2.369    -1.51    2.94
  13103.740    -2.623    -0.88    3.11
  13392.115    -2.163     1.59    4.44
  13680.506    -1.989     0.61    4.72
  13968.913    -1.665     1.12    6.13
  14257.336    -1.669    -0.02    7.39
  14545.775    -1.080     2.04    8.65
  14834.231    -1.375    -1.02    8.83
  15122.703    -1.966    -2.05    7.97
  15411.192    -1.937     0.10    8.00
  15699.697    -2.742    -2.79    5.62
  15988.218    -2.989    -0.86    4.94
  16276.755    -2.885     0.36    4.47
  16565.309    -2.669     0.75    4.40
  16853.879    -2.466     0.70    4.21
  17142.465    -2.713    -0.86    3.27
  17431.068    -2.295     1.45    3.55
  17719.686    -2.439    -0.50    3.35
  18008.322    -2.799    -1.25    3.15
  18296.973    -2.918    -0.41    3.06
  18585.641    -2.639     0.97    3.40
  18874.325    -2.243     1.37    3.41
  19163.026    -1.943     1.04    3.31
  19451.743    -1.711     0.80    3.17
  19740.476    -1.200     1.77    3.09
  20029.225    -0.983     0.75    2.78
  20317.991    -0.735     0.86    2.63
  20606.774    -0.820    -0.29    2.39
  20895.572    -0.780     0.14    2.18
  21184.387    -0.904    -0.43    2.06
  21473.218    -0.899     0.02    1.98
  21762.066    -1.037    -0.48    1.98
  22050.930    -1.066    -0.10    1.80
  22339.811    -1.186    -0.41    2.10
  22628.707    -1.109     0.27    2.38
  22917.621    -1.256    -0.51    2.56
  23206.550    -1.228     0.10    2.71
  23495.496    -1.493    -0.92    2.84
  23784.458    -1.625    -0.46    2.87
  24073.437    -1.980    -1.23    2.91
  24362.432    -2.437    -1.58    2.81
  24651.444    -2.823    -1.33    2.55
  24940.472    -3.137    -1.09    2.45
  25229.516    -3.581    -1.53    1.88
  25518.577    -3.899    -1.10    1.69
  25807.654    -4.243    -1.19    1.24
  26096.747    -4.345    -0.36    1.10
  26385.857    -4.437    -0.32    0.96
  26674.984    -4.566    -0.44    0.00
  26964.126    -4.566     0.00    0.00
  27253.286    -4.566     0.00    0.00
  27542.461    -4.566     0.00    0.00
  27831.653    -4.566     0.00    0.00
  28120.862    -4.566     0.00    0.00
  28410.087    -4.566     0.00    0.00
  28699.328    -4.115     1.56    1.68
  28988.586    -3.862     0.88    2.10
  29277.860    -3.080     2.70    3.93
  29567.151    -2.636     1.53    4.53
  29856.458    -1.622     3.51    6.18
  30145.782    -1.331     1.01    6.16
  30435.122    -0.284     3.62    7.57
  30724.479     0.052     1.16    7.96
  31013.852     0.877     2.85    8.64
  31303.241     2.293     4.89    9.69
  31592.647     3.488     4.13   10.73
  31882.070     3.617     0.45   10.46
  32171.509     4.753     3.92   10.48
  32460.964     4.993     0.83    9.94
  32750.436     5.547     1.91    9.57
  33039.925     5.695     0.51    9.35
  33329.430     5.687    -0.03    8.65
  33618.951     6.198     1.76    8.75
  33908.489     6.786     2.03    9.02
  34198.043     8.234     5.00    9.27
  34487.614     9.477     4.29    9.76
  34777.202    10.713     4.27    9.76
  35066.806    11.478     2.64    9.92
  35356.426    13.115     5.65    9.07
  35646.064    13.391     0.95    8.60
  35935.717    12.504    -3.06    8.25
  36225.387    11.977    -1.82    7.50
  36515.074    11.307    -2.31    6.14
  36804.777    10.163    -3.95    5.31
  37094.497     9.905    -0.89    3.91
  37384.233     9.927     0.08    3.23
  37673.986    10.962     3.57    2.90
  37963.755    12.078     3.85    3.28
  38253.541    13.220     3.94    3.02
  38543.343    14.503     4.43    3.17
  38833.162    15.677     4.05    3.07
  39122.998    16.577     3.11    2.80
  39412.850    17.347     2.66    2.78
  39702.719    17.581     0.81    2.53
  39992.604    18.017     1.51    2.17
  40282.506    18.124     0.37    1.90
  40572.425    18.152     0.10    1.81
  40862.360    18.335     0.63    1.71
  41152.311    18.478     0.49    1.64
  41442.279    18.757     0.96    1.72
  41732.264    19.144     1.33    1.78
  42022.266    19.663     1.79    1.74
  42312.284    20.279     2.13    1.60
  42599.125    20.563     0.99    1.53
  42885.633    21.009     1.56    1.29
  43172.157    21.392     1.34    1.38
  43458.698    21.622     0.80    1.37
  43745.254    21.949     1.14    1.23
  44031.827    22.034     0.30    1.30
  44318.416    22.101     0.23    1.35
  44605.021    22.191     0.32    1.32
  44891.642    22.209     0.06    1.19
  45178.279    22.228     0.07    1.24
  45464.933    22.166    -0.22    1.16
  45751.603    22.082    -0.29    1.03
  46038.288    22.081    -0.00    1.03
  46324.990    22.169     0.31    1.03
  46611.709    22.144    -0.09    1.04
  46898.443    22.105    -0.14    1.05
  47185.193    21.948    -0.55    1.05
  47471.960    21.871    -0.27    1.12
  47758.743    21.645    -0.79    1.30
  48045.542    21.321    -1.13    1.50
  48332.357    20.970    -1.22    1.68
  48619.188    20.246    -2.53    2.14
  48906.036    19.905    -1.19    2.17
  49192.900    19.316    -2.05    2.38
  49479.780    18.577    -2.58    2.64
  49766.676    18.026    -1.92    2.72
  50053.588    17.069    -3.33    2.74
  50340.517    16.406    -2.31    2.51
  50627.462    15.634    -2.69    2.42
  50914.423    15.081    -1.93    1.91
  51201.400    15.091     0.04    1.78
  51488.394    15.405     1.09    1.86
  51775.403    16.348     3.29    2.39
  52062.429    17.615     4.41    2.87
  52349.471    18.955     4.67    3.00
  52636.530    20.392     5.01    2.90
  52923.604    21.615     4.26    2.65
  53210.695    22.748     3.95    2.02
  53497.802    23.506     2.64    1.44
  53784.926    23.796     1.01    1.11
  54072.065    23.949     0.53    0.87
  54359.221    23.823    -0.44    1.09
  54646.393    23.734    -0.31    1.42
  54933.582    23.615    -0.42    1.46
  55220.786    23.533    -0.29    1.47
  55508.007    23.547     0.05    1.50
  55795.245    23.724     0.62    1.71
  56082.498    23.800     0.27    1.49
  56369.768    24.096     1.03    1.51
  56657.054    24.448     1.23    1.48
  56944.356    24.656     0.72    1.49
  57231.675    24.812     0.54    1.52
  57519.010    24.920     0.37    1.24
  57806.361    25.152     0.81    1.19
  58093.728    25.101    -0.18    1.20
  58381.112    25.263     0.56    1.27
  58668.512    25.478     0.75    1.31
  58955.929    25.596     0.41    1.43
  59243.361    26.321     2.52    1.73
  59530.810    26.786     1.62    1.75
  59818.276    27.293     1.76    1.86
  60105.757    27.673     1.32    1.79
  60393.255    28.163     1.70    1.85
  60680.770    28.390     0.79    1.69
  60968.300    28.767     1.31    1.63
  61255.847    29.007     0.84    1.62
  61543.411    29.263     0.89    1.60
  61830.990    29.659     1.38    1.64
  62118.586    30.050     1.36    1.52
  62406.199    30.223     0.60    1.54
  62693.827    30.504     0.98    1.64
  62981.472    30.477    -0.09    1.50
  63269.134    30.577     0.35    1.63
  63556.812    30.757     0.63    1.63
  63844.506    30.796     0.13    1.58
  64132.216    31.170     1.30    1.64
  64419.943    31.256     0.30    1.60
  64707.686    31.448     0.67    1.48
  64995.446    31.823     1.30    1.71
  65283.222    31.820    -0.01    1.70
  65571.014    32.020     0.69    1.84
  65858.823    32.246     0.78    1.79
  66146.648    32.096    -0.52    1.90
  66434.490    32.031    -0.22    2.07
  66722.348    31.763    -0.93    2.30
  67010.222    31.517    -0.85    2.48
  67298.113    31.142    -1.30    2.68
  67586.020    30.547    -2.07    2.79
  67873.944    29.535    -3.51    3.14
  68161.884    29.120    -1.44    3.69
  68449.840    28.596    -1.82    3.70
  68737.813    28.548    -0.16    3.45
  69025.802    29.059     1.77    3.48
  69313.808    29.083     0.08    3.20
  69601.830    29.279     0.68    3.34
  69889.868    29.577     1.03    3.53
  70177.923    29.463    -0.39    4.34
  70465.995    28.758    -2.45    5.02
  70754.083    27.743    -3.52    5.11
  71042.187    25.748    -6.92    4.92
  71330.308    24.293    -5.05    4.31
  71618.445    23.087    -4.19    3.50
  71906.599    22.048    -3.60    2.36
  72194.769    21.557    -1.70    1.54
  72482.955    21.816     0.90    1.70
  72771.158    22.521     2.44    2.11
  73059.378    23.163     2.23    2.37
  73347.614    23.757     2.06    2.49
  73635.866    24.712     3.31    2.60
  73924.135    25.648     3.25    2.61
  74212.421    26.941     4.48    2.61
  74500.723    28.031     3.78    2.70
  74789.041    29.234     4.17    2.75
  75077.376    30.772     5.34    2.73
  75365.727    32.077     4.52    2.88
  75654.095    33.217     3.95    2.93
  75942.480    34.828     5.59    3.07
  76230.881    36.045     4.22    2.94
  76519.298    36.913     3.01    2.57
  76807.732    37.786     3.03    2.03
  77096.183    38.605     2.84    1.79
  77384.650    39.346     2.57    1.48
  77673.133    39.791     1.54    1.38
  77961.633    40.007     0.75    1.50
  78250.150    40.593     2.03    1.58
  78538.683    41.166     1.99    1.59
  78827.232    41.758     2.05    1.46
  79115.798    42.082     1.12    1.35
  79404.381    42.463     1.32    1.34
  79692.980    42.949     1.68    1.39
  79981.596    42.993     0.15    1.32
  80270.229    42.991    -0.01    1.33
  80558.878    42.969    -0.08    1.39
  80847.543    42.791    -0.62    1.50
  81136.225    42.691    -0.35    1.64
  81424.924    42.309    -1.32    1.63
  81713.639    42.028    -0.97    1.50
  82002.371    41.970    -0.20    1.39
  82291.119    42.140     0.59    1.50
  82579.884    42.347     0.72    1.53
  82868.665    42.591     0.85    1.53
  83157.463    42.955     1.26    1.54
  83446.278    43.434     1.66    1.42
  83735.109    43.997     1.95    1.24
  84023.957    44.335     1.17    1.12
  84312.822    44.463     0.44    1.17
  84601.703    44.552     0.31    1.28
  84890.601    44.492    -0.21    1.32
  85179.515    44.323    -0.59    1.34
  85468.446    44.226    -0.34    1.27
  85757.393    44.120    -0.37    1.30
  86046.357    43.753    -1.27    1.40
  86335.338    43.348    -1.40    1.59
  86624.336    43.072    -0.96    1.64
  86913.350    43.048    -0.08    1.63
  87202.380    42.846    -0.70    1.66
  87491.428    42.856     0.04    1.50
  87780.491    42.877     0.07    1.38
  88069.572    42.790    -0.30    1.17
  88358.669    42.448    -1.18    1.43
  88647.783    41.561    -3.07    2.15
  88936.914    40.405    -4.00    2.59
  89226.061    39.659    -2.58    2.73
  89515.225    38.993    -2.31    2.68
  89804.405    37.983    -3.49    3.16
  90093.603    37.406    -2.00    3.14
  90382.816    37.285    -0.42    3.05
  90672.047    37.504     0.76    2.88
  90961.294    37.920     1.44    2.69
  91250.558    38.155     0.81    2.43
  91539.839    38.291     0.47    2.32
  91829.136    38.552     0.90    2.52
  92118.450    38.237    -1.09    2.91
  92407.781    37.082    -3.99    3.59
  92697.128    36.082    -3.46    3.61
  92986.492    34.997    -3.75    3.48
  93275.873    33.969    -3.55    3.10
  93565.270    33.272    -2.41    3.14
  93854.685    31.905    -4.73    3.61
  94144.115    31.548    -1.23    4.40
  94433.563    30.645    -3.12    4.47
  94723.027    29.645    -3.45    4.32
  95012.509    28.899    -2.58    4.18
  95302.006    28.392    -1.75    3.77
  95591.521    27.890    -1.73    2.97
  95881.052    28.349     1.59    2.70
  96170.600    29.199     2.93    3.26
  96460.165    30.777     5.45    4.16
  96749.747    31.983     4.17    4.44
  97039.345    33.664     5.80    4.36
  97328.960    35.434     6.11    4.16
  97618.592    36.720     4.44    3.89
  97908.240    37.890     4.04    3.46
  98197.905    38.476     2.02    3.57
  98487.588    38.846     1.28    3.52
  98777.286    39.955     3.83    4.05
  99067.002    40.781     2.85    4.09
  99356.734    41.490     2.44    3.87
  99646.484    41.705     0.75    3.45
  99936.250    42.003     1.03    3.13
 100226.032    42.066     0.22    2.60
 100515.832    42.477     1.42    2.73
 100805.648    42.420    -0.20    2.93
 101095.481    42.477     0.20    2.87
 101385.331    42.323    -0.53    2.88
 101675.198    42.477     0.53    2.72
 101965.082    42.800     1.12    2.50
 102254.982    42.871     0.24    2.39
 102544.899    42.695    -0.61    2.60
 102834.833    43.081     1.33    2.75
 103124.784    43.377     1.02    2.81
 103414.752    43.561     0.63    2.60
 103704.736    43.758     0.68    2.30
 103994.737    43.982     0.77    2.27
 104284.756    44.124     0.49    2.25
 104573.302    44.320     0.68    2.13
 104859.767    44.305    -0.05    2.12
 105146.248    44.390     0.29    2.03
 105432.745    45.077     2.40    2.19
 105719.259    45.251     0.61    2.47
 106005.789    45.170    -0.28    2.66
 106292.335    45.068    -0.36    2.77
 106578.898    45.115     0.16    2.77
 106865.477    45.257     0.50    2.54
 107152.073    45.506     0.87    2.26
 107438.685    45.840     1.16    2.22
 107725.313    46.596     2.64    2.30
 108011.958    47.138     1.89    2.01
 108298.619    47.237     0.34    1.79
 108585.296    47.561     1.13    1.56
 108871.990    47.589     0.10    1.40
 109158.701    47.505    -0.29    1.42
 109445.427    47.533     0.09    1.41
 109732.170    47.334    -0.69    1.45
 110018.930    47.272    -0.22    1.50
 110305.706    47.463     0.67    1.69
 110592.498    47.406    -0.20    1.85
 110879.307    47.490     0.29    1.84
 111166.132    47.405    -0.30    1.83
 111452.973    47.291    -0.40    1.94
 111739.831    47.082    -0.73    1.99
 112026.706    46.913    -0.59    1.99
 112313.596    46.463    -1.57    1.85
 112600.504    46.110    -1.23    1.90
 112887.427    45.871    -0.84    1.88
 113174.368    45.709    -0.56    1.88
 113461.324    45.620    -0.31    2.43
 113748.297    45.656     0.13    3.24
 114035.287    45.152    -1.76    3.42
 114322.293    44.603    -1.91    2.80
 114609.315    44.110    -1.72    2.18
 114896.354    43.537    -2.00    1.75
 115183.409    43.257    -0.97    1.93
 115470.481    43.005    -0.88    1.95
 115757.569    42.814    -0.67    1.74
 116044.674    42.547    -0.93    1.79
 116331.795    42.063    -1.69    1.72
 116618.933    41.639    -1.47    1.67
 116906.087    41.234    -1.41    1.75
 117193.258    41.130    -0.36    1.72
 117480.445    40.978    -0.53    1.73
 117767.649    40.687    -1.01    1.82
 118054.869    40.713     0.09    2.01
 118342.105    40.673    -0.14    2.09
 118629.359    40.814     0.49    2.18
 118916.628    40.885     0.25    2.14
 119203.915    40.772    -0.39    2.18
 119491.217    40.687    -0.29    2.12
 119778.536    40.811     0.43    2.01
 120065.872    40.346    -1.62    1.69
 120353.224    40.305    -0.14    1.55
 120640.593    40.110    -0.68    1.49
 120927.979    39.865    -0.85    1.55
 121215.380    39.653    -0.74    1.54
 121502.799    39.763     0.38    1.55
 121790.234    39.763    -0.00    1.58
 122077.685    40.068     1.06    1.72
 122365.153    40.581     1.79    2.06
 122652.638    41.275     2.41    2.83
 122940.139    42.505     4.28    3.47
 123227.657    43.463     3.33    3.88
 123515.191    43.670     0.72    3.82
 123802.742    43.321    -1.21    3.40
 124090.309    42.681    -2.23    3.02
 124377.893    42.420    -0.91    2.57
 124665.494    42.177    -0.85    1.85
 124953.111    42.184     0.02    1.58
 125240.745    42.504     1.11    1.46
 125528.395    42.663     0.55    1.50
 125816.062    43.020     1.24    1.47
 126103.745    43.242     0.77    1.51
 126391.445    43.659     1.45    1.39
 126679.162    43.702     0.15    1.52
 126966.895    43.617    -0.29    1.73
 127254.645    43.552    -0.23    1.82
 127542.412    43.302    -0.87    1.90
 127830.195    43.477     0.61    1.94
 128117.995    43.772     1.03    1.97
 128405.811    44.205     1.51    2.17
 128693.644    44.734     1.84    2.09
 128981.494    45.128     1.37    1.94
 129269.360    45.334     0.71    1.70
 129557.243    45.720     1.34    1.95
 129845.142    45.772     0.18    1.98
 130133.058    45.605    -0.58    2.27
 130420.991    45.548    -0.20    2.63
 130708.940    45.209    -1.18    2.85
 130996.907    44.634    -2.00    2.82
 131284.889    44.263    -1.29    2.65
 131572.889    44.096    -0.58    2.41
 131860.905    44.223     0.44    2.12
 132148.937    44.405     0.63    1.88
 132436.987    45.022     2.14    2.35
 132725.053    45.913     3.09    2.40
 133013.136    46.814     3.13    2.17
 133301.235    47.575     2.64    2.21
 133589.351    48.009     1.51    2.28
 133877.484    48.198     0.65    2.24
 134165.633    48.205     0.03    1.88
 134453.799    48.134    -0.25    1.71
 134741.982    48.346     0.73    1.63
 135030.182    48.448     0.36    1.77
 135318.398    48.365    -0.29    1.76
 135606.631    48.338    -0.09    1.68
 135894.880    48.191    -0.51    1.66
 136183.147    48.003    -0.65    1.91
 136471.430    47.577    -1.48    2.29
 136759.730    46.927    -2.26    2.63
 137048.046    46.648    -0.97    2.54
 137336.379    46.243    -1.41    2.36
 137624.729    46.406     0.57    2.06
 137913.096    46.490     0.29    1.92
 138201.479    46.785     1.02    1.79
 138489.880    47.293     1.76    1.81
 138778.297    47.905     2.12    1.92
 139066.730    48.890     3.41    1.57
 139355.181    49.392     1.74    1.34
 139643.648    49.782     1.35    1.41
 139932.132    50.091     1.07    1.26
 140220.632    50.253     0.56    1.25
 140509.150    50.281     0.10    1.27
 140797.684    50.040    -0.84    1.34
 141086.235    49.740    -1.04    1.53
 141374.803    49.291    -1.55    1.80
 141663.387    48.854    -1.51    1.94
 141951.988    48.617    -0.82    2.02
 142240.606    48.331    -0.99    2.31
 142529.241    47.463    -3.01    2.55
 142817.893    46.786    -2.34    2.93
 143106.561    45.785    -3.47    3.52
 143395.247    45.101    -2.37    3.86
 143683.949    44.434    -2.31    3.99
 143972.668    43.743    -2.39    3.67
 144261.403    43.295    -1.55    3.55
 144550.156    42.970    -1.13    3.57
 144838.925    42.977     0.02    3.43
 145127.711    43.026     0.17    3.23
 145416.514    42.605    -1.45    3.23
 145705.334    42.128    -1.65    3.33
 145994.170    41.673    -1.58    3.62
 146283.024    40.970    -2.43    3.62
 146571.894    40.169    -2.77    3.56
 146860.781    39.191    -3.39    3.61
 147149.685    38.448    -2.57    3.59
 147438.605    38.124    -1.12    3.62
 147727.543    38.265     0.49    3.91
 148016.498    38.082    -0.63    4.21
 148305.469    38.040    -0.15    3.96
 148594.457    38.277     0.82    3.98
 148883.462    38.816     1.87    3.34
 149172.484    38.608    -0.72    3.24
 149461.523    38.026    -2.02    3.61
 149750.578    37.828    -0.68    4.38
 150039.651    37.237    -2.05    4.46
 150328.740    36.337    -3.11    4.77
 150617.846    35.026    -4.54    5.31
 150906.970    33.205    -6.30    5.79
 151196.110    31.476    -5.98    5.46
 151485.267    29.816    -5.74    4.33
 151774.440    28.048    -6.12    4.40
 152063.631    26.142    -6.59    5.12
 152352.839    24.637    -5.21    5.35
 152642.063    23.253    -4.78    5.51
 152931.305    21.758    -5.17    5.43
 153220.563    19.610    -7.43    5.40
 153509.838    17.899    -5.92    5.33
 153799.131    16.231    -5.77    4.59
 154088.440    14.744    -5.14    3.63
 154377.766    13.712    -3.57    2.58
 154667.109    13.504    -0.72    2.55
 154956.469    13.982     1.65    2.83
 155245.846    15.009     3.55    3.10
 155535.239    16.390     4.77    3.41
 155824.650    17.713     4.57    3.65
 156114.078    18.948     4.27    3.79
 156403.522    20.180     4.26    3.78
 156692.984    21.420     4.28    4.08
 156982.463    23.146     5.96    4.53
 157271.958    24.716     5.42    4.72
 157561.471    26.307     5.50    4.70
 157851.000    27.772     5.06    4.49
 158140.546    29.684     6.60    4.09
 158430.110    30.999     4.54    3.38
 158719.690    31.518     1.79    3.27
 159009.288    32.267     2.59    3.25
 159298.902    32.820     1.91    3.37
 159588.533    33.589     2.66    3.80
 159878.182    34.138     1.90    3.88
 160167.847    34.082    -0.19    3.39
 160457.529    34.281     0.69    3.36
 160747.229    34.184    -0.34    2.93
 161036.945    34.617     1.50    3.17
 161326.678    34.684     0.23    3.24
 161616.429    34.839     0.54    3.26
 161906.196    35.212     1.29    2.84
 162195.981    35.663     1.56    2.74
 162485.782    35.993     1.14    2.63
 162775.600    35.820    -0.60    2.94
 163065.436    35.705    -0.39    3.37
 163355.288    34.969    -2.54    4.58
 163645.158    34.170    -2.76    5.46
 163935.045    33.767    -1.39    5.73
 164224.948    33.265    -1.73    5.60
 164514.869    32.927    -1.17    5.18
 164804.807    33.043     0.40    4.85
 165094.762    33.022    -0.07    4.58
 165384.734    33.505     1.67    4.43
 165674.722    34.856     4.66    5.18
 165964.729    36.011     3.98    5.25
 166254.752    37.708     5.85    5.27
 166544.792    38.767     3.65    4.85
 166831.487    40.166     4.88    4.20
 167117.918    41.163     3.48    3.57
 167404.367    42.022     3.00    3.25
 167690.832    42.550     1.84    2.62
 167977.313    43.180     2.20    2.63
 168263.811    43.814     2.21    2.46
 168550.326    44.234     1.47    1.85
 168836.857    44.477     0.85    1.67
 169123.405    44.885     1.42    1.45
 169409.970    45.134     0.87    1.21
 169696.551    45.265     0.46    1.18
 169983.148    45.463     0.69    1.27
 170269.762    45.575     0.39    1.42
 170556.393    45.577     0.01    1.45
 170843.041    45.490    -0.30    1.49
 171129.705    45.420    -0.24    1.54
 171416.386    45.364    -0.20    1.44
 171703.083    45.406     0.15    1.41
 171989.797    45.392    -0.05    1.40
 172276.527    45.434     0.15    1.31
 172563.275    45.713     0.97    1.27
 172850.038    45.673    -0.14    1.36
 173136.819    45.634    -0.14    1.37
 173423.616    45.505    -0.45    1.44
 173710.430    45.392    -0.39    1.57
 173997.260    45.110    -0.98    1.58
 174284.107    44.934    -0.61    1.73
 174570.971    44.575    -1.25    1.73
 174857.851    44.419    -0.54    1.64
 175144.748    44.007    -1.44    1.66
 175431.662    43.520    -1.70    1.70
 175718.593    43.321    -0.69    1.82
 176005.540    43.267    -0.19    1.92
 176292.503    43.023    -0.85    1.96
 176579.484    43.142     0.42    1.87
 176866.481    42.955    -0.65    1.86
 177153.495    42.983     0.10    1.83
 177440.525    43.169     0.65    1.66
 177727.572    42.905    -0.92    1.65
 178014.636    42.920     0.05    1.58
 178301.717    42.716    -0.71    1.45
 178588.814    42.531    -0.64    1.65
 178875.928    42.448    -0.29    1.65
 179163.058    42.297    -0.52    1.62
 179450.206    42.378     0.28    1.64
 179737.370    42.323    -0.19    1.62
 180024.551    42.199    -0.43    1.85
 180311.748    41.869    -1.15    1.95
 180598.963    41.617    -0.88    2.24
 180886.194    41.753     0.47    2.29
 181173.441    41.990     0.82    2.31
 181460.706    42.251     0.91    2.01
 181747.987    42.407     0.54    1.92
 182035.285    42.969     1.96    1.57
 182322.600    43.363     1.37    1.58
 182609.931    43.375     0.04    1.73
 182897.279    42.823    -1.92    2.37
 183184.644    42.246    -2.01    2.82
 183472.026    41.905    -1.18    3.04
 183759.424    41.309    -2.08    3.01
 184046.840    40.772    -1.87    3.19
 184334.272    39.927    -2.94    3.06
 184621.720    39.003    -3.21    3.19
 184909.186    38.634    -1.29    3.49
 185196.668    37.522    -3.87    3.48
 185484.167    36.684    -2.92    3.17
 185771.683    36.134    -1.91    2.86
 186059.216    35.348    -2.73    2.57
 186346.766    34.587    -2.65    2.45
 186634.332    34.082    -1.76    2.48
 186921.915    33.392    -2.40    2.52
 187209.515    32.659    -2.55    2.34
 187497.132    32.188    -1.64    1.93
 187784.765    32.052    -0.47    1.74
 188072.416    32.462     1.43    1.93
 188360.083    33.026     1.96    1.89
 188647.767    33.561     1.86    2.20
 188935.468    33.996     1.51    1.96
 189223.185    34.195     0.69    2.09
 189510.920    34.406     0.73    1.95
 189798.671    34.705     1.04    2.06
 190086.439    35.052     1.20    2.01
 190374.224    35.434     1.33    2.09
 190662.026    35.848     1.44    2.35
 190949.845    36.307     1.59    2.26
 191237.680    36.730     1.47    2.21
 191525.533    37.201     1.64    2.18
 191813.402    37.702     1.74    2.10
 192101.288    38.349     2.25    2.12
 192389.191    39.152     2.79    2.24
 192677.111    40.022     3.02    2.15
 192965.048    40.927     3.14    1.95
 193253.001    41.267     1.18    1.91
 193540.972    42.011     2.58    2.13
 193828.959    42.786     2.69    2.05
 194116.963    43.392     2.11    2.07
 194404.984    43.997     2.10    2.05
 194693.022    44.963     3.35    2.84
 194981.077    46.184     4.24    3.80
 195269.149    46.949     2.66    3.52
 195557.238    47.634     2.38    3.68
 195845.344    48.142     1.76    3.67
 196133.466    48.758     2.14    3.96
 196421.606    48.631    -0.44    3.61
 196709.762    48.598    -0.11    2.85
 196997.936    48.758     0.55    2.76
 197286.126    48.420    -1.17    1.82
 197574.333    48.295    -0.43    1.32
 197862.557    48.257    -0.13    1.33
 198150.798    48.448     0.66    1.37
 198439.056    48.587     0.48    1.45
 198727.331    48.772     0.64    1.57
 199015.623    49.087     1.09    1.53
 199303.932    49.045    -0.14    1.55
 199592.258    49.081     0.12    1.37
 199880.600    48.968    -0.39    1.34
 200168.960    48.878    -0.31    1.33
 200457.337    48.905     0.09    1.35
 200745.730    48.656    -0.86    1.20
 201034.141    48.503    -0.53    1.09
 201322.568    48.502    -0.01    1.21
 201611.013    48.283    -0.76    1.19
 201899.475    48.209    -0.26    1.11
 202187.953    48.199    -0.03    1.13
 202476.449    48.101    -0.34    1.07
 202764.961    48.177     0.26    1.05
 203053.491    48.209     0.11    1.11
 203342.037    48.311     0.35    1.42
 203630.601    48.517     0.72    1.44
 203919.181    48.502    -0.05    1.43
 204207.779    48.352    -0.52    1.32
 204496.393    48.305    -0.16    1.30
 204785.025    48.478     0.60    1.30
 205073.673    48.365    -0.39    1.24
 205362.339    48.148    -0.75    1.08
 205651.021    48.124    -0.08    1.06
 205939.721    48.023    -0.35    1.07
 206228.438    47.941    -0.28    1.09
 206517.171    47.589    -1.22    1.21
 206805.922    47.392    -0.68    1.13
 207094.690    47.246    -0.51    1.18
 207383.475    46.978    -0.93    1.03
 207672.277    46.772    -0.71    1.05
 207961.096    46.575    -0.68    1.12
 208249.932    46.407    -0.58    1.13
 208538.785    46.295    -0.39    1.14
 208827.655    46.198    -0.34    1.29
 209116.542    46.096    -0.35    1.26
 209405.446    46.120     0.08    1.44
 209694.368    45.993    -0.44    1.50
 209983.306    45.927    -0.23    1.53
 210272.262    45.795    -0.46    1.55
 210561.234    45.531    -0.91    1.56
 210850.224    45.270    -0.91    1.55
 211139.231    45.064    -0.71    1.41
 211428.255    44.617    -1.55    1.34
 211717.296    44.246    -1.29    1.18
 212006.354    43.948    -1.03    1.29
 212295.429    43.695    -0.88    1.29
 212584.521    43.148    -1.89    1.23
 212873.631    42.845    -1.05    1.21
 213162.757    42.544    -1.04    1.31
 213451.901    42.448    -0.33    1.28
 213741.062    42.231    -0.75    1.29
 214030.239    41.927    -1.05    1.22
 214319.435    41.666    -0.90    1.23
 214608.647    41.634    -0.11    1.20
 214897.876    41.491    -0.49    1.11
 215187.122    41.448    -0.15    1.27
 215476.386    41.379    -0.24    1.30
 215765.667    41.407     0.09    1.24
 216054.965    41.309    -0.34    1.26
 216344.280    41.031    -0.96    1.33
 216633.612    40.699    -1.15    1.30
 216922.961    40.318    -1.32    1.24
 217212.328    40.237    -0.28    1.44
 217501.712    39.997    -0.83    1.40
 217791.113    39.791    -0.71    1.41
 218080.531    39.653    -0.48    1.56
 218369.966    39.365    -1.00    1.67
 218659.418    39.348    -0.06    1.92
 218948.888    38.871    -1.65    1.81
 219238.375    38.522    -1.20    1.81
 219527.879    38.091    -1.49    1.79
 219817.400    37.776    -1.09    1.87
 220106.938    37.461    -1.09    1.97
 220396.494    37.212    -0.86    1.92
 220686.067    36.927    -0.98    1.78
 220975.657    36.781    -0.50    1.70
 221265.264    36.753    -0.10    1.48
 221554.889    36.828     0.26    1.43
 221844.530    36.890     0.21    1.24
 222134.189    37.335     1.54    1.14
 222423.865    37.462     0.44    1.13
 222713.559    37.542     0.28    1.14
 223003.270    37.575     0.11    1.57
 223292.997    37.504    -0.24    1.58
 223582.743    37.419    -0.29    1.70
 223872.505    37.363    -0.20    1.73
 224162.285    37.533     0.59    2.28
 224452.081    37.448    -0.29    2.08
 224741.896    37.392    -0.19    2.10
 225031.727    37.091    -1.04    2.06
 225321.576    36.726    -1.26    2.15
 225611.442    36.223    -1.74    2.41
 225901.325    35.659    -1.94    2.26
 226191.225    35.272    -1.34    2.51
 226481.143    34.777    -1.71    2.60
 226771.078    34.156    -2.14    2.66
 227061.031    33.529    -2.17    2.60
 227351.000    33.105    -1.46    2.43
 227640.987    32.749    -1.23    1.97
 227930.991    32.795     0.16    2.06
 228221.013    32.705    -0.31    2.21
 228511.052    33.256     1.90    2.56
 228799.557    33.655     1.38    2.57
 229085.951    34.237     2.03    2.56
 229372.362    34.516     0.98    2.36
 229658.789    34.745     0.80    2.16
 229945.234    34.503    -0.84    2.14
 230231.695    34.201    -1.06    2.07
 230518.173    33.842    -1.25    1.61
 230804.667    33.591    -0.88    1.56
 231091.179    33.517    -0.26    1.69
 231377.707    33.419    -0.34    2.07
 231664.252    33.234    -0.65    2.68
 231950.814    32.626    -2.12    3.02
 232237.393    31.799    -2.89    3.23
 232523.989    30.906    -3.12    3.41
 232810.601    30.078    -2.89    3.43
 233097.231    29.351    -2.54    3.19
 233383.877    28.620    -2.55    1.42
 233670.540    28.653     0.12    1.38
 233957.219    29.007     1.24    1.33
 234243.916    29.705     2.43    1.88
 234530.630    30.365     2.30    1.95
 234817.360    30.961     2.08    2.09
 235104.107    31.337     1.31    2.01
 235390.871    31.735     1.39    1.86
 235677.652    32.184     1.56    1.83
 235964.450    32.648     1.62    1.76
 236251.265    32.823     0.61    1.65
 236538.096    33.125     1.05    1.70
 236824.945    33.376     0.87    1.40
 237111.810    33.763     1.35    1.47
 237398.692    34.258     1.73    1.60
 237685.591    34.626     1.28    1.60
 237972.507    34.955     1.15    1.56
 238259.440    35.110     0.54    1.40
 238546.390    35.363     0.88    1.37
 238833.357    35.378     0.06    1.37
 239120.340    35.390     0.04    1.33
 239407.341    35.263    -0.44    1.22
 239694.358    35.201    -0.21    1.24
 239981.393    35.174    -0.10    1.37
 240268.444    35.115    -0.21    1.36
 240555.512    35.242     0.44    1.36
 240842.597    35.378     0.47    1.67
 241129.699    35.634     0.89    1.88
 241416.818    35.712     0.27    1.88
 241703.954    35.846     0.47    2.01
 241991.107    35.905     0.21    1.95
 242278.277    35.831    -0.26    1.94
 242565.463    35.790    -0.14    1.78
 242852.667    35.670    -0.42    1.52
 243139.888    35.585    -0.30    1.52
 243427.125    35.659     0.26    1.34
 243714.380    35.434    -0.78    1.04
 244001.651    35.307    -0.44    0.97
 244288.940    35.302    -0.02    1.01
 244576.245    35.134    -0.58    0.94
 244863.568    35.002    -0.46    1.09
 245150.907    34.955    -0.16    1.07
 245438.264    34.753    -0.70    1.15
 245725.637    34.639    -0.40    1.30
 246013.027    34.561    -0.27    1.34
 246300.435    34.420    -0.49    1.39
 246587.859    34.293    -0.44    1.32
 246875.300    34.184    -0.38    1.19
 247162.759    34.195     0.04    1.18
 247450.234    34.299     0.36    1.32
 247737.727    34.489     0.66    1.38
 248025.236    34.545     0.20    1.37
 248312.762    34.708     0.57    1.29
 248600.306    34.687    -0.07    1.36
 248887.866    34.506    -0.63    1.35
 249175.444    34.740     0.81    2.48
 249463.038    34.637    -0.36    2.58
 249750.650    34.758     0.42    2.62
 250038.278    34.653    -0.36    2.67
 250325.924    34.749     0.33    2.63
 250613.587    34.461    -1.00    2.15
 250901.266    34.352    -0.38    1.50
 251188.963    34.237    -0.40    1.40
 251476.677    34.304     0.23    1.34
 251764.408    34.406     0.36    1.28
 252052.156    34.506     0.35    1.17
 252339.921    34.531     0.09    1.46
 252627.703    34.557     0.09    1.51
 252915.502    34.420    -0.48    1.31
 253203.318    34.475     0.19    1.30
 253491.152    34.556     0.28    1.30
 253779.002    34.547    -0.03    1.23
 254066.869    34.699     0.53    1.22
 254354.754    34.941     0.84    1.22
 254642.656    34.920    -0.07    1.25
 254930.574    35.237     1.10    1.36
 255218.510    35.365     0.45    1.29
 255506.463    35.406     0.14    1.21
 255794.433    35.516     0.38    1.00
 256082.421    35.571     0.19    0.99
 256370.425    35.634     0.22    0.97
 256658.446    35.463    -0.59    0.99
 256946.485    35.476     0.04    1.03
 257234.540    35.463    -0.05    1.06
 257522.613    35.547     0.29    1.19
 257810.703    35.681     0.46    1.18
 258098.810    35.865     0.64    1.24
 258386.934    35.968     0.36    1.21
 258675.076    35.997     0.10    1.24
 258963.234    36.209     0.73    1.28
 259251.410    36.434     0.78    1.74
 259539.603    36.489     0.19    1.65
 259827.813    36.645     0.54    1.72
 260116.040    36.559    -0.30    1.67
 260404.284    36.490    -0.24    1.72
 260692.546    36.476    -0.05    2.02
 260980.824    36.323    -0.53    1.90
 261269.120    36.237    -0.30    1.94
 261557.433    35.996    -0.84    2.08
 261845.763    35.640    -1.23    2.11
 262134.110    35.365    -0.96    2.19
 262422.475    35.253    -0.39    2.21
 262710.857    34.907    -1.20    1.74
 262999.256    34.589    -1.10    1.81
 263287.672    34.281    -1.07    1.78
 263576.105    34.023    -0.90    1.62
 263864.556    33.687    -1.16    1.74
 264153.023    33.585    -0.36    1.56
 264441.508    33.243    -1.19    1.58
 264730.010    32.740    -1.74    1.60
 265018.530    32.544    -0.68    1.62
 265307.066    32.583     0.14    2.20
 265595.620    32.253    -1.14    2.20
 265884.191    31.955    -1.04    2.22
 266172.780    31.673    -0.97    2.29
 266461.385    31.448    -0.78    2.20
 266750.008    31.237    -0.73    2.18
 267038.648    31.008    -0.79    2.24
 267327.305    30.570    -1.52    1.19
