-241994.963    93.731     0.00    1.06
-241705.981    93.781     0.17    1.03
-241416.985    93.772    -0.03    0.98
-241127.972    93.795     0.08    0.94
-240838.945    93.910     0.40    0.95
-240549.902    94.164     0.88    1.10
-240260.843    94.471     1.06    1.16
-239971.769    94.722     0.87    1.23
-239682.680    94.780     0.20    1.24
-239393.575    94.871     0.31    1.20
-239104.455    94.995     0.43    1.22
-238815.319    95.075     0.28    1.20
-238526.168    95.084     0.03    1.15
-238237.001    95.073    -0.04    1.10
-237947.818    95.098     0.09    0.99
-237658.621    95.229     0.45    0.98
-237369.408    95.325     0.33    1.11
-237080.179    95.379     0.19    1.13
-236790.935    95.483     0.36    1.13
-236501.675    95.707     0.77    1.12
-236212.400    95.939     0.80    1.16
-235923.109    96.087     0.51    1.13
-235633.803    96.258     0.59    1.12
-235344.481    96.243    -0.05    1.01
-235055.144    96.280     0.13    1.04
-234765.791    96.442     0.56    1.24
-234476.423    96.403    -0.14    1.24
-234187.039    96.521     0.41    1.21
-233897.640    96.493    -0.10    1.24
-233608.225    96.493     0.00    1.15
-233318.795    96.632     0.48    1.17
-233029.349    96.678     0.16    1.20
-232739.887    96.646    -0.11    1.04
-232450.410    96.602    -0.15    1.00
-232160.918    96.589    -0.05    1.11
-231871.410    96.692     0.36    1.01
-231581.886    96.791     0.34    0.95
-231292.347    96.821     0.10    1.04
-231002.792    96.796    -0.09    1.07
-230713.222    96.854     0.20    0.98
-230423.636    96.782    -0.25    0.96
-230134.035    96.736    -0.16    0.95
-229844.418    96.764     0.10    0.96
-229554.785    96.736    -0.10    0.98
-229265.137    96.692    -0.15    1.00
-228975.474    96.516    -0.61    1.00
-228685.794    96.428    -0.30    0.93
-228396.099    96.413    -0.05    0.86
-228106.389    96.244    -0.58    0.86
-227816.663    96.127    -0.40    0.88
-227526.921    96.007    -0.42    1.12
-227237.164    96.031     0.08    1.16
-226947.391    96.005    -0.09    1.28
-226657.603    96.001    -0.02    1.31
-226367.799    95.898    -0.36    1.32
-226077.979    95.913     0.05    1.25
-225788.144    95.862    -0.18    1.28
-225498.293    95.749    -0.39    1.14
-225208.427    95.692    -0.20    1.09
-224918.545    95.533    -0.55    1.06
-224628.647    95.492    -0.14    1.02
-224338.734    95.480    -0.04    1.02
-224048.805    95.530     0.18    1.04
-223758.860    95.403    -0.44    1.05
-223468.900    95.256    -0.50    1.12
-223181.543    95.185    -0.25    1.16
-222894.892    95.214     0.10    1.22
-222608.226    95.369     0.54    1.40
-222321.544    95.328    -0.14    1.39
-222034.848    95.442     0.40    1.51
-221748.136    95.543     0.35    1.34
-221461.409    95.475    -0.24    1.29
-221174.666    95.313    -0.57    1.30
-220887.909    95.229    -0.29    1.38
-220601.136    95.193    -0.13    1.48
-220314.348    95.086    -0.37    1.38
-220027.545    95.065    -0.07    1.39
-219740.726    95.030    -0.12    1.41
-219453.892    95.060     0.10    1.45
-219167.043    95.045    -0.05    1.40
-218880.179    94.890    -0.54    1.33
-218593.299    94.823    -0.23    1.16
-218306.404    94.662    -0.56    1.11
-218019.494    94.692     0.11    1.29
-217732.569    94.752     0.21    1.32
-217445.628    94.692    -0.21    1.33
-217158.672    94.780     0.31    1.43
-216871.701    94.910     0.45    1.53
-216584.714    95.156     0.86    1.55
-216297.712    95.214     0.20    1.55
-216010.695    95.280     0.23    1.67
-215723.663    95.354     0.26    1.49
-215436.615    95.766     1.43    1.55
-215149.552    95.677    -0.31    1.57
-214862.474    96.089     1.44    1.66
-214575.380    96.222     0.46    1.63
-214288.271    96.200    -0.08    1.53
-214001.147    96.403     0.71    1.47
-213714.007    96.550     0.51    1.63
-213426.852    96.913     1.26    1.74
-213139.682    97.192     0.97    1.64
-212852.497    97.468     0.96    1.55
-212565.296    97.823     1.23    1.55
-212278.080    98.075     0.88    1.56
-211990.848    98.301     0.79    1.60
-211703.601    98.580     0.97    1.42
-211416.339    98.735     0.54    1.35
-211129.062    98.737     0.00    1.36
-210841.769    98.957     0.77    1.44
-210554.461    99.163     0.72    1.44
-210267.137    99.259     0.34    1.37
-209979.798    99.144    -0.40    1.16
-209692.444    99.142    -0.01    1.17
-209405.074    99.179     0.13    1.20
-209117.689    99.330     0.53    1.10
-208830.289    99.449     0.41    1.06
-208542.873    99.486     0.13    1.12
-208255.442    99.677     0.66    1.17
-207967.996    99.793     0.40    1.11
-207680.534    99.793     0.00    1.19
-207393.057    99.250    -1.89    1.84
-207105.564    98.750    -1.74    2.15
-206818.056    98.393    -1.24    2.29
-206530.533    98.045    -1.21    2.42
-206242.994    97.904    -0.49    2.63
-205955.440    97.938     0.12    2.64
-205667.870    98.069     0.46    2.58
-205380.285    98.084     0.05    2.49
-205092.685    97.439    -2.24    2.94
-204805.069    96.547    -3.10    3.20
-204517.438    95.519    -3.58    2.91
-204229.791    94.589    -3.23    2.60
-203942.129    94.133    -1.58    2.45
-203654.452    94.192     0.20    2.82
-203366.759    94.593     1.39    2.99
-203079.051    94.692     0.35    2.86
-202791.327    94.635    -0.20    2.79
-202503.588    94.171    -1.62    2.70
-202215.833    93.578    -2.06    2.73
-201928.063    92.369    -4.20    2.79
-201640.278    91.543    -2.87    2.69
-201352.477    90.575    -3.36    2.46
-201064.660    89.335    -4.30    2.25
-200776.828    88.446    -3.09    2.22
-200488.981    87.594    -2.96    2.29
-200201.118    86.403    -4.14    2.23
-199913.240    85.354    -3.64    2.39
-199625.347    84.146    -4.19    2.38
-199337.437    83.304    -2.93    2.34
-199049.513    82.119    -4.12    2.36
-198761.573    80.692    -4.95    2.56
-198473.617    79.636    -3.67    2.52
-198185.646    78.620    -3.53    2.50
-197897.660    77.576    -3.62    2.22
-197609.658    76.457    -3.89    2.06
-197321.640    75.677    -2.71    1.92
-197033.607    75.170    -1.76    1.99
-196745.559    74.289    -3.06    1.79
-196457.495    73.550    -2.57    1.81
-196169.415    72.721    -2.88    1.67
-195881.320    72.321    -1.39    1.60
-195593.210    71.921    -1.39    1.54
-195305.084    71.516    -1.41    1.49
-195016.943    71.339    -0.61    1.27
-194728.786    71.339     0.00    1.24
-194440.613    71.207    -0.46    1.15
-194152.425    71.035    -0.59    1.25
-193864.221    70.846    -0.66    1.15
-193576.002    70.446    -1.39    1.11
-193287.768    70.560     0.39    1.96
-192999.517    70.304    -0.89    1.95
-192711.252    70.199    -0.36    1.93
-192422.970    70.163    -0.13    1.92
-192134.674    70.113    -0.17    1.94
-191846.361    69.881    -0.80    1.04
-191558.033    69.820    -0.21    1.10
-191269.690    69.793    -0.09    1.11
-190981.331    69.736    -0.20    1.13
-190692.956    69.768     0.11    1.16
-190404.566    69.752    -0.05    1.18
-190116.161    69.854     0.35    1.12
-189827.739    69.982     0.44    1.12
-189539.303    70.045     0.22    1.04
-189250.850    70.055     0.03    1.00
-188962.382    70.107     0.18    0.92
-188673.899    70.163     0.19    0.89
-188385.400    70.325     0.56    0.96
-188096.885    70.428     0.36    0.99
-187808.355    70.478     0.18    0.98
-187519.809    70.605     0.44    1.02
-187231.247    70.777     0.60    1.09
-186942.670    70.921     0.50    1.25
-186654.077    70.997     0.26    1.27
-186365.469    70.869    -0.44    1.24
-186076.845    70.968     0.34    1.32
-185788.206    71.016     0.17    1.30
-185499.550    70.820    -0.68    1.39
-185210.880    70.692    -0.44    1.37
-184922.193    70.482    -0.73    1.48
-184633.491    70.293    -0.65    1.58
-184344.774    70.148    -0.50    1.59
-184056.040    69.737    -1.42    1.70
-183767.291    69.543    -0.67    1.78
-183478.527    69.135    -1.41    1.96
-183189.747    68.707    -1.48    2.06
-182900.951    68.107    -2.08    2.14
-182612.139    67.564    -1.88    2.18
-182323.312    67.050    -1.78    2.21
-182034.469    66.457    -2.05    2.11
-181745.611    65.737    -2.49    2.07
-181456.737    65.486    -0.87    2.14
-181167.847    64.852    -2.20    2.06
-180878.942    64.272    -2.01    1.87
-180590.021    63.763    -1.76    1.93
-180301.084    63.278    -1.68    1.94
-180012.132    62.886    -1.36    1.91
-179723.163    62.589    -1.03    1.71
-179434.180    62.259    -1.14    1.61
-179145.180    62.089    -0.59    1.51
-178856.165    61.821    -0.93    1.03
-178567.134    61.852     0.11    0.93
-178278.088    61.750    -0.35    0.95
-177989.025    61.692    -0.20    1.04
-177699.947    61.543    -0.52    1.10
-177410.854    61.472    -0.25    1.05
-177121.744    61.383    -0.31    1.04
-176832.619    61.398     0.05    1.24
-176543.479    61.388    -0.03    1.10
-176254.322    61.316    -0.25    1.13
-175965.150    61.119    -0.68    1.22
-175675.962    60.928    -0.66    1.02
-175386.758    60.883    -0.15    1.04
-175097.539    60.647    -0.82    1.00
-174808.304    60.516    -0.45    0.92
-174519.053    60.397    -0.41    0.90
-174229.786    60.171    -0.78    0.98
-173940.504    59.946    -0.78    1.06
-173651.206    59.839    -0.37    1.06
-173361.892    59.678    -0.56    1.03
-173072.563    59.663    -0.05    1.14
-172783.217    59.997     1.15    2.30
-172493.856    60.101     0.36    2.24
-172204.480    60.110     0.03    2.21
-171915.087    60.171     0.21    2.17
-171625.679    60.113    -0.20    2.18
-171336.254    60.025    -0.30    2.26
-171046.815    59.707    -1.10    1.77
-170757.359    59.442    -0.91    0.99
-170467.887    59.075    -1.27    1.17
-170178.400    58.978    -0.33    1.09
-169888.897    58.791    -0.65    1.16
-169599.378    58.635    -0.54    1.20
-169309.844    58.486    -0.52    1.10
-169020.293    58.304    -0.63    1.06
-168730.727    58.050    -0.88    1.08
-168441.145    57.837    -0.73    1.12
-168151.548    57.475    -1.25    1.27
-167861.934    56.957    -1.79    1.30
-167572.305    56.393    -1.95    1.48
-167282.659    55.692    -2.42    1.53
-166992.998    54.883    -2.79    1.61
-166703.321    54.163    -2.49    1.61
-166413.629    53.616    -1.89    1.39
-166123.920    53.335    -0.97    1.54
-165834.196    53.050    -0.99    1.51
-165544.456    52.904    -0.50    1.44
-165254.700    52.764    -0.48    1.51
-164964.928    52.901     0.47    1.47
-164675.140    52.707    -0.67    1.20
-164385.337    52.593    -0.39    1.21
-164095.517    52.692     0.34    1.25
-163805.682    52.678    -0.05    1.27
-163515.831    52.765     0.30    1.17
-163225.964    52.678    -0.30    1.11
-162936.081    52.530    -0.51    1.04
-162646.183    52.486    -0.15    1.02
-162356.268    52.222    -0.91    0.80
-162066.338    52.192    -0.10    0.86
-161776.391    51.939    -0.87    1.05
-161486.429    51.778    -0.55    1.01
-161197.543    51.467    -1.08    1.44
-160910.935    50.881    -2.05    1.72
-160624.312    50.421    -1.60    1.77
-160337.674    49.898    -1.82    1.66
-160051.020    49.274    -2.18    1.50
-159764.350    48.795    -1.67    1.54
-159477.665    48.287    -1.77    1.42
-159190.965    47.750    -1.87    1.52
-158904.249    47.335    -1.45    1.46
-158617.518    46.893    -1.54    1.41
-158330.771    46.632    -0.91    1.25
-158044.009    46.222    -1.43    1.20
-157757.231    45.889    -1.16    1.18
-157470.438    45.721    -0.58    1.16
-157183.629    45.516    -0.72    1.24
-156896.805    45.374    -0.50    1.13
-156609.965    45.129    -0.85    1.18
-156323.110    44.978    -0.53    1.14
-156036.239    44.811    -0.58    1.09
-155749.353    44.736    -0.26    1.08
-155462.452    44.677    -0.21    1.04
-155175.534    44.501    -0.61    1.04
-154888.602    44.450    -0.18    1.07
-154601.653    44.364    -0.30    1.17
-154314.690    44.332    -0.11    1.28
-154027.710    44.087    -0.85    1.49
-153740.716    43.765    -1.12    1.55
-153453.705    43.266    -1.74    1.64
-153166.680    42.978    -1.00    1.86
-152879.638    42.560    -1.46    1.93
-152592.581    41.607    -3.32    2.10
-152305.509    40.678    -3.24    2.08
-152018.421    39.749    -3.24    2.00
-151731.318    39.164    -2.04    1.82
-151444.198    38.547    -2.15    1.61
-151157.064    38.001    -1.90    1.39
-150869.914    37.664    -1.17    1.40
-150582.748    37.251    -1.44    1.39
-150295.567    37.121    -0.45    1.50
-150008.370    37.171     0.17    1.78
-149721.157    37.457     1.00    2.53
-149433.930    37.735     0.97    2.86
-149146.686    38.155     1.46    3.08
-148859.427    38.089    -0.23    3.30
-148572.152    38.133     0.15    3.39
-148284.862    37.457    -2.35    3.40
-147997.556    36.235    -4.25    3.03
-147710.235    35.475    -2.65    2.72
-147422.898    34.482    -3.46    2.33
-147135.545    33.663    -2.85    1.65
-146848.177    33.214    -1.56    1.21
-146560.793    32.931    -0.99    1.03
-146273.394    32.976     0.16    1.07
-145985.978    33.148     0.60    1.44
-145698.548    34.011     3.00    2.42
-145411.102    34.721     2.47    2.82
-145123.640    36.073     4.70    3.55
-144836.162    37.307     4.29    4.03
-144548.669    38.893     5.51    4.20
-144261.160    40.055     4.04    3.72
-143973.636    41.222     4.06    3.16
-143686.096    41.560     1.17    2.70
-143398.541    42.164     2.10    2.39
-143110.969    42.228     0.22    2.24
-142823.382    42.107    -0.42    2.17
-142535.780    41.878    -0.79    2.18
-142248.162    41.250    -2.19    2.34
-141960.528    40.528    -2.51    2.50
-141672.878    40.133    -1.37    2.54
-141385.213    39.398    -2.56    2.44
-141097.532    39.535     0.48    2.32
-140809.836    39.355    -0.63    2.32
-140522.124    39.446     0.32    2.52
-140234.396    39.256    -0.66    2.57
-139946.653    38.649    -2.11    2.62
-139658.893    38.591    -0.20    2.92
-139371.119    38.560    -0.11    2.89
-139083.328    38.252    -1.07    3.05
-138795.522    38.301     0.17    3.03
-138507.700    38.082    -0.76    3.04
-138219.863    37.852    -0.80    3.29
-137932.009    37.369    -1.68    3.41
-137644.140    36.339    -3.58    3.50
-137356.256    35.193    -3.98    3.59
-137068.355    33.795    -4.85    3.55
-136780.439    32.113    -5.84    3.26
-136492.508    30.864    -4.34    2.96
-136204.560    29.818    -3.63    2.46
-135916.597    28.907    -3.16    2.32
-135628.618    28.264    -2.23    2.20
-135340.623    27.825    -1.53    1.87
-135052.613    27.939     0.40    2.01
-134764.587    28.236     1.03    2.17
-134476.545    28.707     1.63    2.11
-134188.488    29.031     1.12    2.20
-133900.414    29.721     2.39    2.41
-133612.325    30.221     1.74    2.31
-133324.221    30.721     1.74    2.58
-133036.100    31.328     2.11    2.73
-132747.964    32.104     2.69    3.41
-132459.812    32.972     3.01    4.11
-132171.644    34.533     5.42    4.95
-131883.461    36.313     6.17    5.58
-131595.261    38.179     6.48    6.01
-131307.046    39.924     6.05    6.08
-131018.815    42.098     7.54    6.06
-130730.569    43.751     5.73    6.07
-130442.306    45.545     6.22    6.18
-130154.028    46.560     3.52    6.17
-129865.734    47.808     4.33    6.48
-129577.425    48.521     2.47    6.36
-129289.099    48.453    -0.24    6.53
-129000.758    48.078    -1.30    6.56
-128712.401    47.721    -1.24    5.96
-128424.028    46.663    -3.67    5.16
-128135.639    46.374    -1.00    4.55
-127847.235    45.295    -3.74    4.30
-127558.815    44.535    -2.63    4.30
-127270.378    43.735    -2.77    3.93
-126981.927    43.003    -2.54    3.49
-126693.459    42.649    -1.23    3.01
-126404.975    42.545    -0.36    2.70
-126116.476    42.468    -0.27    2.72
-125827.961    42.976     1.76    2.85
-125539.430    42.620    -1.23    3.16
-125250.883    42.507    -0.39    3.65
-124962.320    42.073    -1.50    3.81
-124673.742    41.578    -1.71    3.72
-124385.147    41.321    -0.89    3.64
-124096.537    40.928    -1.36    3.21
-123807.911    40.457    -1.63    2.92
-123519.269    40.185    -0.94    2.45
-123230.612    39.692    -1.70    2.25
-122941.938    39.335    -1.24    2.26
-122653.248    38.887    -1.55    1.98
-122364.543    38.425    -1.60    1.73
-122075.822    38.050    -1.30    1.85
-121787.085    37.619    -1.49    1.73
-121498.332    37.060    -1.94    1.72
-121209.563    36.795    -0.92    1.75
-120920.778    36.178    -2.14    1.82
-120631.978    35.464    -2.47    1.88
-120343.161    34.762    -2.43    1.72
-120054.329    34.369    -1.36    1.59
-119765.481    33.895    -1.64    1.54
-119476.617    33.457    -1.52    1.51
-119187.737    33.135    -1.11    1.75
-118898.841    32.810    -1.13    1.72
-118609.929    32.369    -1.53    2.06
-118321.001    32.026    -1.19    2.19
-118032.057    31.582    -1.54    2.33
-117743.098    30.864    -2.48    2.42
-117454.122    30.692    -0.60    2.45
-117165.131    30.089    -2.09    2.38
-116876.124    29.635    -1.57    2.26
-116587.100    29.519    -0.40    2.14
-116298.061    29.050    -1.62    2.15
-116009.006    29.050     0.00    2.06
-115719.935    28.722    -1.14    2.05
-115430.848    28.619    -0.36    2.18
-115141.745    28.528    -0.31    2.26
-114852.626    27.928    -2.08    2.25
-114563.491    27.692    -0.81    2.17
-114274.340    27.264    -1.48    2.05
-113985.174    26.765    -1.73    1.71
-113695.991    26.620    -0.50    1.70
-113406.792    26.236    -1.33    1.87
-113117.578    26.155    -0.28    1.96
-112828.347    26.266     0.38    2.07
-112539.100    25.692    -1.98    2.03
-112249.838    25.722     0.10    1.89
-111960.559    25.524    -0.68    1.87
-111671.265    25.507    -0.06    2.08
-111381.954    25.721     0.74    2.41
-111092.628    26.461     2.56    3.38
-110803.285    26.545     0.29    3.34
-110513.927    26.883     1.17    3.75
-110224.552    26.428    -1.58    2.99
-109935.162    26.207    -0.76    2.74
-109645.756    25.967    -0.83    2.63
-109356.333    25.881    -0.30    2.73
-109066.895    25.439    -1.53    1.41
-108777.440    25.383    -0.19    1.47
-108487.970    25.135    -0.86    1.42
-108198.483    25.104    -0.11    1.39
-107908.980    24.921    -0.63    1.26
-107619.462    24.904    -0.06    1.28
-107329.927    24.651    -0.87    1.19
-107040.377    24.650    -0.01    1.26
-106750.810    24.521    -0.44    1.25
-106461.227    24.501    -0.07    1.23
-106171.628    24.521     0.07    1.21
-105882.014    24.442    -0.27    1.23
-105592.383    24.507     0.22    1.35
-105302.736    24.461    -0.16    1.35
-105013.073    24.346    -0.40    1.36
-104723.394    24.327    -0.07    1.37
-104433.699    24.199    -0.44    1.31
-104143.988    23.913    -0.99    1.52
-103854.260    23.721    -0.66    1.43
-103564.517    23.591    -0.45    1.44
-103274.758    23.552    -0.13    1.44
-102984.982    23.407    -0.50    1.41
-102695.191    23.185    -0.77    1.43
-102405.383    23.192     0.02    1.40
-102115.559    23.178    -0.05    1.30
-101825.719    23.104    -0.25    1.38
-101535.864    22.793    -1.07    1.34
-101245.992    22.478    -1.08    1.42
-100956.104    22.393    -0.30    1.35
-100666.199    22.050    -1.18    1.49
-100376.279    21.721    -1.13    1.37
-100086.343    21.438    -0.98    1.26
 -99796.390    21.148    -1.00    1.21
 -99506.421    21.119    -0.10    1.22
 -99216.437    21.011    -0.37    1.20
 -98929.380    21.021     0.03    1.19
 -98642.806    21.193     0.60    1.18
 -98356.216    21.178    -0.05    1.21
 -98069.611    21.417     0.83    1.23
 -97782.990    21.498     0.28    1.17
 -97496.353    21.472    -0.09    1.28
 -97209.701    21.560     0.31    1.26
 -96923.032    21.619     0.21    1.25
 -96636.349    21.778     0.56    1.35
 -96349.649    22.050     0.95    1.39
 -96062.934    22.142     0.32    1.43
 -95776.203    22.398     0.89    1.38
 -95489.457    22.442     0.15    1.38
 -95202.694    22.560     0.41    1.26
 -94915.916    22.751     0.67    1.27
 -94629.123    22.881     0.45    1.37
 -94342.313    22.982     0.35    1.40
 -94055.488    23.011     0.10    1.34
 -93768.647    22.982    -0.10    1.33
 -93481.790    23.084     0.35    1.35
 -93194.918    22.895    -0.66    1.33
 -92908.030    22.795    -0.35    1.38
 -92621.126    22.825     0.10    1.38
 -92334.207    22.810    -0.05    1.32
 -92047.271    22.866     0.20    1.42
 -91760.320    23.064     0.69    1.34
 -91473.353    23.164     0.35    1.32
 -91186.371    23.021    -0.50    1.40
 -90899.372    23.040     0.07    1.44
 -90612.358    23.222     0.63    1.49
 -90325.329    23.236     0.05    1.52
 -90038.283    23.486     0.87    1.44
 -89751.221    23.634     0.52    1.47
 -89464.144    23.806     0.60    1.43
 -89177.051    23.907     0.35    1.34
 -88889.943    23.832    -0.26    1.36
 -88602.818    23.866     0.12    1.29
 -88315.678    23.869     0.01    1.42
 -88028.522    23.766    -0.36    1.39
 -87741.350    23.939     0.60    1.53
 -87454.162    24.021     0.29    1.77
 -87166.959    24.115     0.33    2.02
 -86879.739    24.345     0.80    2.09
 -86592.504    24.351     0.02    2.10
 -86305.253    24.650     1.04    1.93
 -86017.987    24.751     0.35    1.86
 -85730.704    24.619    -0.46    1.75
 -85443.406    24.621     0.01    1.59
 -85156.092    24.619    -0.01    1.48
 -84868.762    24.524    -0.33    1.89
 -84581.416    24.634     0.38    1.96
 -84294.054    24.666     0.11    2.00
 -84006.677    24.707     0.14    1.93
 -83719.283    24.707     0.00    2.33
 -83431.874    24.472    -0.82    2.19
 -83144.449    24.721     0.87    2.88
 -82857.008    24.986     0.92    2.96
 -82569.552    25.270     0.99    2.81
 -82282.079    25.432     0.56    2.78
 -81994.591    25.104    -1.14    1.80
 -81707.086    25.078    -0.09    1.66
 -81419.566    25.207     0.45    1.58
 -81132.030    25.280     0.26    1.56
 -80844.478    25.378     0.34    1.51
 -80556.911    25.516     0.48    1.47
 -80269.327    25.493    -0.08    1.40
 -79981.728    25.837     1.20    1.42
 -79694.112    26.036     0.69    1.54
 -79406.481    26.107     0.25    1.49
 -79118.834    26.040    -0.23    1.56
 -78831.171    26.148     0.37    1.80
 -78543.492    25.921    -0.79    1.82
 -78255.797    25.854    -0.23    1.86
 -77968.086    25.593    -0.91    2.09
 -77680.360    25.421    -0.60    2.01
 -77392.617    25.323    -0.34    1.94
 -77104.859    25.144    -0.62    1.79
 -76817.084    25.171     0.09    1.57
 -76529.294    25.295     0.43    1.64
 -76241.488    25.421     0.44    1.65
 -75953.666    25.589     0.58    1.60
 -75665.828    25.735     0.51    1.87
 -75377.974    25.678    -0.20    1.88
 -75090.104    25.666    -0.04    1.79
 -74802.218    25.721     0.19    1.77
 -74514.316    25.562    -0.55    1.52
 -74226.399    25.619     0.20    1.44
 -73938.465    25.407    -0.74    1.56
 -73650.515    25.016    -1.36    1.82
 -73362.550    23.964    -3.65    2.80
 -73074.568    22.778    -4.12    3.56
 -72786.571    21.090    -5.86    4.18
 -72498.557    19.164    -6.69    4.27
 -72210.528    17.461    -5.91    3.77
 -71922.482    15.972    -5.17    2.91
 -71634.421    15.021    -3.30    1.99
 -71346.344    14.486    -1.86    1.55
 -71058.250    14.507     0.07    1.86
 -70770.141    14.993     1.69    2.22
 -70482.016    15.450     1.59    2.45
 -70193.875    16.493     3.62    2.46
 -69905.717    17.519     3.56    2.68
 -69617.544    18.986     5.09    2.74
 -69329.355    20.107     3.89    2.39
 -69041.150    20.780     2.34    2.13
 -68752.929    21.707     3.21    1.86
 -68464.691    22.439     2.54    1.50
 -68176.438    22.871     1.50    1.37
 -67888.169    23.228     1.24    1.17
 -67599.883    23.403     0.61    0.94
 -67311.582    23.486     0.29    1.05
 -67023.265    23.521     0.12    1.08
 -66734.932    23.325    -0.68    1.29
 -66446.582    23.093    -0.80    1.40
 -66158.217    22.932    -0.56    1.55
 -65869.835    22.666    -0.92    1.65
 -65581.438    22.298    -1.27    1.78
 -65293.024    22.229    -0.24    1.75
 -65004.595    21.972    -0.89    1.83
 -64716.149    21.493    -1.66    1.88
 -64427.687    20.866    -2.17    1.75
 -64139.210    20.593    -0.95    1.75
 -63850.716    20.200    -1.36    1.65
 -63562.206    19.721    -1.66    1.72
 -63273.680    19.150    -1.98    1.51
 -62985.138    18.913    -0.82    1.61
 -62696.580    18.795    -0.41    1.82
 -62408.006    18.968     0.60    1.98
 -62119.416    19.258     1.00    1.99
 -61830.810    19.807     1.90    1.94
 -61542.187    20.193     1.34    1.86
 -61253.549    20.540     1.20    1.91
 -60964.894    20.778     0.82    1.83
 -60676.224    21.001     0.77    1.80
 -60387.537    20.986    -0.05    1.94
 -60098.834    21.140     0.53    1.78
 -59810.115    21.178     0.13    1.76
 -59521.380    21.278     0.35    1.72
 -59232.629    21.140    -0.48    1.73
 -58943.862    20.821    -1.10    2.05
 -58655.078    20.693    -0.45    2.02
 -58366.279    20.483    -0.73    2.17
 -58077.463    19.928    -1.92    2.26
 -57788.632    19.229    -2.42    2.32
 -57499.784    18.821    -1.41    2.23
 -57210.920    18.564    -0.89    2.14
 -56922.040    18.200    -1.26    2.08
 -56633.143    18.278     0.27    2.26
 -56344.231    18.084    -0.67    2.52
 -56055.302    17.968    -0.40    2.61
 -55766.358    18.075     0.37    2.43
 -55477.397    18.089     0.05    2.39
 -55188.420    18.397     1.07    2.30
 -54899.427    18.749     1.22    2.71
 -54610.417    19.355     2.10    2.77
 -54321.392    19.693     1.17    2.75
 -54032.350    20.869     4.07    4.83
 -53743.292    21.650     2.70    5.48
 -53454.218    21.795     0.50    5.54
 -53165.128    22.707     3.15    6.30
 -52876.022    23.636     3.22    7.57
 -52586.899    24.693     3.65    8.11
 -52297.760    25.439     2.58    8.46
 -52008.606    26.221     2.70    8.12
 -51719.434    27.280     3.66    7.70
 -51430.247    27.793     1.77    7.33
 -51141.044    28.692     3.11    6.60
 -50851.824    28.507    -0.64    5.09
 -50562.588    27.393    -3.85    4.24
 -50273.336    26.585    -2.79    4.07
 -49984.067    26.021    -1.95    4.23
 -49694.783    24.866    -3.99    3.42
 -49405.482    24.633    -0.81    3.38
 -49116.165    24.578    -0.19    3.44
 -48826.832    24.604     0.09    3.05
 -48537.482    24.893     1.00    2.88
 -48248.117    24.918     0.09    2.62
 -47958.735    24.570    -1.20    1.97
 -47669.336    25.059     1.69    2.30
 -47379.922    25.016    -0.15    2.42
 -47090.491    24.972    -0.15    2.59
 -46801.044    24.664    -1.06    2.26
 -46511.581    24.214    -1.55    2.01
 -46222.102    23.878    -1.16    1.62
 -45932.606    23.793    -0.30    1.55
 -45643.094    23.890     0.34    1.58
 -45353.566    24.050     0.55    1.54
 -45064.021    24.030    -0.07    1.58
 -44774.461    24.354     1.12    1.36
 -44484.883    24.236    -0.41    1.41
 -44195.290    24.235    -0.00    1.40
 -43905.681    24.115    -0.41    1.62
 -43616.055    24.078    -0.13    1.58
 -43326.412    24.193     0.39    1.28
 -43036.754    24.287     0.32    1.24
 -42747.079    24.119    -0.58    1.15
 -42457.388    24.178     0.20    1.11
 -42167.681    24.345     0.58    1.07
 -41877.957    24.411     0.23    0.99
 -41588.217    24.582     0.59    0.98
 -41298.461    24.635     0.18    0.95
 -41008.688    24.651     0.05    0.88
 -40718.899    24.795     0.50    0.91
 -40429.094    24.935     0.48    0.97
 -40139.272    24.928    -0.03    0.97
 -39849.434    24.907    -0.07    1.06
 -39559.580    24.907     0.00    1.15
 -39269.710    24.830    -0.26    1.26
 -38979.823    24.777    -0.18    1.35
 -38689.919    24.864     0.30    1.50
 -38400.000    24.795    -0.24    1.56
 -38110.064    24.850     0.19    1.52
 -37820.112    24.997     0.51    1.66
 -37530.143    25.017     0.07    1.70
 -37240.158    25.307     1.00    1.77
 -36951.473    25.290    -0.06    1.73
 -36664.937    25.007    -0.99    1.66
 -36378.384    25.075     0.24    1.70
 -36091.816    24.986    -0.31    1.63
 -35805.232    25.035     0.17    1.67
 -35518.631    25.016    -0.07    1.75
 -35232.015    25.164     0.52    1.77
 -34945.383    25.186     0.08    1.77
 -34658.735    25.008    -0.62    1.78
 -34372.071    24.735    -0.95    1.68
 -34085.391    24.605    -0.45    1.64
 -33798.696    24.398    -0.72    1.35
 -33511.984    24.250    -0.52    1.27
 -33225.256    23.924    -1.14    1.54
 -32938.513    23.256    -2.33    1.98
 -32651.753    22.425    -2.90    2.55
 -32364.978    21.179    -4.35    3.25
 -32078.186    20.064    -3.89    3.23
 -31791.379    19.538    -1.83    2.93
 -31504.556    18.722    -2.85    2.26
 -31217.716    18.560    -0.56    2.30
 -30930.861    18.765     0.71    2.52
 -30643.990    19.339     2.00    3.02
 -30357.103    20.862     5.31    2.58
 -30070.199    21.636     2.70    2.50
 -29783.280    22.524     3.09    2.30
 -29496.345    23.298     2.70    2.12
 -29209.394    24.007     2.47    1.68
 -28922.427    24.722     2.49    2.08
 -28635.444    25.244     1.82    2.15
 -28348.445    24.104    -3.97    5.95
 -28061.430    22.552    -5.41    8.76
 -27774.399    21.493    -3.69   10.15
 -27487.352    19.637    -6.46   11.60
 -27200.289    18.087    -5.40   12.24
 -26913.210    16.115    -6.87   12.75
 -26626.115    13.939    -7.58   12.93
 -26339.003    13.501    -1.52   12.82
 -26051.876    12.148    -4.71   12.43
 -25764.733    10.866    -4.46   11.95
 -25477.574    10.932     0.23   11.90
 -25190.399    10.433    -1.74   11.83
 -24903.208     9.467    -3.36   11.71
 -24616.000     8.678    -2.75   11.62
 -24328.777     8.316    -1.26   11.59
 -24041.538     7.993    -1.12   11.73
 -23754.282     7.442    -1.92   11.47
 -23467.011     6.207    -4.30   10.73
 -23179.724     6.129    -0.27   10.55
 -22892.420     6.200     0.25   10.93
 -22605.100     5.507    -2.41   10.75
 -22317.765     5.580     0.25   10.85
 -22030.413     5.150    -1.50   11.13
 -21743.045     5.135    -0.05   11.44
 -21455.662     4.325    -2.82   10.91
 -21168.262     2.519    -6.28    9.05
 -20880.846     2.093    -1.48    8.25
 -20593.414     1.318    -2.69    7.17
 -20305.966     0.793    -1.83    6.58
 -20018.501     1.411     2.15    7.65
 -19731.021     0.893    -1.80    6.71
 -19443.525     0.516    -1.31    5.41
 -19156.012     1.339     2.86    6.72
 -18868.484     0.766    -1.99    3.53
 -18580.939     1.475     2.47    3.71
 -18293.378     2.298     2.86    3.83
 -18005.801     3.093     2.76    3.93
 -17718.208     3.383     1.01    3.76
 -17430.599     3.446     0.22    3.32
 -17142.974     3.663     0.75    3.13
 -16855.332     3.779     0.41    2.99
 -16567.675     4.075     1.03    2.70
 -16280.001     4.185     0.38    2.42
 -15992.312     4.411     0.79    2.01
 -15704.606     4.115    -1.03    1.81
 -15416.884     3.397    -2.50    2.33
 -15129.146     2.665    -2.55    2.67
 -14841.391     1.942    -2.51    2.96
 -14553.621     0.913    -3.58    2.61
 -14265.834     0.633    -0.97    2.85
 -13978.031     0.663     0.10    3.29
 -13690.213     1.073     1.42    3.65
 -13402.377     2.063     3.44    3.95
 -13114.526     2.848     2.73    3.94
 -12826.659     3.778     3.23    3.75
 -12538.775     4.721     3.28    3.13
 -12250.876     4.993     0.94    2.81
 -11962.960     5.236     0.85    2.40
 -11675.028     5.075    -0.56    2.42
 -11387.079     4.777    -1.03    2.50
 -11099.115     4.545    -0.81    2.67
 -10811.134     4.335    -0.73    2.51
 -10523.137     4.298    -0.13    2.38
 -10235.124     3.953    -1.20    2.12
  -9947.095     3.950    -0.01    2.11
  -9659.050     4.119     0.59    2.01
  -9370.988     3.779    -1.18    2.52
  -9082.910     3.393    -1.34    2.86
  -8794.816     3.269    -0.43    2.79
  -8506.706     3.150    -0.41    2.99
  -8218.579     2.932    -0.75    2.78
  -7930.437     2.921    -0.04    2.76
  -7642.278     3.575     2.27    2.80
  -7354.103     3.972     1.38    2.37
  -7065.911     4.030     0.20    2.09
  -6777.704     3.876    -0.54    2.24
  -6489.480     3.707    -0.59    2.25
  -6201.240     3.524    -0.64    2.31
  -5912.983     3.313    -0.73    2.33
  -5624.711     2.864    -1.56    2.52
  -5336.422     2.457    -1.41    2.70
  -5048.117     1.854    -2.09    2.81
  -4759.795     1.339    -1.79    2.79
  -4471.458     0.904    -1.51    2.94
  -4183.104     0.650    -0.88    3.11
  -3894.734     1.110     1.59    4.44
  -3606.347     1.284     0.61    4.72
  -3317.944     1.608     1.12    6.13
  -3029.525     1.604    -0.02    7.39
  -2741.090     2.193     2.04    8.65
  -2452.639     1.898    -1.02    8.83
  -2164.171     1.307    -2.05    7.97
  -1875.687     1.335     0.10    8.00
  -1587.186     0.531    -2.79    5.62
  -1298.670     0.284    -0.86    4.94
  -1010.137     0.388     0.36    4.47
   -721.587     0.604     0.75    4.40
   -433.022     0.807     0.70    4.21
   -144.440     0.560    -0.86    3.27
    144.159     0.978     1.45    3.55
    432.773     0.834    -0.50    3.35
    721.404     0.474    -1.25    3.15
   1010.051     0.355    -0.41    3.06
   1298.715     0.634     0.97    3.40
   1587.395     1.030     1.37    3.41
   1876.091     1.330     1.04    3.31
   2164.803     1.562     0.80    3.17
   2453.532     2.073     1.77    3.09
   2742.277     2.290     0.75    2.78
   3031.039     2.538     0.86    2.63
   3319.817     2.453    -0.29    2.39
   3608.611     2.493     0.14    2.18
   3897.422     2.369    -0.43    2.06
   4186.249     2.374     0.02    1.98
   4475.092     2.236    -0.48    1.98
   4763.952     2.207    -0.10    1.80
   5052.828     2.087    -0.41    2.10
   5341.720     2.164     0.27    2.38
   5630.629     2.017    -0.51    2.56
   5919.554     2.045     0.10    2.71
   6208.496     1.780    -0.92    2.84
   6497.454     1.648    -0.46    2.87
   6786.428     1.293    -1.23    2.91
   7075.419     0.835    -1.58    2.81
   7364.426     0.450    -1.33    2.55
   7653.450     0.135    -1.09    2.45
   7942.490    -0.308    -1.53    1.88
   8231.546    -0.626    -1.10    1.69
   8520.619    -0.970    -1.19    1.24
   8809.708    -1.072    -0.36    1.10
   9098.814    -1.165    -0.32    0.96
   9387.936    -1.293    -0.44    0.00
   9677.074    -1.293     0.00    0.00
   9966.229    -1.293     0.00    0.00
  10255.400    -1.293     0.00    0.00
  10544.588    -1.293     0.00    0.00
  10833.792    -1.293     0.00    0.00
  11123.013    -1.293     0.00    0.00
  11412.250    -0.842     1.56    1.68
  11701.503    -0.589     0.88    2.10
  11990.773     0.193     2.70    3.93
  12280.060     0.636     1.53    4.53
  12569.363     1.651     3.51    6.18
  12858.682     1.942     1.01    6.16
  13148.018     2.989     3.62    7.57
  13437.370     3.325     1.16    7.96
  13726.739     4.150     2.85    8.64
  14016.124     5.566     4.89    9.69
  14305.525     6.761     4.13   10.73
  14594.944     6.890     0.45   10.46
  14884.378     8.026     3.92   10.48
  15173.829     8.266     0.83    9.94
  15463.297     8.820     1.91    9.57
  15752.781     8.968     0.51    9.35
  16042.282     8.960    -0.03    8.65
  16331.799     9.471     1.76    8.75
  16621.332    10.059     2.03    9.02
  16910.882    11.507     5.00    9.27
  17200.449    12.750     4.29    9.76
  17490.032    13.986     4.27    9.76
  17779.632    14.751     2.64    9.92
  18069.248    16.388     5.65    9.07
  18358.881    16.664     0.95    8.60
  18648.530    15.777    -3.06    8.25
  18938.195    15.250    -1.82    7.50
  19227.878    14.580    -2.31    6.14
  19517.577    13.435    -3.95    5.31
  19807.292    13.178    -0.89    3.91
  20097.024    13.200     0.08    3.23
  20386.772    14.235     3.57    2.90
  20676.537    15.351     3.85    3.28
  20966.319    16.493     3.94    3.02
  21256.117    17.776     4.43    3.17
  21545.932    18.950     4.05    3.07
  21835.763    19.850     3.11    2.80
  22125.611    20.620     2.66    2.78
  22415.475    20.854     0.81    2.53
  22705.356    21.290     1.51    2.17
  22995.253    21.397     0.37    1.90
  23285.167    21.425     0.10    1.81
  23575.098    21.608     0.63    1.71
  23865.045    21.751     0.49    1.64
  24155.009    22.030     0.96    1.72
  24444.990    22.417     1.33    1.78
  24734.987    22.935     1.79    1.74
  25025.000    23.552     2.13    1.60
  25311.837    23.835     0.99    1.53
  25598.341    24.282     1.56    1.29
  25884.861    24.665     1.34    1.38
  26171.397    24.895     0.80    1.37
  26457.949    25.222     1.14    1.23
  26744.518    25.307     0.30    1.30
  27031.102    25.374     0.23    1.35
  27317.703    25.464     0.32    1.32
  27604.320    25.482     0.06    1.19
  27890.953    25.501     0.07    1.24
  28177.602    25.439    -0.22    1.16
  28464.268    25.355    -0.29    1.03
  28750.949    25.354    -0.00    1.03
  29037.647    25.442     0.31    1.03
  29324.360    25.417    -0.09    1.04
  29611.090    25.378    -0.14    1.05
  29897.837    25.221    -0.55    1.05
  30184.599    25.144    -0.27    1.12
  30471.377    24.918    -0.79    1.30
  30758.172    24.594    -1.13    1.50
  31044.983    24.243    -1.22    1.68
  31331.810    23.519    -2.53    2.14
  31618.653    23.178    -1.19    2.17
  31905.513    22.589    -2.05    2.38
  32192.389    21.850    -2.58    2.64
  32479.280    21.298    -1.92    2.72
  32766.189    20.342    -3.33    2.74
  33053.113    19.679    -2.31    2.51
  33340.053    18.907    -2.69    2.42
  33627.010    18.354    -1.93    1.91
  33913.983    18.364     0.04    1.78
  34200.972    18.678     1.09    1.86
  34487.977    19.621     3.29    2.39
  34774.999    20.887     4.41    2.87
  35062.037    22.227     4.67    3.00
  35349.091    23.665     5.01    2.90
  35636.161    24.887     4.26    2.65
  35923.248    26.021     3.95    2.02
  36210.351    26.779     2.64    1.44
  36497.470    27.069     1.01    1.11
  36784.605    27.222     0.53    0.87
  37071.757    27.096    -0.44    1.09
  37358.924    27.007    -0.31    1.42
  37646.108    26.887    -0.42    1.46
  37933.309    26.806    -0.29    1.47
  38220.525    26.820     0.05    1.50
  38507.758    26.997     0.62    1.71
  38795.007    27.073     0.27    1.49
  39082.273    27.369     1.03    1.51
  39369.555    27.721     1.23    1.48
  39656.853    27.929     0.72    1.49
  39944.167    28.085     0.54    1.52
  40231.497    28.193     0.37    1.24
  40518.844    28.425     0.81    1.19
  40806.207    28.374    -0.18    1.20
  41093.587    28.535     0.56    1.27
  41380.983    28.751     0.75    1.31
  41668.395    28.869     0.41    1.43
  41955.823    29.594     2.52    1.73
  42243.268    30.059     1.62    1.75
  42530.729    30.566     1.76    1.86
  42818.206    30.946     1.32    1.79
  43105.700    31.435     1.70    1.85
  43393.210    31.663     0.79    1.69
  43680.736    32.040     1.31    1.63
  43968.279    32.280     0.84    1.62
  44255.838    32.535     0.89    1.60
  44543.413    32.932     1.38    1.64
  44831.005    33.323     1.36    1.52
  45118.613    33.496     0.60    1.54
  45406.237    33.777     0.98    1.64
  45693.878    33.750    -0.09    1.50
  45981.535    33.850     0.35    1.63
  46269.208    34.030     0.63    1.63
  46556.898    34.069     0.13    1.58
  46844.604    34.443     1.30    1.64
  47132.327    34.529     0.30    1.60
  47420.066    34.721     0.67    1.48
  47707.821    35.096     1.30    1.71
  47995.593    35.093    -0.01    1.70
  48283.381    35.293     0.69    1.84
  48571.185    35.519     0.78    1.79
  48859.006    35.369    -0.52    1.90
  49146.843    35.304    -0.22    2.07
  49434.697    35.035    -0.93    2.30
  49722.567    34.790    -0.85    2.48
  50010.453    34.415    -1.30    2.68
  50298.356    33.820    -2.07    2.79
  50586.275    32.808    -3.51    3.14
  50874.211    32.393    -1.44    3.69
  51162.163    31.869    -1.82    3.70
  51450.131    31.821    -0.16    3.45
  51738.116    32.332     1.77    3.48
  52026.118    32.356     0.08    3.20
  52314.135    32.552     0.68    3.34
  52602.170    32.850     1.03    3.53
  52890.220    32.736    -0.39    4.34
  53178.287    32.031    -2.45    5.02
  53466.371    31.016    -3.52    5.11
  53754.471    29.021    -6.92    4.92
  54042.587    27.566    -5.05    4.31
  54330.720    26.360    -4.19    3.50
  54618.869    25.321    -3.60    2.36
  54907.035    24.830    -1.70    1.54
  55195.217    25.089     0.90    1.70
  55483.416    25.794     2.44    2.11
  55771.631    26.435     2.23    2.37
  56059.863    27.030     2.06    2.49
  56348.111    27.985     3.31    2.60
  56636.376    28.921     3.25    2.61
  56924.657    30.214     4.48    2.61
  57212.954    31.304     3.78    2.70
  57501.268    32.507     4.17    2.75
  57789.599    34.045     5.34    2.73
  58077.946    35.350     4.52    2.88
  58366.310    36.490     3.95    2.93
  58654.690    38.101     5.59    3.07
  58943.086    39.318     4.22    2.94
  59231.499    40.186     3.01    2.57
  59519.929    41.059     3.03    2.03
  59808.375    41.878     2.84    1.79
  60096.838    42.619     2.57    1.48
  60385.317    43.064     1.54    1.38
  60673.812    43.280     0.75    1.50
  60962.325    43.866     2.03    1.58
  61250.853    44.439     1.99    1.59
  61539.399    45.031     2.05    1.46
  61827.960    45.355     1.12    1.35
  62116.539    45.735     1.32    1.34
  62405.134    46.222     1.68    1.39
  62693.745    46.266     0.15    1.32
  62982.373    46.264    -0.01    1.33
  63271.018    46.242    -0.08    1.39
  63559.679    46.064    -0.62    1.50
  63848.356    45.964    -0.35    1.64
  64137.051    45.582    -1.32    1.63
  64425.762    45.301    -0.97    1.50
  64714.489    45.243    -0.20    1.39
  65003.233    45.413     0.59    1.50
  65291.993    45.620     0.72    1.53
  65580.771    45.864     0.85    1.53
  65869.564    46.227     1.26    1.54
  66158.375    46.707     1.66    1.42
  66447.202    47.270     1.95    1.24
  66736.045    47.608     1.17    1.12
  67024.905    47.735     0.44    1.17
  67313.782    47.825     0.31    1.28
  67602.675    47.765    -0.21    1.32
  67891.585    47.596    -0.59    1.34
  68180.512    47.499    -0.34    1.27
  68469.455    47.393    -0.37    1.30
  68758.415    47.026    -1.27    1.40
  69047.391    46.621    -1.40    1.59
  69336.384    46.345    -0.96    1.64
  69625.394    46.321    -0.08    1.63
  69914.420    46.119    -0.70    1.66
  70203.463    46.129     0.04    1.50
  70492.522    46.150     0.07    1.38
  70781.599    46.063    -0.30    1.17
  71070.691    45.721    -1.18    1.43
  71359.801    44.834    -3.07    2.15
  71648.927    43.678    -4.00    2.59
  71938.070    42.932    -2.58    2.73
  72227.230    42.266    -2.31    2.68
  72516.406    41.256    -3.49    3.16
  72805.598    40.679    -2.00    3.14
  73094.808    40.558    -0.42    3.05
  73384.034    40.777     0.76    2.88
  73673.277    41.193     1.44    2.69
  73962.537    41.428     0.81    2.43
  74251.813    41.564     0.47    2.32
  74541.106    41.825     0.90    2.52
  74830.415    41.510    -1.09    2.91
  75119.742    40.355    -3.99    3.59
  75409.085    39.355    -3.46    3.61
  75698.444    38.270    -3.75    3.48
  75987.821    37.242    -3.55    3.10
  76277.214    36.545    -2.41    3.14
  76566.624    35.178    -4.73    3.61
  76856.050    34.821    -1.23    4.40
  77145.493    33.918    -3.12    4.47
  77434.953    32.918    -3.45    4.32
  77724.430    32.172    -2.58    4.18
  78013.923    31.665    -1.75    3.77
  78303.434    31.163    -1.73    2.97
  78592.961    31.622     1.59    2.70
  78882.504    32.472     2.93    3.26
  79172.065    34.050     5.45    4.16
  79461.642    35.256     4.17    4.44
  79751.236    36.937     5.80    4.36
  80040.846    38.707     6.11    4.16
  80330.474    39.993     4.44    3.89
  80620.118    41.163     4.04    3.46
  80909.779    41.749     2.02    3.57
  81199.456    42.119     1.28    3.52
  81489.151    43.228     3.83    4.05
  81778.862    44.054     2.85    4.09
  82068.590    44.762     2.44    3.87
  82358.335    44.978     0.75    3.45
  82648.096    45.276     1.03    3.13
  82937.875    45.339     0.22    2.60
  83227.670    45.750     1.42    2.73
  83517.482    45.693    -0.20    2.93
  83807.311    45.750     0.20    2.87
  84097.156    45.596    -0.53    2.88
  84387.019    45.750     0.53    2.72
  84676.898    46.073     1.12    2.50
  84966.794    46.144     0.24    2.39
  85256.706    45.968    -0.61    2.60
  85546.636    46.354     1.33    2.75
  85836.582    46.650     1.02    2.81
  86126.546    46.834     0.63    2.60
  86416.526    47.031     0.68    2.30
  86706.523    47.255     0.77    2.27
  86996.536    47.397     0.49    2.25
  87285.079    47.593     0.68    2.13
  87571.539    47.578    -0.05    2.12
  87858.016    47.663     0.29    2.03
  88144.509    48.350     2.40    2.19
  88431.018    48.524     0.61    2.47
  88717.544    48.443    -0.28    2.66
  89004.086    48.341    -0.36    2.77
  89290.644    48.387     0.16    2.77
  89577.219    48.530     0.50    2.54
  89863.811    48.779     0.87    2.26
  90150.418    49.113     1.16    2.22
  90437.042    49.869     2.64    2.30
  90723.682    50.411     1.89    2.01
  91010.339    50.510     0.34    1.79
  91297.012    50.834     1.13    1.56
  91583.702    50.862     0.10    1.40
  91870.408    50.778    -0.29    1.42
  92157.130    50.806     0.09    1.41
  92443.869    50.607    -0.69    1.45
  92730.624    50.545    -0.22    1.50
  93017.395    50.736     0.67    1.69
  93304.183    50.679    -0.20    1.85
  93590.988    50.763     0.29    1.84
  93877.809    50.678    -0.30    1.83
  94164.646    50.564    -0.40    1.94
  94451.499    50.355    -0.73    1.99
  94738.369    50.186    -0.59    1.99
  95025.256    49.736    -1.57    1.85
  95312.159    49.383    -1.23    1.90
  95599.078    49.144    -0.84    1.88
  95886.014    48.982    -0.56    1.88
  96172.966    48.893    -0.31    2.43
  96459.935    48.929     0.13    3.24
  96746.920    48.425    -1.76    3.42
  97033.922    47.876    -1.91    2.80
  97320.940    47.383    -1.72    2.18
  97607.974    46.810    -2.00    1.75
  97895.025    46.530    -0.97    1.93
  98182.093    46.278    -0.88    1.95
  98469.177    46.087    -0.67    1.74
  98756.277    45.820    -0.93    1.79
  99043.394    45.335    -1.69    1.72
  99330.527    44.912    -1.47    1.67
  99617.677    44.507    -1.41    1.75
  99904.843    44.403    -0.36    1.72
 100192.026    44.251    -0.53    1.73
 100479.226    43.960    -1.01    1.82
 100766.441    43.986     0.09    2.01
 101053.674    43.946    -0.14    2.09
 101340.923    44.087     0.49    2.18
 101628.188    44.158     0.25    2.14
 101915.470    44.045    -0.39    2.18
 102202.768    43.960    -0.29    2.12
 102490.083    44.084     0.43    2.01
 102777.414    43.619    -1.62    1.69
 103064.762    43.578    -0.14    1.55
 103352.127    43.383    -0.68    1.49
 103639.508    43.137    -0.85    1.55
 103926.905    42.926    -0.74    1.54
 104214.319    43.036     0.38    1.55
 104501.750    43.035    -0.00    1.58
 104789.197    43.341     1.06    1.72
 105076.661    43.854     1.79    2.06
 105364.141    44.547     2.41    2.83
 105651.638    45.778     4.28    3.47
 105939.151    46.736     3.33    3.88
 106226.681    46.943     0.72    3.82
 106514.227    46.594    -1.21    3.40
 106801.790    45.953    -2.23    3.02
 107089.370    45.693    -0.91    2.57
 107376.966    45.450    -0.85    1.85
 107664.579    45.457     0.02    1.58
 107952.208    45.777     1.11    1.46
 108239.854    45.935     0.55    1.50
 108527.517    46.293     1.24    1.47
 108815.196    46.515     0.77    1.51
 109102.892    46.932     1.45    1.39
 109390.604    46.975     0.15    1.52
 109678.333    46.890    -0.29    1.73
 109966.078    46.825    -0.23    1.82
 110253.841    46.575    -0.87    1.90
 110541.619    46.750     0.61    1.94
 110829.415    47.045     1.03    1.97
 111117.227    47.478     1.51    2.17
 111405.055    48.007     1.84    2.09
 111692.900    48.401     1.37    1.94
 111980.762    48.607     0.71    1.70
 112268.641    48.993     1.34    1.95
 112556.536    49.045     0.18    1.98
 112844.448    48.878    -0.58    2.27
 113132.376    48.821    -0.20    2.63
 113420.321    48.482    -1.18    2.85
 113708.283    47.907    -2.00    2.82
 113996.261    47.535    -1.29    2.65
 114284.256    47.369    -0.58    2.41
 114572.268    47.496     0.44    2.12
 114860.296    47.678     0.63    1.88
 115148.341    48.295     2.14    2.35
 115436.403    49.186     3.09    2.40
 115724.481    50.087     3.13    2.17
 116012.576    50.848     2.64    2.21
 116300.688    51.282     1.51    2.28
 116588.816    51.471     0.65    2.24
 116876.961    51.478     0.03    1.88
 117165.123    51.407    -0.25    1.71
 117453.302    51.619     0.73    1.63
 117741.497    51.721     0.36    1.77
 118029.709    51.637    -0.29    1.76
 118317.937    51.611    -0.09    1.68
 118606.182    51.464    -0.51    1.66
 118894.444    51.276    -0.65    1.91
 119182.723    50.850    -1.48    2.29
 119471.019    50.200    -2.26    2.63
 119759.331    49.921    -0.97    2.54
 120047.660    49.516    -1.41    2.36
 120336.005    49.679     0.57    2.06
 120624.367    49.763     0.29    1.92
 120912.746    50.058     1.02    1.79
 121201.142    50.566     1.76    1.81
 121489.555    51.178     2.12    1.92
 121777.984    52.163     3.41    1.57
 122066.430    52.665     1.74    1.34
 122354.893    53.055     1.35    1.41
 122643.372    53.364     1.07    1.26
 122931.869    53.526     0.56    1.25
 123220.382    53.554     0.10    1.27
 123508.911    53.313    -0.84    1.34
 123797.458    53.012    -1.04    1.53
 124086.021    52.564    -1.55    1.80
 124374.602    52.127    -1.51    1.94
 124663.198    51.890    -0.82    2.02
 124951.812    51.604    -0.99    2.31
 125240.443    50.735    -3.01    2.55
 125529.090    50.059    -2.34    2.93
 125817.754    49.058    -3.47    3.52
 126106.435    48.374    -2.37    3.86
 126395.132    47.707    -2.31    3.99
 126683.847    47.016    -2.39    3.67
 126972.578    46.568    -1.55    3.55
 127261.326    46.243    -1.13    3.57
 127550.091    46.250     0.02    3.43
 127838.873    46.298     0.17    3.23
 128127.671    45.878    -1.45    3.23
 128416.487    45.401    -1.65    3.33
 128705.319    44.946    -1.58    3.62
 128994.168    44.243    -2.43    3.62
 129283.034    43.442    -2.77    3.56
 129571.916    42.464    -3.39    3.61
 129860.816    41.721    -2.57    3.59
 130149.732    41.397    -1.12    3.62
 130438.665    41.538     0.49    3.91
 130727.615    41.355    -0.63    4.21
 131016.582    41.313    -0.15    3.96
 131305.566    41.550     0.82    3.98
 131594.567    42.089     1.87    3.34
 131883.584    41.881    -0.72    3.24
 132172.619    41.298    -2.02    3.61
 132461.670    41.101    -0.68    4.38
 132750.738    40.510    -2.05    4.46
 133039.823    39.610    -3.11    4.77
 133328.925    38.298    -4.54    5.31
 133618.043    36.478    -6.30    5.79
 133907.179    34.749    -5.98    5.46
 134196.332    33.089    -5.74    4.33
 134485.501    31.321    -6.12    4.40
 134774.687    29.415    -6.59    5.12
 135063.891    27.910    -5.21    5.35
 135353.111    26.526    -4.78    5.51
 135642.348    25.031    -5.17    5.43
 135931.602    22.883    -7.43    5.40
 136220.873    21.172    -5.92    5.33
 136510.160    19.504    -5.77    4.59
 136799.465    18.017    -5.14    3.63
 137088.787    16.985    -3.57    2.58
 137378.125    16.777    -0.72    2.55
 137667.481    17.255     1.65    2.83
 137956.853    18.282     3.55    3.10
 138246.243    19.663     4.77    3.41
 138535.649    20.986     4.57    3.65
 138825.072    22.221     4.27    3.79
 139114.513    23.453     4.26    3.78
 139403.970    24.693     4.28    4.08
 139693.444    26.419     5.96    4.53
 139982.935    27.989     5.42    4.72
 140272.443    29.580     5.50    4.70
 140561.968    31.045     5.06    4.49
 140851.510    32.957     6.60    4.09
 141141.069    34.272     4.54    3.38
 141430.645    34.791     1.79    3.27
 141720.238    35.540     2.59    3.25
 142009.848    36.093     1.91    3.37
 142299.475    36.862     2.66    3.80
 142589.119    37.411     1.90    3.88
 142878.780    37.355    -0.19    3.39
 143168.458    37.554     0.69    3.36
 143458.153    37.457    -0.34    2.93
 143747.865    37.890     1.50    3.17
 144037.594    37.957     0.23    3.24
 144327.340    38.112     0.54    3.26
 144617.103    38.485     1.29    2.84
 144906.883    38.935     1.56    2.74
 145196.680    39.266     1.14    2.63
 145486.494    39.093    -0.60    2.94
 145776.325    38.978    -0.39    3.37
 146066.173    38.242    -2.54    4.58
 146356.038    37.443    -2.76    5.46
 146645.920    37.040    -1.39    5.73
 146935.819    36.538    -1.73    5.60
 147225.736    36.200    -1.17    5.18
 147515.669    36.316     0.40    4.85
 147805.620    36.295    -0.07    4.58
 148095.587    36.778     1.67    4.43
 148385.571    38.129     4.66    5.18
 148675.573    39.284     3.98    5.25
 148965.592    40.981     5.85    5.27
 149255.627    42.040     3.65    4.85
 149542.318    43.439     4.88    4.20
 149828.745    44.435     3.48    3.57
 150115.189    45.295     3.00    3.25
 150401.650    45.823     1.84    2.62
 150688.127    46.453     2.20    2.63
 150974.621    47.087     2.21    2.46
 151261.131    47.507     1.47    1.85
 151547.658    47.750     0.85    1.67
 151834.202    48.158     1.42    1.45
 152120.762    48.407     0.87    1.21
 152407.338    48.538     0.46    1.18
 152693.932    48.736     0.69    1.27
 152980.542    48.848     0.39    1.42
 153267.168    48.850     0.01    1.45
 153553.811    48.762    -0.30    1.49
 153840.471    48.693    -0.24    1.54
 154127.147    48.636    -0.20    1.44
 154413.840    48.679     0.15    1.41
 154700.550    48.665    -0.05    1.40
 154987.276    48.707     0.15    1.31
 155274.019    48.986     0.97    1.27
 155560.778    48.946    -0.14    1.36
 155847.554    48.907    -0.14    1.37
 156134.347    48.778    -0.45    1.44
 156421.157    48.665    -0.39    1.57
 156707.983    48.383    -0.98    1.58
 156994.825    48.207    -0.61    1.73
 157281.685    47.848    -1.25    1.73
 157568.561    47.692    -0.54    1.64
 157855.453    47.280    -1.44    1.66
 158142.363    46.793    -1.70    1.70
 158429.289    46.594    -0.69    1.82
 158716.231    46.540    -0.19    1.92
 159003.191    46.296    -0.85    1.96
 159290.167    46.415     0.42    1.87
 159577.160    46.228    -0.65    1.86
 159864.169    46.256     0.10    1.83
 160151.195    46.442     0.65    1.66
 160438.238    46.178    -0.92    1.65
 160725.297    46.193     0.05    1.58
 161012.374    45.989    -0.71    1.45
 161299.466    45.804    -0.64    1.65
 161586.576    45.721    -0.29    1.65
 161873.702    45.570    -0.52    1.62
 162160.845    45.651     0.28    1.64
 162448.005    45.596    -0.19    1.62
 162735.181    45.472    -0.43    1.85
 163022.375    45.142    -1.15    1.95
 163309.584    44.890    -0.88    2.24
 163596.811    45.026     0.47    2.29
 163884.054    45.262     0.82    2.31
 164171.315    45.524     0.91    2.01
 164458.591    45.680     0.54    1.92
 164745.885    46.242     1.96    1.57
 165033.195    46.635     1.37    1.58
 165320.522    46.648     0.04    1.73
 165607.866    46.096    -1.92    2.37
 165895.227    45.519    -2.01    2.82
 166182.604    45.178    -1.18    3.04
 166469.998    44.582    -2.08    3.01
 166757.409    44.045    -1.87    3.19
 167044.837    43.200    -2.94    3.06
 167332.281    42.276    -3.21    3.19
 167619.742    41.907    -1.29    3.49
 167907.220    40.795    -3.87    3.48
 168194.715    39.957    -2.92    3.17
 168482.227    39.407    -1.91    2.86
 168769.755    38.621    -2.73    2.57
 169057.300    37.860    -2.65    2.45
 169344.862    37.355    -1.76    2.48
 169632.441    36.665    -2.40    2.52
 169920.036    35.932    -2.55    2.34
 170207.649    35.461    -1.64    1.93
 170495.278    35.325    -0.47    1.74
 170782.924    35.735     1.43    1.93
 171070.586    36.298     1.96    1.89
 171358.266    36.834     1.86    2.20
 171645.962    37.269     1.51    1.96
 171933.676    37.467     0.69    2.09
 172221.406    37.679     0.73    1.95
 172509.153    37.978     1.04    2.06
 172796.916    38.325     1.20    2.01
 173084.697    38.707     1.33    2.09
 173372.495    39.121     1.44    2.35
 173660.309    39.580     1.59    2.26
 173948.140    40.003     1.47    2.21
 174235.988    40.474     1.64    2.18
 174523.853    40.975     1.74    2.10
 174811.735    41.622     2.25    2.12
 175099.633    42.425     2.79    2.24
 175387.549    43.295     3.02    2.15
 175675.481    44.200     3.14    1.95
 175963.430    44.540     1.18    1.91
 176251.396    45.284     2.58    2.13
 176539.379    46.059     2.69    2.05
 176827.379    46.665     2.11    2.07
 177115.396    47.270     2.10    2.05
 177403.430    48.235     3.35    2.84
 177691.480    49.457     4.24    3.80
 177979.548    50.222     2.66    3.52
 178267.632    50.907     2.38    3.68
 178555.733    51.415     1.76    3.67
 178843.851    52.031     2.14    3.96
 179131.987    51.904    -0.44    3.61
 179420.139    51.871    -0.11    2.85
 179708.307    52.031     0.55    2.76
 179996.493    51.693    -1.17    1.82
 180284.696    51.568    -0.43    1.32
 180572.916    51.530    -0.13    1.33
 180861.153    51.721     0.66    1.37
 181149.406    51.860     0.48    1.45
 181437.677    52.045     0.64    1.57
 181725.964    52.360     1.09    1.53
 182014.269    52.318    -0.14    1.55
 182302.590    52.354     0.12    1.37
 182590.928    52.241    -0.39    1.34
 182879.284    52.151    -0.31    1.33
 183167.656    52.178     0.09    1.35
 183456.045    51.929    -0.86    1.20
 183744.451    51.776    -0.53    1.09
 184032.874    51.774    -0.01    1.21
 184321.315    51.556    -0.76    1.19
 184609.772    51.482    -0.26    1.11
 184898.246    51.472    -0.03    1.13
 185186.737    51.374    -0.34    1.07
 185475.245    51.450     0.26    1.05
 185763.770    51.482     0.11    1.11
 186052.312    51.584     0.35    1.42
 186340.871    51.790     0.72    1.44
 186629.447    51.774    -0.05    1.43
 186918.041    51.625    -0.52    1.32
 187206.651    51.578    -0.16    1.30
 187495.278    51.751     0.60    1.30
 187783.922    51.637    -0.39    1.24
 188072.583    51.421    -0.75    1.08
 188361.261    51.397    -0.08    1.06
 188649.957    51.296    -0.35    1.07
 188938.669    51.214    -0.28    1.09
 189227.398    50.862    -1.22    1.21
 189516.144    50.665    -0.68    1.13
 189804.908    50.519    -0.51    1.18
 190093.688    50.251    -0.93    1.03
 190382.486    50.045    -0.71    1.05
 190671.300    49.848    -0.68    1.12
 190960.132    49.680    -0.58    1.13
 191248.981    49.568    -0.39    1.14
 191537.846    49.471    -0.34    1.29
 191826.729    49.369    -0.35    1.26
 192115.629    49.393     0.08    1.44
 192404.546    49.266    -0.44    1.50
 192693.480    49.200    -0.23    1.53
 192982.431    49.068    -0.46    1.55
 193271.399    48.804    -0.91    1.56
 193560.384    48.543    -0.91    1.55
 193849.387    48.337    -0.71    1.41
 194138.406    47.890    -1.55    1.34
 194427.443    47.519    -1.29    1.18
 194716.496    47.221    -1.03    1.29
 195005.567    46.968    -0.88    1.29
 195294.655    46.421    -1.89    1.23
 195583.760    46.118    -1.05    1.21
 195872.882    45.817    -1.04    1.31
 196162.021    45.721    -0.33    1.28
 196451.178    45.504    -0.75    1.29
 196740.351    45.200    -1.05    1.22
 197029.542    44.939    -0.90    1.23
 197318.750    44.907    -0.11    1.20
 197607.975    44.764    -0.49    1.11
 197897.217    44.721    -0.15    1.27
 198186.476    44.652    -0.24    1.30
 198475.752    44.680     0.09    1.24
 198765.046    44.582    -0.34    1.26
 199054.356    44.304    -0.96    1.33
 199343.684    43.972    -1.15    1.30
 199633.029    43.591    -1.32    1.24
 199922.391    43.510    -0.28    1.44
 200211.770    43.270    -0.83    1.40
 200501.167    43.064    -0.71    1.41
 200790.580    42.926    -0.48    1.56
 201080.011    42.637    -1.00    1.67
 201369.459    42.621    -0.06    1.92
 201658.925    42.144    -1.65    1.81
 201948.407    41.795    -1.20    1.81
 202237.907    41.364    -1.49    1.79
 202527.423    41.049    -1.09    1.87
 202816.957    40.734    -1.09    1.97
 203106.508    40.485    -0.86    1.92
 203396.077    40.200    -0.98    1.78
 203685.662    40.054    -0.50    1.70
 203975.265    40.026    -0.10    1.48
 204264.885    40.101     0.26    1.43
 204554.523    40.163     0.21    1.24
 204844.177    40.608     1.54    1.14
 205133.849    40.735     0.44    1.13
 205423.538    40.815     0.28    1.14
 205713.244    40.848     0.11    1.57
 206002.968    40.777    -0.24    1.58
 206292.708    40.692    -0.29    1.70
 206582.466    40.635    -0.20    1.73
 206872.241    40.806     0.59    2.28
 207162.034    40.721    -0.29    2.08
 207451.843    40.665    -0.19    2.10
 207741.670    40.364    -1.04    2.06
 208031.515    39.999    -1.26    2.15
 208321.376    39.496    -1.74    2.41
 208611.255    38.932    -1.94    2.26
 208901.151    38.545    -1.34    2.51
 209191.064    38.050    -1.71    2.60
 209480.995    37.429    -2.14    2.66
 209770.943    36.802    -2.17    2.60
 210060.908    36.378    -1.46    2.43
 210350.891    36.022    -1.23    1.97
 210640.890    36.068     0.16    2.06
 210930.907    35.978    -0.31    2.21
 211220.942    36.529     1.90    2.56
 211509.443    36.928     1.38    2.57
 211795.832    37.510     2.03    2.56
 212082.239    37.789     0.98    2.36
 212368.662    38.018     0.80    2.16
 212655.102    37.776    -0.84    2.14
 212941.559    37.474    -1.06    2.07
 213228.032    37.115    -1.25    1.61
 213514.522    36.864    -0.88    1.56
 213801.030    36.790    -0.26    1.69
 214087.554    36.692    -0.34    2.07
 214374.094    36.507    -0.65    2.68
 214660.652    35.899    -2.12    3.02
 214947.226    35.072    -2.89    3.23
 215233.818    34.179    -3.12    3.41
 215520.426    33.351    -2.89    3.43
 215807.051    32.624    -2.54    3.19
 216093.692    31.893    -2.55    1.42
 216380.351    31.926     0.12    1.38
 216667.026    32.280     1.24    1.33
 216953.719    32.978     2.43    1.88
 217240.428    33.638     2.30    1.95
 217527.154    34.234     2.08    2.09
 217813.897    34.610     1.31    2.01
 218100.656    35.008     1.39    1.86
 218387.433    35.457     1.56    1.83
 218674.226    35.921     1.62    1.76
 218961.037    36.096     0.61    1.65
 219247.864    36.398     1.05    1.70
 219534.708    36.649     0.87    1.40
 219821.569    37.036     1.35    1.47
 220108.447    37.531     1.73    1.60
 220395.341    37.899     1.28    1.60
 220682.253    38.227     1.15    1.56
 220969.182    38.383     0.54    1.40
 221256.127    38.635     0.88    1.37
 221543.089    38.651     0.06    1.37
 221830.068    38.663     0.04    1.33
 222117.065    38.535    -0.44    1.22
 222404.078    38.474    -0.21    1.24
 222691.107    38.447    -0.10    1.37
 222978.154    38.387    -0.21    1.36
 223265.218    38.515     0.44    1.36
 223552.299    38.651     0.47    1.67
 223839.396    38.907     0.89    1.88
 224126.511    38.985     0.27    1.88
 224413.643    39.119     0.47    2.01
 224700.791    39.178     0.21    1.95
 224987.956    39.104    -0.26    1.94
 225275.139    39.063    -0.14    1.78
 225562.338    38.943    -0.42    1.52
 225849.554    38.858    -0.30    1.52
 226136.787    38.932     0.26    1.34
 226424.038    38.707    -0.78    1.04
 226711.305    38.580    -0.44    0.97
 226998.589    38.575    -0.02    1.01
 227285.890    38.407    -0.58    0.94
 227573.208    38.274    -0.46    1.09
 227860.543    38.227    -0.16    1.07
 228147.895    38.026    -0.70    1.15
 228435.264    37.912    -0.40    1.30
 228722.650    37.834    -0.27    1.34
 229010.053    37.693    -0.49    1.39
 229297.473    37.566    -0.44    1.32
 229584.910    37.457    -0.38    1.19
 229872.364    37.467     0.04    1.18
 230159.835    37.572     0.36    1.32
 230447.323    37.762     0.66    1.38
 230734.828    37.818     0.20    1.37
 231022.350    37.981     0.57    1.29
 231309.889    37.960    -0.07    1.36
 231597.445    37.779    -0.63    1.35
 231885.018    38.012     0.81    2.48
 232172.608    37.910    -0.36    2.58
 232460.215    38.031     0.42    2.62
 232747.839    37.926    -0.36    2.67
 233035.481    38.022     0.33    2.63
 233323.139    37.734    -1.00    2.15
 233610.814    37.625    -0.38    1.50
 233898.506    37.510    -0.40    1.40
 234186.216    37.576     0.23    1.34
 234473.942    37.679     0.36    1.28
 234761.686    37.779     0.35    1.17
 235049.446    37.804     0.09    1.46
 235337.224    37.830     0.09    1.51
 235625.019    37.693    -0.48    1.31
 235912.831    37.748     0.19    1.30
 236200.660    37.829     0.28    1.30
 236488.506    37.820    -0.03    1.23
 236776.369    37.972     0.53    1.22
 237064.249    38.214     0.84    1.22
 237352.146    38.193    -0.07    1.25
 237640.060    38.510     1.10    1.36
 237927.992    38.638     0.45    1.29
 238215.940    38.679     0.14    1.21
 238503.906    38.789     0.38    1.00
 238791.889    38.844     0.19    0.99
 239079.889    38.907     0.22    0.97
 239367.906    38.736    -0.59    0.99
 239655.940    38.749     0.04    1.03
 239943.991    38.735    -0.05    1.06
 240232.060    38.820     0.29    1.19
 240520.145    38.953     0.46    1.18
 240808.248    39.137     0.64    1.24
 241096.367    39.241     0.36    1.21
 241384.504    39.270     0.10    1.24
 241672.658    39.482     0.73    1.28
 241960.830    39.707     0.78    1.74
 242249.018    39.762     0.19    1.65
 242537.224    39.918     0.54    1.72
 242825.446    39.832    -0.30    1.67
 243113.686    39.762    -0.24    1.72
 243401.943    39.749    -0.05    2.02
 243690.217    39.596    -0.53    1.90
 243978.509    39.510    -0.30    1.94
 244266.817    39.269    -0.84    2.08
 244555.143    38.913    -1.23    2.11
 244843.486    38.637    -0.96    2.19
 245131.846    38.526    -0.39    2.21
 245420.223    38.180    -1.20    1.74
 245708.618    37.862    -1.10    1.81
 245997.030    37.554    -1.07    1.78
 246285.458    37.296    -0.90    1.62
 246573.905    36.960    -1.16    1.74
 246862.368    36.858    -0.36    1.56
 247150.848    36.516    -1.19    1.58
 247439.346    36.012    -1.74    1.60
 247727.861    35.817    -0.68    1.62
 248016.393    35.856     0.14    2.20
 248304.943    35.526    -1.14    2.20
 248593.509    35.227    -1.04    2.22
 248882.093    34.946    -0.97    2.29
 249170.694    34.721    -0.78    2.20
 249459.313    34.433    -1.00    2.14
 249747.948    34.266    -0.58    2.12
 250036.601    33.985    -0.97    1.32
 250325.271    33.937    -0.17    1.35
 250613.959    34.031     0.33    1.41
 250902.663    34.207     0.61    1.49
 251191.385    34.227     0.07    1.53
 251480.124    34.576     1.21    1.39
 251768.881    34.547    -0.10    1.49
 252057.654    34.721     0.60    1.61
 252346.445    34.693    -0.10    1.72
 252635.254    34.693     0.00    1.54
 252924.079    34.680    -0.05    1.55
 253212.922    34.599    -0.28    1.49
 253501.782    34.554    -0.15    1.38
 253790.660    34.748     0.67    1.31
 254079.554    34.924     0.61    1.20
 254368.466    34.751    -0.60    1.24
 254657.396    34.762     0.04    1.29
 254946.342    34.749    -0.05    1.39
 255235.306    34.693    -0.20    1.40
 255524.288    34.512    -0.62    1.47
 255813.286    34.510    -0.01    1.41
 256102.302    34.453    -0.19    1.83
 256391.335    34.397    -0.19    1.83
 256680.386    34.330    -0.23    1.78
 256969.454    34.251    -0.27    1.73
 257258.539    34.110    -0.49    1.77
 257547.642    34.077    -0.11    1.82
 257836.762    34.180     0.36    1.83
 258125.899    33.926    -0.88    1.50
 258415.053    33.789    -0.47    1.63
 258704.225    33.852     0.22    2.56
 258993.415    33.844    -0.03    2.67
 259282.621    33.749    -0.33    2.69
 259571.846    33.560    -0.65    2.60
 259861.087    33.282    -0.96    2.45
 260150.346    33.110    -0.60    1.52
 260439.622    32.883    -0.79    1.56
 260728.916    32.721    -0.56    1.52
 261018.227    32.762     0.14    1.50
 261307.555    32.810     0.16    1.81
 261596.901    32.568    -0.84    1.84
 261886.264    32.392    -0.61    1.91
 262175.644    32.467     0.26    1.78
 262465.042    32.499     0.11    1.83
 262754.458    32.538     0.14    1.80
 263043.890    32.383    -0.54    1.77
 263333.341    32.582     0.69    1.83
 263622.808    32.832     0.86    2.32
 263912.293    32.942     0.38    2.34
 264201.796    32.707    -0.81    2.46
 264491.316    32.552    -0.54    2.15
 264780.853    32.538    -0.05    2.60
 265070.408    32.200    -1.17    2.76
 265359.980    31.680    -1.80    2.47
 265649.569    31.327    -1.22    2.45
 265939.176    30.950    -1.30    2.31
 266228.801    30.707    -0.84    2.16
 266518.443    30.310    -1.37    1.25
 266808.102    29.848    -1.60    1.33
 267097.779    29.788    -0.21    1.27
 267387.474    29.803     0.05    1.30
 267677.185    29.721    -0.28    1.33
 267966.915    29.653    -0.23    1.29
 268256.661    29.453    -0.69    1.34
 268546.426    29.374    -0.28    1.34
 268836.207    29.242    -0.45    1.52
 269126.007    28.978    -0.91    1.69
 269415.823    28.636    -1.18    1.68
 269705.658    28.378    -0.89    1.59
 269995.509    28.104    -0.95    1.64
 270285.378    27.860    -0.84    1.40
 270575.265    27.596    -0.91    1.33
 270865.169    27.493    -0.36    1.30
 271155.091    27.913     1.45    1.91
 271445.030    28.411     1.72    3.15
 271734.987    28.637     0.78    3.49
 272024.961    28.707     0.24    3.56
 272314.953    28.652    -0.19    3.51
 272604.963    28.540    -0.39    3.15
 272894.989    28.242    -1.03    2.74
 273185.034    28.118    -0.43    1.35
 273475.096    27.929    -0.65    1.20
 273761.742    27.839    -0.31    1.20
 274048.101    27.540    -1.04    1.21
 274334.477    27.556     0.06    1.25
 274620.870    27.585     0.10    1.33
 274907.281    27.485    -0.35    1.37
 275193.708    27.556     0.25    1.58
 275480.152    27.554    -0.01    1.58
 275766.613    27.453    -0.35    1.63
 276053.092    27.364    -0.31    1.55
 276339.587    27.266    -0.34    1.25
 276626.099    27.214    -0.18    1.33
 276912.629    27.031    -0.64    1.29
 277199.175    26.964    -0.24    1.30
 277485.739    26.985     0.07    1.32
 277772.319    27.008     0.08    1.33
 278058.917    27.087     0.28    1.41
 278345.531    26.835    -0.88    1.32
 278632.163    26.835     0.00    1.27
 278918.812    26.910     0.26    1.28
 279205.478    26.895    -0.05    1.34
 279492.161    26.912     0.06    1.30
 279778.861    26.860    -0.18    1.33
 280065.578    26.774    -0.30    1.24
 280352.312    26.803     0.10    1.29
 280639.063    26.871     0.24    1.28
 280925.831    27.179     1.07    1.44
 281212.617    27.242     0.22    1.35
 281499.419    27.137    -0.36    1.41
 281786.239    27.060    -0.27    1.38
 282073.075    27.228     0.59    1.48
 282359.929    27.337     0.38    1.42
 282646.800    27.315    -0.08    1.44
 282933.688    27.124    -0.67    1.51
 283220.593    26.953    -0.59    1.47
 283507.515    26.943    -0.04    1.42
 283794.455    26.844    -0.35    1.37
 284081.411    26.999     0.54    1.34
 284368.385    26.928    -0.25    1.36
 284655.376    27.129     0.70    1.70
 284942.384    27.090    -0.14    1.71
 285229.409    26.991    -0.35    1.76
 285516.451    26.981    -0.03    1.78
 285803.510    27.045     0.22    1.88
 286090.586    27.017    -0.10    1.77
 286377.680    26.665    -1.23    1.46
 286664.791    26.971     1.07    1.81
 286951.919    26.883    -0.30    1.88
 287239.064    26.707    -0.61    1.80
 287526.226    26.840     0.46    1.83
 287813.406    26.848     0.03    1.71
 288100.602    26.666    -0.63    1.79
 288387.816    26.406    -0.91    1.41
 288675.047    26.355    -0.18    1.33
 288962.295    26.121    -0.81    1.44
 289249.560    25.985    -0.48    1.74
 289536.843    25.821    -0.57    1.77
 289824.143    25.605    -0.75    1.80
 290111.460    25.554    -0.18    1.74
 290398.794    25.364    -0.66    1.80
 290686.145    25.180    -0.64    1.71
 290973.514    25.126    -0.19    1.60
 291260.900    24.967    -0.55    1.48
 291548.303    25.016     0.17    1.63
 291835.723    24.871    -0.50    1.57
 292123.160    24.860    -0.04    1.73
 292410.615    24.766    -0.33    1.69
 292698.087    24.460    -1.06    1.61
 292985.576    24.173    -1.00    1.57
 293273.082    24.112    -0.21    1.49
 293560.606    23.918    -0.68    1.57
 293848.147    23.762    -0.54    1.47
 294135.705    23.478    -0.99    1.34
 294423.280    23.521     0.15    1.33
 294710.873    23.531     0.03    1.26
 294998.483    23.403    -0.45    1.10
 295286.110    23.369    -0.12    1.43
 295573.754    23.173    -0.68    1.53
 295861.416    23.072    -0.35    1.34
 296149.095    22.858    -0.74    1.27
 296436.791    22.787    -0.25    1.26
 296724.505    22.679    -0.38    1.36
 297012.235    22.678    -0.00    1.91
 297299.983    22.410    -0.93    2.23
 297587.749    22.101    -1.07    2.26
 297875.531    21.860    -0.84    2.28
 298163.331    21.504    -1.24    2.30
 298451.149    21.118    -1.34    2.25
 298738.983    20.842    -0.96    2.47
 299026.835    20.474    -1.28    2.13
 299314.704    20.207    -0.93    1.82
 299602.591    20.075    -0.46    1.83
 299890.495    19.943    -0.46    1.77
 300178.416    19.901    -0.14    1.64
 300466.354    19.804    -0.34    1.31
 300754.310    19.776    -0.10    1.34
 301042.283    19.844     0.23    1.37
 301330.274    19.788    -0.19    1.48
 301618.282    19.679    -0.38    1.44
 301906.307    19.485    -0.68    1.33
 302194.350    19.280    -0.71    1.20
 302482.409    19.011    -0.93    1.23
 302770.487    19.144     0.46    1.40
 303058.581    19.298     0.54    1.35
 303346.693    19.425     0.44    1.40
 303634.823    19.584     0.55    1.38
 303922.969    19.862     0.97    1.79
 304211.133    20.172     1.08    1.65
 304499.315    20.496     1.12    1.62
 304787.514    20.475    -0.07    1.67
 305075.730    20.560     0.29    1.60
 305363.964    20.524    -0.13    1.69
 305652.215    20.374    -0.52    1.75
 305940.483    20.058    -1.09    1.41
 306228.769    19.953    -0.36    1.20
 306517.072    19.912    -0.14    1.17
 306805.393    19.981     0.24    1.24
 307093.731    20.227     0.86    1.20
 307382.086    20.419     0.67    1.16
 307670.459    20.530     0.39    1.08
 307958.849    20.582     0.18    1.19
 308247.257    20.625     0.15    1.21
 308535.682    20.626     0.00    1.27
 308824.125    20.680     0.19    1.28
 309112.585    20.639    -0.14    1.22
 309401.062    20.735     0.33    1.58
 309689.557    20.707    -0.10    1.64
 309978.069    20.957     0.87    1.74
 310266.599    21.069     0.39    2.09
 310555.146    20.624    -1.54    1.77
 310843.711    20.437    -0.65    1.71
 311132.293    20.329    -0.37    1.68
 311420.893    20.139    -0.66    1.69
 311709.510    19.923    -0.75    1.64
 311998.144    19.453    -1.63    1.23
 312286.796    19.192    -0.91    1.26
 312575.466    18.844    -1.21    1.36
 312864.153    18.637    -0.72    1.35
 313152.857    18.255    -1.33    1.35
 313441.579    17.871    -1.33    1.30
 313730.319    17.957     0.30    1.47
 314019.076    17.829    -0.44    1.60
 314307.850    17.529    -1.04    1.67
 314596.642    17.415    -0.39    1.85
 314885.452    17.030    -1.33    2.06
 315174.279    16.554    -1.65    2.09
 315463.123    16.207    -1.20    1.89
 315751.985    15.946    -0.90    1.62
 316040.865    15.950     0.01    1.62
 316329.762    15.858    -0.32    1.42
 316618.677    16.137     0.97    1.37
 316907.609    16.387     0.87    1.48
 317196.558    16.707     1.11    1.41
 317485.526    16.821     0.40    1.49
 317774.510    16.968     0.51    1.40
 318063.513    17.026     0.20    1.36
 318352.532    17.077     0.17    1.41
 318641.570    16.991    -0.30    1.45
 318930.625    17.099     0.37    1.25
 319219.697    17.159     0.21    1.19
 319508.788    17.163     0.01    1.14
 319797.895    17.063    -0.35    1.27
 320087.020    16.871    -0.66    1.44
 320376.163    16.692    -0.62    1.50
 320665.324    16.721     0.10    1.52
 320954.502    16.666    -0.19    1.61
 321243.697    16.720     0.19    1.59
 321532.910    16.762     0.14    1.72
 321822.141    16.885     0.43    1.80
 322111.390    17.200     1.09    1.61
 322400.656    17.307     0.37    1.55
 322689.939    17.554     0.85    1.42
 322979.240    17.594     0.14    1.37
 323268.559    17.485    -0.38    1.43
 323557.896    17.337    -0.51    1.33
 323847.250    17.151    -0.64    1.34
 324136.621    17.129    -0.08    1.32
 324426.011    16.960    -0.58    1.31
 324715.418    16.721    -0.83    1.39
 325004.842    16.648    -0.25    1.22
 325294.284    16.554    -0.32    1.21
 325583.744    16.419    -0.47    1.22
 325873.222    16.383    -0.13    1.23
 326162.717    16.276    -0.37    1.16
 326452.230    16.058    -0.75    1.14
 326741.760    16.068     0.03    1.09
 327031.308    16.137     0.24    1.16
 327320.874    16.234     0.33    1.24
 327610.458    16.388     0.53    1.27
 327900.059    16.820     1.49    1.36
 328189.677    17.200     1.31    1.28
 328479.314    17.329     0.44    1.26
 328768.968    17.499     0.59    1.17
 329058.640    17.667     0.58    1.17
 329348.330    17.777     0.38    1.20
 329638.037    17.839     0.21    1.08
 329927.762    17.940     0.35    1.31
 330217.504    18.096     0.54    1.21
 330507.265    18.568     1.63    1.52
 330797.043    18.626     0.20    1.58
 331086.839    18.611    -0.05    1.56
 331376.652    18.625     0.05    1.53
 331666.483    18.790     0.57    1.46
 331956.332    18.775    -0.05    1.46
 332246.199    18.663    -0.39    1.35
 332536.083    18.439    -0.77    1.13
 332825.986    18.329    -0.38    1.25
 333115.905    18.491     0.56    1.43
 333405.843    18.558     0.23    1.41
 333695.798    18.611     0.18    1.40
 333985.772    18.665     0.19    1.25
 334275.762    18.736     0.25    1.18
 334565.771    18.864     0.44    1.10
 334855.797    18.984     0.41    1.05
 335145.842    19.126     0.49    1.18
 335435.904    19.103    -0.08    1.18
 335724.438    19.197     0.33    1.17
 336010.752    19.294     0.34    1.22
